0 0.375889 0.721512 0.014006 0.007167
0 0.377337 0.617890 0.011435 0.006968
0 0.383306 0.487432 0.021294 0.006583
0 0.363088 0.373843 0.013796 0.006586
0 0.475828 0.430748 0.013760 0.006586
0 0.477345 0.502531 0.017508 0.006743
0 0.516651 0.553916 0.010554 0.006657
0 0.246859 0.617937 0.011026 0.006743
0 0.494078 0.640124 0.010953 0.006951
0 0.588703 0.640064 0.010750 0.006911
0 0.592521 0.490011 0.011497 0.006606
0 0.185734 0.779306 0.019146 0.006637
0 0.643460 0.365901 0.016091 0.007059
0 0.167789 0.399977 0.014304 0.006954
0 0.220922 0.450596 0.019309 0.006828
0 0.276136 0.323534 0.019220 0.006218
0 0.252099 0.564701 0.010677 0.006586
0 0.213850 0.564648 0.019307 0.006936
0 0.695839 0.218294 0.011465 0.005474
0 0.409246 0.923807 0.049124 0.016324
0 0.460629 0.923578 0.037800 0.016224
0 0.347510 0.944145 0.009071 0.006381
0 0.895968 0.041210 0.018493 0.008666
0 0.896217 0.690653 0.021388 0.008777
0 0.896774 0.748041 0.020314 0.008780
0 0.896019 0.775577 0.018602 0.008720
0 0.896435 0.802987 0.019301 0.008390
0 0.896027 0.829260 0.018602 0.008279
0 0.895892 0.855560 0.018602 0.008720
0 0.927544 0.867068 0.046947 0.009667
0 0.895912 0.884252 0.018090 0.008584
0 0.896605 0.911154 0.019363 0.008755
0 0.897048 0.939326 0.020814 0.008267
0 0.891763 0.576560 0.015523 0.005871
0 0.891916 0.609852 0.015523 0.005871
0 0.891769 0.642437 0.015523 0.005871
0 0.891769 0.675553 0.015523 0.005873
0 0.911976 0.555919 0.015521 0.005871
0 0.912138 0.589034 0.015523 0.005871
0 0.911922 0.622016 0.015523 0.005873
0 0.911850 0.655000 0.015523 0.005873
0 0.909345 0.581111 0.010566 0.005460
0 0.909410 0.613790 0.010566 0.005460
0 0.909412 0.647002 0.010566 0.005460
0 0.909470 0.680006 0.010566 0.005460