0 0.258750 0.546570 0.004926 0.005001
0 0.597439 0.523604 0.004497 0.004317
0 0.578055 0.580259 0.009863 0.004337
0 0.666029 0.392781 0.007000 0.004275
0 0.721026 0.536902 0.004473 0.004298
0 0.607785 0.580372 0.006970 0.004374
0 0.664888 0.523609 0.005549 0.004340
0 0.604736 0.458756 0.004733 0.004431
0 0.769187 0.536911 0.004487 0.004337
0 0.776672 0.481550 0.004660 0.004377
0 0.740262 0.466183 0.005678 0.004357
0 0.658848 0.453958 0.012966 0.004423
0 0.790636 0.339390 0.008835 0.004263
0 0.699186 0.580323 0.006968 0.004374
0 0.136408 0.588226 0.010371 0.005417
0 0.151340 0.533810 0.004928 0.005004
0 0.162876 0.588163 0.007933 0.004882
0 0.202665 0.424944 0.007933 0.004885
0 0.146412 0.447533 0.007933 0.004882
0 0.163896 0.488535 0.005015 0.004782
0 0.278602 0.483991 0.006262 0.005019
0 0.307367 0.499678 0.005017 0.004782
0 0.299194 0.546463 0.004928 0.005004
0 0.208722 0.590051 0.007933 0.004879
0 0.322472 0.360878 0.009212 0.005198
0 0.211211 0.546624 0.006073 0.005019
0 0.209931 0.464309 0.013371 0.004976
0 0.299077 0.756529 0.006359 0.005004
0 0.773341 0.756540 0.006359 0.005004
0 0.748099 0.744191 0.022198 0.010564
0 0.273573 0.744038 0.022198 0.010567
0 0.244577 0.744194 0.028598 0.010564
0 0.719112 0.744320 0.028598 0.010567
0 0.760804 0.333608 0.006621 0.004263
0 0.290661 0.352157 0.006621 0.004263