0 0.346261 0.803381 0.008444 0.004135
0 0.374363 0.801954 0.011854 0.004175
0 0.342983 0.628081 0.011753 0.004175
0 0.296735 0.681976 0.013268 0.004312
0 0.357895 0.744808 0.006853 0.003990
0 0.294713 0.756080 0.006629 0.004141
0 0.236826 0.763887 0.005543 0.004144
0 0.190121 0.763901 0.005545 0.004144
0 0.214016 0.688529 0.006939 0.003990
0 0.599879 0.634266 0.005674 0.004218
0 0.371517 0.664450 0.011956 0.004146
0 0.599747 0.866207 0.008517 0.004195
0 0.688031 0.712207 0.008471 0.004198
0 0.593457 0.568433 0.011809 0.004201
0 0.648414 0.660093 0.005569 0.004243
0 0.652651 0.593431 0.005595 0.004246
0 0.599249 0.687273 0.007099 0.004109
0 0.572383 0.731074 0.012063 0.004246
0 0.594027 0.749836 0.005672 0.004226
0 0.658934 0.754895 0.013298 0.004420
0 0.661611 0.833785 0.006696 0.004189
0 0.580117 0.816127 0.006798 0.004041
0 0.186355 0.718716 0.005614 0.004135
0 0.569531 0.868025 0.011888 0.004246
0 0.320833 0.195688 0.005628 0.004166
0 0.262763 0.201741 0.013292 0.004246
0 0.301956 0.153954 0.008459 0.004192
0 0.218030 0.302686 0.008372 0.004129
0 0.189462 0.302947 0.011848 0.004144
0 0.206225 0.249902 0.006833 0.003970
0 0.262672 0.262049 0.006649 0.004149
0 0.341982 0.265040 0.005535 0.004192
0 0.357590 0.193361 0.007040 0.004021
0 0.220546 0.147392 0.011735 0.004149
0 0.194170 0.169981 0.012063 0.004146
0 0.599879 0.134409 0.005674 0.004218
0 0.599747 0.366349 0.008517 0.004195
0 0.688031 0.212350 0.008471 0.004198
0 0.593457 0.068575 0.011809 0.004201
0 0.648414 0.160235 0.005569 0.004243
0 0.652651 0.093574 0.005595 0.004246
0 0.599249 0.187415 0.007099 0.004109
0 0.572383 0.231217 0.012063 0.004246
0 0.594027 0.249979 0.005672 0.004226
0 0.658934 0.255037 0.013298 0.004420
0 0.661611 0.333927 0.006696 0.004189
0 0.580117 0.316270 0.006798 0.004041
0 0.569531 0.368168 0.011888 0.004246
0 0.214268 0.193840 0.005626 0.004135
0 0.345639 0.690742 0.005612 0.004135
0 0.254799 0.640174 0.008336 0.004132
0 0.326666 0.437780 0.004947 0.003904
0 0.800244 0.437746 0.004949 0.003904
0 0.800223 0.937563 0.004947 0.003904
0 0.326717 0.937512 0.004947 0.003904
0 0.325892 0.929215 0.016913 0.008353
0 0.326016 0.429186 0.016911 0.008353
0 0.799102 0.429172 0.016911 0.008353
0 0.799104 0.929161 0.016911 0.008353
0 0.776716 0.929148 0.022180 0.008658
0 0.303567 0.929293 0.022182 0.008658
0 0.303755 0.429025 0.022182 0.008658
0 0.776784 0.429249 0.022180 0.008655
0 0.421855 0.660775 0.020993 0.006298