0 0.213480 0.664756 0.003143 0.005626
0 0.254400 0.781188 0.017580 0.005899
0 0.201027 0.781562 0.003528 0.005523
0 0.265059 0.655425 0.007379 0.005520
0 0.329791 0.666808 0.007763 0.005626
0 0.355488 0.687048 0.007530 0.005546
0 0.744970 0.274135 0.003230 0.005517
0 0.702832 0.166951 0.007763 0.005626
0 0.638100 0.155567 0.007379 0.005520
0 0.728528 0.187190 0.007530 0.005546
0 0.574066 0.281704 0.003530 0.005523
0 0.627440 0.281331 0.017580 0.005899
0 0.204812 0.281579 0.003796 0.005375
0 0.338152 0.281667 0.003595 0.005534
0 0.270487 0.281713 0.003145 0.005266
0 0.345939 0.191537 0.007272 0.005822
0 0.322920 0.166352 0.007753 0.005671
0 0.274322 0.166150 0.017651 0.006794
0 0.586520 0.164899 0.003143 0.005626
0 0.688790 0.299568 0.003157 0.005771
0 0.742448 0.697610 0.007508 0.005811
0 0.573026 0.788106 0.003155 0.005566
0 0.652497 0.788683 0.003387 0.005546
0 0.725016 0.795100 0.003315 0.005594
0 0.716306 0.669007 0.007860 0.005218
0 0.646941 0.647221 0.017647 0.005808
0 0.568315 0.649289 0.003480 0.005611
0 0.576914 0.723004 0.007240 0.005882
0 0.300939 0.442301 0.016450 0.008279
0 0.677646 0.442267 0.016448 0.008279
0 0.677723 0.942237 0.016450 0.008282
0 0.304639 0.942234 0.016448 0.008282
0 0.371929 0.773993 0.003230 0.005517
0 0.315750 0.799426 0.003157 0.005771