0 0.870632 0.584739 0.008940 0.004241
0 0.662220 0.482699 0.006778 0.004429
0 0.049337 0.459503 0.011670 0.004317
0 0.128417 0.453092 0.008569 0.004263
0 0.246209 0.462556 0.006925 0.004223
0 0.061046 0.527193 0.006814 0.004474
0 0.160300 0.462707 0.008612 0.004275
0 0.147630 0.410744 0.008837 0.004292
0 0.166493 0.532914 0.006816 0.004477
0 0.216130 0.532895 0.006953 0.004406
0 0.289126 0.567337 0.008825 0.004203
0 0.303352 0.457334 0.008170 0.004221
0 0.038495 0.413377 0.008519 0.004246
0 0.074689 0.419775 0.006802 0.004223
0 0.191516 0.579689 0.008545 0.004252
0 0.362872 0.404664 0.008553 0.004072
0 0.425799 0.462541 0.006875 0.004221
0 0.062155 0.588102 0.008594 0.004241
0 0.131107 0.528172 0.008573 0.004266
0 0.366082 0.461562 0.013530 0.004417
0 0.441210 0.527179 0.006909 0.004400
0 0.374311 0.527260 0.007929 0.004255
0 0.122753 0.575574 0.008884 0.004292
0 0.455376 0.574876 0.012013 0.004292
0 0.455622 0.581099 0.018271 0.004221
0 0.398966 0.580027 0.008704 0.004363
0 0.455089 0.455740 0.012128 0.004332
0 0.868799 0.504015 0.006778 0.004429
0 0.664960 0.442722 0.008549 0.004223
0 0.761946 0.437887 0.008547 0.004266
0 0.858720 0.552201 0.008586 0.004221
0 0.682443 0.526560 0.008549 0.004280
0 0.649103 0.525154 0.011944 0.004249
0 0.747592 0.485264 0.006919 0.004206
0 0.839473 0.461117 0.006994 0.004241
0 0.686476 0.398894 0.008789 0.004241
0 0.663320 0.572026 0.008827 0.004298
0 0.759144 0.753313 0.003800 0.003035
0 0.719000 0.743085 0.023975 0.009071
0 0.743005 0.743131 0.018201 0.009071
0 0.248028 0.743196 0.023975 0.009071
0 0.272078 0.743190 0.018201 0.009071
0 0.281972 0.753368 0.003798 0.003032
0 0.545442 0.572009 0.009216 0.004491
0 0.534192 0.525190 0.012454 0.004679
0 0.547238 0.482749 0.007197 0.004865
0 0.550122 0.442615 0.009045 0.004939
0 0.544644 0.398683 0.009281 0.004685