0 0.517402 0.606143 0.012224 0.009151
0 0.587497 0.648992 0.018316 0.009028
0 0.585996 0.320324 0.018316 0.009028
0 0.649628 0.652749 0.025426 0.009324
0 0.376889 0.585562 0.012130 0.008751
0 0.282083 0.583187 0.012130 0.008751
0 0.595438 0.542771 0.012130 0.008751
0 0.414074 0.380265 0.012130 0.008751
0 0.603792 0.402296 0.012130 0.009262
0 0.279655 0.483444 0.012130 0.009265
0 0.336576 0.415503 0.012845 0.008960
0 0.512151 0.344141 0.012748 0.009609
0 0.640066 0.333803 0.012750 0.009994
0 0.511921 0.331568 0.012748 0.008985
0 0.640012 0.321713 0.012750 0.009994