0 0.468340 0.659305 0.016091 0.008977
0 0.444452 0.548189 0.010101 0.009231
0 0.559647 0.582432 0.009934 0.009031
0 0.650547 0.582657 0.010306 0.008695
0 0.269342 0.429543 0.015795 0.009060
0 0.614807 0.436868 0.010298 0.008567
0 0.546022 0.437296 0.015831 0.009045
0 0.464650 0.358947 0.024364 0.009481
0 0.338603 0.435865 0.021380 0.009062
0 0.373093 0.323494 0.015704 0.008920
0 0.320201 0.548326 0.009934 0.009134
0 0.510670 0.922796 0.008727 0.007643
0 0.473996 0.905339 0.032698 0.014400
0 0.506725 0.905121 0.025116 0.014403
0 0.669329 0.481830 0.022374 0.010522
0 0.278490 0.657263 0.014247 0.006649