0 0.378465 0.453330 0.007746 0.011773
0 0.454872 0.509668 0.008353 0.006719
0 0.332815 0.712985 0.030512 0.007155
0 0.398913 0.712999 0.030919 0.007184
0 0.603717 0.714054 0.018770 0.006499
0 0.444747 0.418114 0.018968 0.006628
0 0.554770 0.716676 0.013382 0.006693
0 0.574745 0.631829 0.011727 0.006753
0 0.395553 0.557052 0.009417 0.006648
0 0.591093 0.552761 0.009071 0.006765
0 0.476637 0.431987 0.013370 0.006209
0 0.512211 0.501428 0.021496 0.006608
0 0.483990 0.630677 0.011782 0.006491
0 0.402170 0.631742 0.008803 0.006699
0 0.581115 0.460090 0.008954 0.006611
0 0.322052 0.403630 0.015199 0.007848
0 0.492503 0.909555 0.037490 0.018005
0 0.442150 0.909612 0.049141 0.017891
0 0.508416 0.926019 0.009373 0.007768