0 0.700478 0.679887 0.025791 0.013766
0 0.547951 0.682409 0.025573 0.013529
0 0.264189 0.553729 0.025573 0.013529
0 0.285871 0.381631 0.024832 0.013632
0 0.455006 0.590090 0.018531 0.014638
0 0.455007 0.605864 0.017296 0.013985
0 0.330071 0.557206 0.018223 0.014418
0 0.445265 0.406324 0.018146 0.012928
0 0.444891 0.390811 0.017504 0.013657
0 0.708197 0.586783 0.016812 0.015858
0 0.610925 0.582440 0.017078 0.013968
0 0.530894 0.582895 0.016544 0.016234
0 0.366763 0.366817 0.017234 0.014946