0 0.594403 0.471581 0.018139 0.006172
0 0.572239 0.376284 0.008510 0.005773
0 0.476545 0.413511 0.020085 0.006183
0 0.543573 0.299527 0.012733 0.005775
0 0.721295 0.916491 0.040103 0.013974
0 0.763389 0.916173 0.031302 0.013503
0 0.458073 0.555295 0.008676 0.006086
0 0.395063 0.487208 0.008647 0.005493
0 0.294493 0.405668 0.017436 0.006576
0 0.349898 0.515267 0.008569 0.006229
0 0.360797 0.614592 0.008649 0.006653
0 0.536340 0.691119 0.012733 0.005978
0 0.588570 0.690745 0.017922 0.005641
0 0.561930 0.583575 0.009065 0.006066
0 0.545554 0.479480 0.008448 0.006343
0 0.500395 0.290849 0.012578 0.006180
0 0.656589 0.932034 0.012078 0.008281