0 0.299746 0.420798 0.012078 0.008871
0 0.530579 0.444514 0.012280 0.009273
0 0.324518 0.527702 0.011955 0.009042
0 0.287100 0.618938 0.025324 0.008806
0 0.313769 0.358967 0.011748 0.009860
0 0.330846 0.617660 0.018103 0.008808
0 0.568742 0.355918 0.023773 0.009042
0 0.488906 0.412221 0.014991 0.009310
0 0.337337 0.452960 0.025946 0.008806
0 0.435121 0.300854 0.019030 0.009159
0 0.519317 0.545781 0.012014 0.009065
0 0.423214 0.543672 0.014414 0.009213
0 0.407358 0.412932 0.028887 0.009051
0 0.526680 0.923448 0.010699 0.010402
0 0.518453 0.282349 0.012600 0.007309
0 0.505969 0.282346 0.009373 0.007087
0 0.526208 0.680559 0.019182 0.010091
0 0.421467 0.901615 0.062528 0.024153
0 0.484882 0.902253 0.047773 0.023150