0 0.630580 0.517226 0.006577 0.005720
0 0.723630 0.533166 0.006655 0.005848
0 0.653999 0.591676 0.010185 0.005768
0 0.850598 0.559644 0.006577 0.005722
0 0.791662 0.559687 0.006577 0.005722
0 0.649826 0.449216 0.013776 0.005899
0 0.731533 0.399476 0.015551 0.006007
0 0.840457 0.328796 0.011743 0.005708
0 0.678002 0.394860 0.013647 0.005537
0 0.673494 0.336724 0.013907 0.005617
0 0.863941 0.478993 0.013915 0.006027
0 0.828818 0.446151 0.006877 0.005714
0 0.784077 0.449959 0.010125 0.005868
0 0.264199 0.593906 0.010127 0.005731
0 0.261843 0.399493 0.015585 0.005865
0 0.248780 0.522102 0.006591 0.005919
0 0.370633 0.328612 0.011703 0.005586
0 0.180168 0.449179 0.013703 0.005751
0 0.202351 0.376280 0.010123 0.005725
0 0.382212 0.544199 0.006605 0.005657
0 0.135289 0.444991 0.010123 0.005725
0 0.323342 0.544165 0.006607 0.005657
0 0.394251 0.479032 0.013842 0.005987
0 0.168236 0.522039 0.006607 0.005657
0 0.359129 0.449853 0.006865 0.005588
0 0.314480 0.449940 0.010125 0.005905
0 0.141148 0.592532 0.008737 0.004107
0 0.267824 0.753032 0.020951 0.009296
0 0.288994 0.753212 0.016008 0.009108
0 0.291558 0.764449 0.005521 0.004588
0 0.737697 0.753123 0.020951 0.009296
0 0.758768 0.753014 0.015730 0.009219
0 0.761121 0.764241 0.005382 0.005061
0 0.610868 0.592401 0.008737 0.004107