0 0.249415 0.409942 0.010355 0.004969
0 0.300838 0.437815 0.010353 0.004969
0 0.801397 0.489561 0.008316 0.004772
0 0.310076 0.577784 0.014163 0.004969
0 0.307002 0.516692 0.007878 0.004929
0 0.199013 0.393958 0.007878 0.004929
0 0.292061 0.390499 0.007878 0.004926
0 0.184125 0.415831 0.007878 0.004929
0 0.303959 0.489629 0.008342 0.004692
0 0.272409 0.710195 0.027602 0.011987
0 0.792013 0.390495 0.007967 0.005037
0 0.279136 0.521445 0.010353 0.004966
0 0.784753 0.546692 0.010784 0.004997
0 0.772297 0.710244 0.027709 0.012221
0 0.678932 0.469199 0.007834 0.004892
0 0.706949 0.429376 0.010437 0.004989
0 0.700334 0.396844 0.010437 0.004989
0 0.748263 0.409956 0.010437 0.004986
0 0.800764 0.437729 0.010437 0.004986
0 0.684583 0.420667 0.014070 0.004732
0 0.177437 0.467938 0.010353 0.004969
0 0.273078 0.562489 0.007792 0.004766
0 0.209474 0.453036 0.010353 0.004966
0 0.204747 0.415948 0.010353 0.004969
0 0.307059 0.550979 0.010355 0.004969
0 0.380103 0.655640 0.018477 0.006736
0 0.379994 0.666468 0.018864 0.006733
0 0.377880 0.677507 0.014419 0.006736
0 0.382606 0.688364 0.008956 0.006733
0 0.382602 0.699343 0.008956 0.006736
0 0.379780 0.710349 0.013963 0.006736
0 0.380035 0.721327 0.013965 0.006736
0 0.879990 0.655563 0.018477 0.006736
0 0.879931 0.666656 0.018864 0.006733
0 0.877846 0.677623 0.014419 0.006733
0 0.882465 0.688436 0.008956 0.006736
0 0.882562 0.699276 0.008956 0.006733
0 0.879607 0.710532 0.013963 0.006736
0 0.879703 0.721395 0.013965 0.006736