0 0.643777 0.501712 0.006119 0.004473
0 0.761782 0.507544 0.006119 0.004473
0 0.813975 0.447476 0.013230 0.004473
0 0.715453 0.729947 0.025781 0.008560
0 0.735549 0.567042 0.009680 0.004473
0 0.815103 0.386304 0.006555 0.004473
0 0.742358 0.729850 0.019821 0.008960
0 0.266238 0.757460 0.005533 0.004458
0 0.753119 0.741414 0.005533 0.004458
0 0.804740 0.507526 0.006119 0.004475
0 0.709414 0.386063 0.009680 0.004470
0 0.742489 0.423017 0.013228 0.004473
0 0.705861 0.501726 0.006303 0.004473
0 0.625345 0.566907 0.013296 0.004470
0 0.228569 0.746142 0.026017 0.008737
0 0.255376 0.746048 0.019968 0.008367
0 0.183984 0.354170 0.013256 0.004299
0 0.698542 0.441117 0.006800 0.004475
0 0.649943 0.409728 0.013228 0.004473
0 0.782714 0.434495 0.006657 0.004475
0 0.659492 0.566890 0.009680 0.004470
0 0.171854 0.413570 0.006121 0.004735
0 0.328008 0.438914 0.006667 0.004590
0 0.180441 0.540143 0.006226 0.004612
0 0.294143 0.543016 0.006121 0.004732
0 0.226259 0.400251 0.006764 0.004458
0 0.265424 0.450949 0.013250 0.004590
0 0.174759 0.471417 0.013254 0.004590
0 0.307293 0.496243 0.006655 0.004470
0 0.244132 0.531505 0.006413 0.004470
0 0.256858 0.597013 0.009553 0.004590
0 0.197059 0.596964 0.009553 0.004590
0 0.162184 0.596897 0.013298 0.004592