0 0.730935 0.744808 0.006855 0.003990
0 0.744558 0.664450 0.011956 0.004146
0 0.669775 0.681976 0.013268 0.004312
0 0.716024 0.628081 0.011753 0.004175
0 0.747404 0.801954 0.011854 0.004175
0 0.719302 0.803381 0.008444 0.004135
0 0.627839 0.640174 0.008336 0.004132
0 0.718679 0.690742 0.005612 0.004135
0 0.559396 0.718716 0.005614 0.004135
0 0.587056 0.688529 0.006939 0.003990
0 0.357892 0.744215 0.006839 0.004007
0 0.294709 0.755506 0.006641 0.004121
0 0.732316 0.196902 0.005676 0.004263
0 0.635802 0.157667 0.005660 0.004243
0 0.650567 0.130078 0.011858 0.004146
0 0.594070 0.145064 0.006770 0.004058
0 0.185945 0.194715 0.012116 0.004238
0 0.324234 0.213051 0.005716 0.004243
0 0.261594 0.329560 0.008414 0.004192
0 0.199887 0.272525 0.006923 0.004075
0 0.248638 0.162623 0.008414 0.004192
0 0.362503 0.209279 0.007113 0.004075
0 0.263279 0.276130 0.006675 0.004229
0 0.366370 0.283968 0.005591 0.004238
0 0.687607 0.172387 0.007131 0.004067
0 0.253988 0.208165 0.013222 0.004320
0 0.236812 0.763337 0.005545 0.004189
0 0.190099 0.763320 0.005545 0.004121
0 0.215372 0.687818 0.007040 0.003964
0 0.296724 0.681218 0.013250 0.004152
0 0.369107 0.667732 0.012009 0.004155
0 0.342985 0.625828 0.011745 0.004132
0 0.371443 0.625832 0.008447 0.004175
0 0.294620 0.808517 0.008447 0.004175
0 0.183678 0.322575 0.011773 0.004243
0 0.206805 0.215370 0.005624 0.004346
0 0.212276 0.156775 0.011793 0.004238
0 0.557277 0.127243 0.011902 0.004209
0 0.728148 0.243504 0.005569 0.004215
0 0.681062 0.243475 0.005569 0.004215
0 0.635583 0.246928 0.013367 0.004332
0 0.578665 0.309000 0.011850 0.004172
0 0.590414 0.237347 0.006663 0.004166
0 0.635025 0.314641 0.008507 0.004209
0 0.563161 0.763901 0.005545 0.004144
0 0.555891 0.207945 0.008614 0.004206
0 0.319236 0.283950 0.005585 0.004235
0 0.374372 0.801267 0.011872 0.004175
0 0.299938 0.622692 0.008447 0.004175
0 0.345640 0.690162 0.005630 0.004138
0 0.188752 0.715410 0.005628 0.004141
0 0.609866 0.763887 0.005543 0.004144
0 0.667753 0.756080 0.006629 0.004141
0 0.313367 0.437693 0.004860 0.003896
0 0.686289 0.437689 0.004860 0.003893
0 0.699557 0.937562 0.004860 0.003896
0 0.313294 0.937613 0.004860 0.003896
0 0.312405 0.929158 0.016818 0.008085
0 0.698910 0.929386 0.016816 0.008085
0 0.684836 0.429337 0.016816 0.008085
0 0.312272 0.429144 0.016818 0.008085
0 0.290112 0.429099 0.021791 0.008082
0 0.662744 0.429235 0.021793 0.008085
0 0.676464 0.929058 0.021793 0.008085
0 0.290135 0.929055 0.021793 0.008085
0 0.421962 0.660664 0.020594 0.006002
0 0.835794 0.767685 0.020594 0.006005
0 0.794726 0.660399 0.020594 0.006002