0 0.371491 0.706084 0.009635 0.007381
0 0.332442 0.784504 0.021684 0.007224
0 0.570599 0.774265 0.015630 0.007310
0 0.667950 0.444182 0.015610 0.007310
0 0.576072 0.656811 0.012027 0.007239
0 0.707725 0.651664 0.009736 0.007307
0 0.572758 0.479875 0.024904 0.007461
0 0.456381 0.706127 0.009583 0.007307
0 0.685702 0.525390 0.009929 0.007327
0 0.350214 0.565467 0.010014 0.007504
0 0.577139 0.549032 0.025013 0.007036
0 0.751083 0.493957 0.022420 0.007167
0 0.499205 0.474972 0.015630 0.007310
0 0.316198 0.417746 0.018936 0.007284
0 0.424339 0.506419 0.010959 0.006934
0 0.233091 0.941255 0.009805 0.007224
0 0.183563 0.928034 0.037689 0.013354
0 0.221626 0.927968 0.029204 0.013354
0 0.360486 0.341291 0.015599 0.007284