0 0.321203 0.470885 0.012767 0.004231
0 0.434070 0.470991 0.019664 0.004352
0 0.577401 0.470770 0.008749 0.004010
0 0.647729 0.470858 0.008891 0.004171
0 0.647794 0.530121 0.008891 0.004171
0 0.647828 0.597800 0.008891 0.004171
0 0.647811 0.667580 0.008891 0.004171
0 0.586372 0.530040 0.009017 0.004010
0 0.586291 0.597772 0.009014 0.004010
0 0.586369 0.660387 0.009017 0.004010
0 0.454830 0.522980 0.019664 0.004352
0 0.454944 0.590872 0.019664 0.004352
0 0.454930 0.660627 0.019664 0.004352
0 0.321180 0.522871 0.012767 0.004231
0 0.321154 0.590754 0.012767 0.004231
0 0.321154 0.660516 0.012767 0.004231
0 0.269721 0.765626 0.022713 0.004272
0 0.397421 0.765575 0.013024 0.003969
0 0.665115 0.765682 0.023089 0.004272
0 0.497314 0.876869 0.044010 0.007967
0 0.548619 0.876730 0.045081 0.007975
0 0.609299 0.884699 0.010972 0.004123