0 0.373255 0.480590 0.006397 0.004776
0 0.364302 0.550527 0.006125 0.004856
0 0.307508 0.554346 0.009289 0.005141
0 0.308779 0.510466 0.012118 0.004665
0 0.250549 0.560935 0.014340 0.004571
0 0.206383 0.621592 0.009357 0.004762
0 0.703420 0.528931 0.005724 0.004286
0 0.597964 0.434359 0.013699 0.006945
0 0.582161 0.508485 0.012390 0.004563
0 0.693492 0.401865 0.006174 0.004762
0 0.780576 0.451515 0.009256 0.004443
0 0.820304 0.451694 0.006395 0.004762
0 0.856132 0.403507 0.006228 0.004602
0 0.853525 0.474491 0.006172 0.004565
0 0.790996 0.544929 0.006329 0.004477
0 0.650106 0.442638 0.006006 0.004591
0 0.182556 0.572107 0.006115 0.004443
0 0.598778 0.441612 0.016738 0.004431
0 0.625083 0.410466 0.012398 0.004443
0 0.382778 0.624909 0.017375 0.004848
0 0.382000 0.617439 0.012329 0.005264
0 0.133678 0.479957 0.009371 0.004913
0 0.176953 0.468048 0.005880 0.004685
0 0.176945 0.394253 0.005751 0.004893
0 0.216973 0.357522 0.009492 0.005531
0 0.344437 0.622176 0.009482 0.004272
0 0.230048 0.427368 0.006061 0.004762
0 0.265158 0.329410 0.006303 0.005073
0 0.259475 0.418203 0.006228 0.004523
0 0.255092 0.756469 0.032710 0.013765
0 0.289559 0.756374 0.032170 0.013192
0 0.320174 0.756284 0.024467 0.013394
0 0.736991 0.748899 0.032305 0.013192
0 0.767741 0.748708 0.023248 0.012810
0 0.794504 0.748612 0.024060 0.013383
0 0.844078 0.544885 0.006021 0.004845
0 0.626226 0.528817 0.005892 0.004451
0 0.738792 0.447320 0.012390 0.004494