0 0.483213 0.201267 0.009597 0.003354
0 0.720160 0.211894 0.006768 0.003377
0 0.781316 0.177790 0.005424 0.003366
0 0.348293 0.239179 0.006798 0.003380
0 0.752595 0.297749 0.007101 0.003351
0 0.734984 0.165759 0.007030 0.003351
0 0.607173 0.205685 0.006520 0.003306
0 0.812632 0.208491 0.009601 0.003354
0 0.253538 0.198557 0.005493 0.003394
0 0.278164 0.281607 0.006758 0.003272
0 0.226253 0.221587 0.005386 0.003351
0 0.316119 0.326143 0.006879 0.003326
0 0.239418 0.300527 0.010615 0.003511
0 0.289080 0.226294 0.006498 0.003411
0 0.188001 0.216252 0.005396 0.003494
0 0.314926 0.279225 0.005396 0.003494
0 0.336876 0.199775 0.005523 0.003522
0 0.193938 0.312960 0.006800 0.003417
0 0.160827 0.134632 0.009520 0.003360
0 0.160663 0.139648 0.014181 0.003286
0 0.196273 0.272022 0.006297 0.003337
0 0.193412 0.149769 0.005402 0.003494
0 0.228182 0.146867 0.009625 0.003383
0 0.159082 0.225154 0.006800 0.003354
0 0.657536 0.207928 0.005509 0.003351
0 0.530312 0.301944 0.006770 0.003368
0 0.556175 0.263008 0.006297 0.003366
0 0.494654 0.250338 0.005392 0.003480
0 0.623600 0.285091 0.007030 0.003354
0 0.619683 0.759243 0.006748 0.003337
0 0.603567 0.716698 0.005475 0.003508
0 0.235747 0.790993 0.010723 0.003497
0 0.160668 0.639457 0.014183 0.003326
0 0.160882 0.634443 0.009520 0.003323
0 0.210791 0.833112 0.006800 0.003351
0 0.231724 0.703552 0.005511 0.003406
0 0.185752 0.775720 0.006297 0.003346
0 0.622099 0.660068 0.006982 0.003351
0 0.770343 0.754933 0.005412 0.003494
0 0.605425 0.797603 0.006978 0.003357
0 0.770840 0.810816 0.006992 0.003383
0 0.745574 0.707672 0.005438 0.003272
0 0.192112 0.652756 0.005412 0.003494
0 0.253537 0.698460 0.005515 0.003394
0 0.338191 0.710170 0.005525 0.003525
0 0.160273 0.680677 0.006800 0.003354
0 0.314984 0.790569 0.005535 0.003531
0 0.177856 0.718249 0.005400 0.003537
0 0.289876 0.725296 0.006498 0.003371
0 0.228172 0.646741 0.009623 0.003445
0 0.672326 0.701123 0.005394 0.003380
0 0.486962 0.292514 0.014499 0.003254
0 0.486760 0.287364 0.009531 0.003408
0 0.752587 0.203069 0.006770 0.003374
0 0.799283 0.308223 0.006770 0.003371
0 0.753993 0.262318 0.006768 0.003371
0 0.502237 0.759805 0.009510 0.003673
0 0.512415 0.716644 0.005716 0.003873
0 0.593426 0.759677 0.009472 0.003594
0 0.681786 0.939658 0.003065 0.002645
0 0.649879 0.931495 0.019001 0.007287
0 0.668988 0.931381 0.014594 0.007287
0 0.275684 0.931624 0.019001 0.007290
0 0.275734 0.431641 0.019001 0.007290
0 0.648734 0.431518 0.018999 0.007287
0 0.294487 0.931837 0.014592 0.007287
0 0.294704 0.431616 0.014594 0.007290
0 0.667920 0.431653 0.014594 0.007290
0 0.302848 0.939715 0.003065 0.002645
0 0.302844 0.439818 0.003065 0.002645
0 0.675856 0.439940 0.003065 0.002645
0 0.695449 0.301958 0.006768 0.003368
0 0.556533 0.163756 0.006760 0.003368
0 0.501449 0.208480 0.005384 0.003366
0 0.561194 0.195073 0.010717 0.003522
0 0.797089 0.260125 0.005434 0.003528
0 0.714669 0.270660 0.005517 0.003571
0 0.675695 0.270643 0.005462 0.003525