0 0.164725 0.605405 0.009329 0.004892
0 0.238925 0.357387 0.003468 0.004826
0 0.309705 0.593806 0.009121 0.005029
0 0.292162 0.460299 0.023405 0.005125
0 0.671429 0.613877 0.007350 0.005131
0 0.952373 0.696652 0.025366 0.010716
0 0.689618 0.521836 0.007183 0.004960
0 0.669817 0.462030 0.011142 0.005131
0 0.806013 0.530774 0.015444 0.005145
0 0.161651 0.357406 0.003339 0.004886
0 0.309037 0.375597 0.009394 0.004906
0 0.268755 0.525338 0.009019 0.003686
0 0.334988 0.495584 0.007304 0.004886
0 0.268974 0.555134 0.007395 0.004852
0 0.223699 0.450205 0.009256 0.004920
0 0.246339 0.492778 0.007238 0.004849
0 0.201943 0.522792 0.007377 0.004929
0 0.162384 0.497809 0.023627 0.005094
0 0.153133 0.429148 0.009394 0.004880
0 0.268708 0.597013 0.009305 0.004875
0 0.334961 0.518092 0.007306 0.004889
0 0.417948 0.708653 0.008642 0.006029
0 0.447080 0.696636 0.025243 0.010353
0 0.201203 0.341665 0.005654 0.003957
0 0.201150 0.375353 0.005656 0.003957
0 0.224347 0.405781 0.005656 0.003957
0 0.924690 0.708664 0.008852 0.006274