0 0.122993 0.473112 0.008529 0.004280
0 0.210419 0.586716 0.008527 0.004255
0 0.420496 0.586194 0.008632 0.004226
0 0.404175 0.397087 0.008648 0.004241
0 0.331044 0.418406 0.008527 0.004203
0 0.069917 0.427894 0.006778 0.004292
0 0.244052 0.472053 0.006714 0.004255
0 0.236809 0.537600 0.006752 0.004417
0 0.187841 0.537600 0.006917 0.004417
0 0.075212 0.531325 0.006752 0.004417
0 0.393204 0.450054 0.007169 0.004258
0 0.401708 0.529842 0.006752 0.004221
0 0.009822 0.410172 0.008807 0.004238
0 0.016034 0.559711 0.008807 0.004238
0 0.284124 0.470489 0.007018 0.004238
0 0.136199 0.425916 0.008807 0.004241
0 0.136127 0.579944 0.008805 0.004238
0 0.314023 0.579873 0.008880 0.004238
0 0.453170 0.469959 0.006889 0.004226
0 0.330192 0.481364 0.008662 0.004203
0 0.005774 0.452193 0.008529 0.004278
0 0.621037 0.456815 0.011971 0.004169
0 0.643174 0.466976 0.006579 0.004189
0 0.814453 0.465212 0.006778 0.004201
0 0.697785 0.411926 0.008670 0.004263
0 0.734268 0.584870 0.008519 0.004218
0 0.637155 0.517900 0.006770 0.004372
0 0.761396 0.537216 0.006891 0.004377
0 0.805476 0.537219 0.006776 0.004417
0 0.702544 0.466751 0.013385 0.004383
0 0.703591 0.529258 0.007951 0.004226
0 0.626379 0.568425 0.011799 0.004146
0 0.626355 0.574819 0.018247 0.004018
0 0.746471 0.473294 0.008719 0.004206
0 0.779609 0.472367 0.008128 0.004203
0 0.006101 0.509290 0.008527 0.004258
0 0.060048 0.588894 0.008527 0.004280
0 0.122013 0.538417 0.008527 0.004278
0 0.717630 0.743059 0.023695 0.008780
0 0.741647 0.742315 0.017935 0.008780
0 0.751535 0.753370 0.004123 0.003206
0 0.247784 0.743042 0.023695 0.008780
0 0.272211 0.743096 0.017935 0.008780
0 0.281991 0.753344 0.004123 0.003206