0 0.813299 0.297961 0.009472 0.003326
0 0.789907 0.300844 0.006879 0.003357
0 0.813471 0.302975 0.014554 0.003351
0 0.286747 0.806231 0.006772 0.003331
0 0.489141 0.208488 0.009633 0.003337
0 0.516363 0.175554 0.005404 0.003351
0 0.499164 0.271354 0.005412 0.003494
0 0.547374 0.298700 0.007022 0.003408
0 0.579322 0.208333 0.006841 0.003340
0 0.567077 0.167301 0.007022 0.003408
0 0.583958 0.281864 0.005414 0.003494
0 0.643077 0.211479 0.005460 0.003095
0 0.623068 0.281887 0.005523 0.003494
0 0.790014 0.208923 0.005460 0.003351
0 0.814351 0.190737 0.009633 0.003337
0 0.678613 0.286909 0.007082 0.003411
0 0.692972 0.205626 0.006488 0.003351
0 0.801647 0.249902 0.005539 0.003497
0 0.740398 0.191528 0.010746 0.003511
0 0.744480 0.271439 0.006297 0.003380
0 0.177055 0.180809 0.006800 0.003351
0 0.245041 0.146845 0.009591 0.003380
0 0.208978 0.152881 0.005364 0.003494
0 0.202616 0.275665 0.006297 0.003340
0 0.177552 0.139600 0.014181 0.003326
0 0.177592 0.134585 0.009522 0.003323
0 0.227093 0.332789 0.006800 0.003354
0 0.248566 0.203666 0.005374 0.003354
0 0.270421 0.198559 0.005513 0.003394
0 0.355025 0.208017 0.005364 0.003494
0 0.220549 0.683351 0.005382 0.003323
0 0.321769 0.709198 0.006992 0.003337
0 0.349371 0.701525 0.005481 0.003363
0 0.294680 0.695073 0.010621 0.003522
0 0.360065 0.755023 0.005402 0.003508
0 0.375864 0.807578 0.014521 0.003209
0 0.254669 0.769500 0.005505 0.003508
0 0.375769 0.802521 0.009510 0.003411
0 0.376229 0.686630 0.009597 0.003406
0 0.293572 0.658213 0.006798 0.003397
0 0.305770 0.763917 0.006329 0.003394
0 0.248326 0.701623 0.005472 0.003508
0 0.197950 0.668860 0.006772 0.003329
0 0.225571 0.768861 0.008797 0.003337
0 0.193065 0.768810 0.005404 0.003508
0 0.364391 0.655654 0.006051 0.003403
0 0.603382 0.712459 0.006510 0.003351
0 0.648860 0.796726 0.006851 0.003408
0 0.714716 0.751743 0.005382 0.003508
0 0.617645 0.759571 0.005485 0.003508
0 0.582436 0.759571 0.005392 0.003480
0 0.705721 0.707231 0.005495 0.003354
0 0.575114 0.705949 0.005356 0.003360
0 0.666306 0.659480 0.006768 0.003309
0 0.725704 0.796841 0.014475 0.003263
0 0.725708 0.791867 0.009486 0.003374
0 0.727582 0.699688 0.009571 0.003360
0 0.275695 0.431556 0.018362 0.006543
0 0.294846 0.431603 0.014040 0.006540
0 0.302855 0.439709 0.002982 0.002559
0 0.648659 0.431583 0.018531 0.006552
0 0.667914 0.431583 0.014090 0.006552
0 0.675850 0.439775 0.003040 0.002730
0 0.648669 0.931465 0.018531 0.006822
0 0.667898 0.931533 0.013947 0.006555
0 0.675788 0.939655 0.003186 0.002730
0 0.275734 0.931423 0.018529 0.006706
0 0.294785 0.931384 0.014129 0.006626
0 0.302835 0.939531 0.003244 0.002630
0 0.665303 0.701043 0.010623 0.003511
0 0.662629 0.757504 0.006287 0.003380
0 0.630897 0.708510 0.006899 0.003351
0 0.201111 0.706214 0.006466 0.003343
0 0.331830 0.290507 0.005396 0.003494
0 0.194734 0.218398 0.005362 0.003494
0 0.306779 0.225258 0.006498 0.003323
0 0.252589 0.290943 0.010627 0.003494
0 0.788677 0.175405 0.006929 0.003394