0 0.550592 0.639457 0.014181 0.003326
0 0.550633 0.634443 0.009522 0.003323
0 0.600134 0.832646 0.006800 0.003354
0 0.550096 0.680667 0.006800 0.003351
0 0.235747 0.790993 0.010723 0.003497
0 0.160668 0.639457 0.014183 0.003326
0 0.160882 0.634443 0.009520 0.003323
0 0.210791 0.833112 0.006800 0.003351
0 0.253537 0.698460 0.005515 0.003394
0 0.643462 0.698417 0.005513 0.003394
0 0.728066 0.707874 0.005364 0.003494
0 0.704869 0.790365 0.005394 0.003494
0 0.567774 0.718256 0.005364 0.003494
0 0.679820 0.725115 0.006498 0.003323
0 0.625629 0.790801 0.010625 0.003494
0 0.192112 0.652756 0.005412 0.003494
0 0.231724 0.703552 0.005511 0.003406
0 0.338191 0.710170 0.005525 0.003525
0 0.185752 0.775720 0.006297 0.003346
0 0.314984 0.790569 0.005535 0.003531
0 0.177856 0.718249 0.005400 0.003537
0 0.289876 0.725296 0.006498 0.003371
0 0.228172 0.646741 0.009623 0.003445
0 0.160273 0.680677 0.006800 0.003354
0 0.253538 0.198557 0.005493 0.003394
0 0.348293 0.239179 0.006798 0.003380
0 0.671668 0.217464 0.006923 0.003340
0 0.618081 0.646703 0.009593 0.003380
0 0.582019 0.652739 0.005364 0.003494
0 0.621607 0.703524 0.005374 0.003354
0 0.575657 0.775523 0.006297 0.003340
0 0.632999 0.168723 0.006885 0.003386
0 0.576265 0.298102 0.014493 0.003192
0 0.576286 0.293022 0.009371 0.003292
0 0.637610 0.261914 0.006315 0.003360
0 0.636779 0.212267 0.010629 0.003480
0 0.718533 0.268237 0.005384 0.003508
0 0.683522 0.268236 0.005472 0.003477
0 0.584844 0.252893 0.005376 0.003471
0 0.661977 0.306084 0.006766 0.003351
0 0.697988 0.216727 0.006458 0.003337
0 0.228182 0.146867 0.009625 0.003383
0 0.159082 0.225154 0.006800 0.003354
0 0.193412 0.149769 0.005402 0.003494
0 0.725664 0.211046 0.005384 0.003340
0 0.589625 0.212447 0.005227 0.003326
0 0.572042 0.204374 0.009508 0.003311
0 0.196273 0.272022 0.006297 0.003337
0 0.160663 0.139648 0.014181 0.003286
0 0.160827 0.134632 0.009520 0.003360
0 0.193938 0.312960 0.006800 0.003417
0 0.336876 0.199775 0.005523 0.003522
0 0.314926 0.279225 0.005396 0.003494
0 0.188001 0.216252 0.005396 0.003494
0 0.289080 0.226294 0.006498 0.003411
0 0.239418 0.300527 0.010615 0.003511
0 0.316119 0.326143 0.006879 0.003326
0 0.226253 0.221587 0.005386 0.003351
0 0.278164 0.281607 0.006758 0.003272
0 0.302745 0.939798 0.003125 0.002502
0 0.667809 0.431684 0.014509 0.007062
0 0.667768 0.931696 0.014509 0.007062
0 0.294946 0.931837 0.014509 0.007065
0 0.275786 0.431626 0.018672 0.006882
0 0.648742 0.431780 0.018672 0.006882
0 0.648681 0.931492 0.018672 0.006882
0 0.275650 0.931746 0.018670 0.006882
0 0.294942 0.431664 0.014509 0.007062
0 0.302809 0.439786 0.003127 0.002502
0 0.675715 0.439883 0.003125 0.002502
0 0.675819 0.939809 0.003127 0.002502