0 0.563696 0.468324 0.018011 0.007107
0 0.333729 0.572139 0.009069 0.006814
0 0.314245 0.655571 0.009269 0.007011
0 0.542535 0.695731 0.008946 0.007011
0 0.292003 0.736016 0.019097 0.006714
0 0.340691 0.737794 0.013641 0.006771
0 0.407637 0.695868 0.011001 0.006783
0 0.479787 0.695731 0.009033 0.007011
0 0.556834 0.592707 0.009226 0.006811
0 0.405251 0.586556 0.021459 0.007042
0 0.463629 0.508795 0.013907 0.006771
0 0.511011 0.578185 0.011425 0.006697
0 0.507035 0.377089 0.011519 0.005412
0 0.680715 0.904501 0.029615 0.013249
0 0.711466 0.904617 0.022646 0.013252
0 0.737423 0.918021 0.007201 0.006934