0 0.186555 0.843093 0.011823 0.004278
0 0.265890 0.792509 0.012061 0.004232
0 0.264495 0.824759 0.005654 0.004303
0 0.271963 0.734563 0.005747 0.004246
0 0.306367 0.734986 0.007060 0.004249
0 0.612557 0.813814 0.006960 0.004260
0 0.721381 0.656929 0.005636 0.004146
0 0.683509 0.657479 0.005636 0.004146
0 0.638049 0.648974 0.013409 0.004429
0 0.574450 0.604997 0.011854 0.004283
0 0.659233 0.734548 0.005612 0.004315
0 0.693614 0.734967 0.006929 0.004275
0 0.653084 0.792506 0.012063 0.004295
0 0.605261 0.757854 0.008870 0.004320
0 0.597718 0.683290 0.006732 0.004295
0 0.573794 0.843088 0.011775 0.004295
0 0.572395 0.804981 0.008582 0.004366
0 0.651795 0.824772 0.005638 0.004317
0 0.608145 0.605714 0.008549 0.004263
0 0.334087 0.656921 0.005644 0.004175
0 0.296203 0.657481 0.005644 0.004178
0 0.225300 0.813817 0.006849 0.004260
0 0.250835 0.648977 0.013308 0.004406
0 0.318268 0.619481 0.008565 0.004298
0 0.210417 0.683289 0.006919 0.004155
0 0.186094 0.762548 0.008549 0.004229
0 0.218073 0.757858 0.008860 0.004289
0 0.167108 0.692642 0.008577 0.004263
0 0.220958 0.605715 0.008521 0.004243
0 0.187146 0.605007 0.011870 0.004258
0 0.585316 0.156775 0.011793 0.004238
0 0.579846 0.215370 0.005624 0.004346
0 0.556719 0.322575 0.011773 0.004243
0 0.627027 0.208165 0.013224 0.004320
0 0.692277 0.283950 0.005585 0.004235
0 0.739411 0.283968 0.005591 0.004238
0 0.636320 0.276130 0.006675 0.004229
0 0.735543 0.209279 0.007113 0.004075
0 0.621677 0.162623 0.008416 0.004192
0 0.572928 0.272525 0.006923 0.004075
0 0.634634 0.329560 0.008414 0.004192
0 0.697275 0.213051 0.005716 0.004243
0 0.558985 0.194715 0.012116 0.004238
0 0.355659 0.193381 0.007074 0.004055
0 0.218635 0.147442 0.011817 0.004198
0 0.187534 0.302960 0.011916 0.004238
0 0.260906 0.302992 0.008396 0.004184
0 0.255088 0.140452 0.008414 0.004181
0 0.190049 0.146300 0.008485 0.004181
0 0.212354 0.193889 0.005684 0.004192
0 0.260825 0.201736 0.013329 0.004372
0 0.260763 0.262069 0.006667 0.004195
0 0.204326 0.249912 0.006891 0.004075
0 0.193303 0.177240 0.012027 0.004198
0 0.317594 0.200264 0.005698 0.004249
0 0.337621 0.265073 0.005567 0.004212
0 0.290062 0.429295 0.021858 0.008091
0 0.312449 0.429340 0.016649 0.008182
0 0.313328 0.437657 0.004665 0.003842
0 0.686283 0.437853 0.004665 0.003844
0 0.685354 0.429174 0.016651 0.008179
0 0.697196 0.944624 0.016649 0.008182
0 0.310765 0.944567 0.016649 0.008182
0 0.662991 0.429312 0.021860 0.008091
0 0.674912 0.944672 0.021858 0.008091
0 0.288471 0.944544 0.021858 0.008091