0 0.270742 0.446836 0.013566 0.006899
0 0.428946 0.416961 0.010522 0.006385
0 0.470419 0.417275 0.010058 0.006670
0 0.423997 0.556542 0.011107 0.006870
0 0.467603 0.673857 0.018553 0.006847
0 0.471207 0.575815 0.018456 0.006226
0 0.588006 0.552637 0.010603 0.006300
0 0.520137 0.615735 0.013263 0.006499
0 0.598730 0.615667 0.013618 0.006773
0 0.365471 0.402494 0.010885 0.006528
0 0.311107 0.535077 0.013546 0.006813
0 0.510110 0.889390 0.032858 0.014983
0 0.359286 0.549065 0.010716 0.006842
0 0.270429 0.379433 0.013546 0.006642
0 0.465670 0.889615 0.042786 0.015353
0 0.350494 0.619156 0.013586 0.006727
0 0.270782 0.387429 0.014251 0.006613
0 0.430740 0.361180 0.019036 0.006602
0 0.520281 0.552611 0.010589 0.006157
0 0.517789 0.398988 0.011147 0.006243