0 0.231698 0.311720 0.009613 0.003498
0 0.644348 0.088469 0.004596 0.003352
0 0.722640 0.630140 0.009698 0.003341
0 0.604854 0.677968 0.004584 0.003198
0 0.719378 0.683513 0.004582 0.003196
0 0.756427 0.775684 0.004678 0.003341
0 0.752745 0.691894 0.005567 0.003173
0 0.591588 0.742794 0.005446 0.003227
0 0.571641 0.798723 0.009401 0.003312
0 0.655955 0.767881 0.005376 0.003338
0 0.711122 0.775954 0.004634 0.003338
0 0.599402 0.799420 0.006803 0.003338
0 0.218359 0.817308 0.006785 0.003327
0 0.650062 0.652734 0.010712 0.003295
0 0.330082 0.793663 0.004646 0.003398
0 0.375315 0.793592 0.004572 0.003312
0 0.381964 0.729924 0.004562 0.003327
0 0.349503 0.702564 0.005586 0.003213
0 0.310605 0.657145 0.006777 0.003338
0 0.268937 0.670499 0.010714 0.003324
0 0.226889 0.647175 0.009766 0.003295
0 0.198882 0.676425 0.009375 0.003324
0 0.223758 0.695755 0.004489 0.003341
0 0.210564 0.760668 0.005467 0.003184
0 0.190652 0.816575 0.009415 0.003281
0 0.579877 0.658702 0.009405 0.003327
0 0.274955 0.785733 0.005293 0.003312
0 0.694910 0.636103 0.006906 0.003324
0 0.227013 0.243854 0.006926 0.003324
0 0.355461 0.342038 0.009389 0.003352
0 0.272281 0.114917 0.004598 0.003352
0 0.297763 0.341782 0.006894 0.003324
0 0.650861 0.310832 0.005434 0.003341
0 0.603850 0.329885 0.009405 0.003355
0 0.596919 0.260063 0.006807 0.003312
0 0.644741 0.197668 0.006962 0.003312
0 0.643955 0.152171 0.004596 0.003310
0 0.726798 0.229051 0.009524 0.003312
0 0.714942 0.303207 0.005497 0.003216
0 0.730933 0.364387 0.009716 0.003341
0 0.726818 0.074447 0.006549 0.003176
0 0.793505 0.694788 0.006700 0.003184
0 0.383100 0.653067 0.006749 0.003044
0 0.274466 0.234830 0.010835 0.003714
0 0.526854 0.621725 0.020389 0.005468
0 0.483896 0.727452 0.020387 0.005468
0 0.434416 0.864974 0.020141 0.005468
0 0.145722 0.639850 0.020389 0.005470
0 0.102252 0.747474 0.019887 0.005468
0 0.283955 0.436611 0.020077 0.006824
0 0.304735 0.436505 0.015404 0.006824
0 0.656662 0.442856 0.020077 0.006824
0 0.677515 0.442892 0.015582 0.006827
0 0.656932 0.936566 0.019940 0.007084
0 0.677678 0.936588 0.015497 0.006824
0 0.283185 0.936487 0.019964 0.006827
0 0.303894 0.936522 0.015473 0.006824
0 0.352359 0.075579 0.006549 0.003176
0 0.666602 0.359527 0.006916 0.003341
0 0.700005 0.125507 0.005561 0.003284
0 0.701448 0.237662 0.004562 0.003255
0 0.695170 0.172644 0.004435 0.003327
0 0.647315 0.246306 0.010659 0.003369
0 0.272289 0.173774 0.004554 0.003312
0 0.327084 0.128649 0.005638 0.003227
0 0.324516 0.176089 0.004481 0.003290
0 0.327843 0.226581 0.004564 0.003275
0 0.351526 0.207141 0.009538 0.003352
0 0.339557 0.288726 0.005479 0.003181
0 0.279887 0.295453 0.005358 0.003341