0 0.231724 0.703552 0.005511 0.003406
0 0.160273 0.680677 0.006800 0.003354
0 0.192112 0.652756 0.005412 0.003494
0 0.253537 0.698460 0.005515 0.003394
0 0.338191 0.710170 0.005525 0.003525
0 0.185752 0.775720 0.006297 0.003346
0 0.314984 0.790569 0.005535 0.003531
0 0.160827 0.134632 0.009520 0.003360
0 0.193938 0.312960 0.006800 0.003417
0 0.336876 0.199775 0.005523 0.003522
0 0.314926 0.279225 0.005396 0.003494
0 0.188001 0.216252 0.005396 0.003494
0 0.289080 0.226294 0.006498 0.003411
0 0.239418 0.300527 0.010615 0.003511
0 0.316119 0.326143 0.006879 0.003326
0 0.278164 0.281607 0.006758 0.003272
0 0.253538 0.198557 0.005493 0.003394
0 0.348293 0.239179 0.006798 0.003380
0 0.159082 0.225154 0.006800 0.003354
0 0.228182 0.146867 0.009625 0.003383
0 0.193412 0.149769 0.005402 0.003494
0 0.630094 0.199759 0.010697 0.003497
0 0.615480 0.159758 0.006780 0.003323
0 0.543085 0.260409 0.005372 0.003480
0 0.625282 0.258918 0.006256 0.003366
0 0.689908 0.203659 0.009641 0.003397
0 0.675577 0.252888 0.005501 0.003480
0 0.580519 0.260415 0.005374 0.003480
0 0.567316 0.200945 0.006488 0.003366
0 0.664998 0.205058 0.005337 0.003351
0 0.537549 0.202271 0.005337 0.003266
0 0.609040 0.296003 0.006804 0.003377
0 0.226253 0.221587 0.005386 0.003351
0 0.196273 0.272022 0.006297 0.003337
0 0.160663 0.139648 0.014181 0.003286
0 0.177856 0.718249 0.005400 0.003537
0 0.289876 0.725296 0.006498 0.003371
0 0.228172 0.646741 0.009623 0.003445
0 0.788677 0.675262 0.006929 0.003394
0 0.813299 0.797818 0.009472 0.003326
0 0.789907 0.800701 0.006879 0.003357
0 0.813471 0.802833 0.014554 0.003351
0 0.489141 0.708346 0.009633 0.003337
0 0.516363 0.675412 0.005404 0.003351
0 0.499164 0.771211 0.005412 0.003494
0 0.547374 0.798558 0.007022 0.003408
0 0.579322 0.708190 0.006841 0.003340
0 0.567077 0.667159 0.007022 0.003408
0 0.774338 0.299185 0.014624 0.003682
0 0.774588 0.294256 0.009462 0.003383
0 0.763121 0.259309 0.005501 0.003480
0 0.775286 0.203545 0.009641 0.003397
0 0.675776 0.939530 0.003254 0.002559
0 0.648664 0.931537 0.019029 0.007543
0 0.667880 0.931324 0.014713 0.007543
0 0.275826 0.931757 0.019031 0.007543
0 0.275850 0.431785 0.019031 0.007543
0 0.643909 0.431386 0.019029 0.007543
0 0.294795 0.931555 0.014713 0.007543
0 0.294885 0.431785 0.014711 0.007543
0 0.663016 0.431785 0.014713 0.007543
0 0.302872 0.939775 0.003254 0.002559
0 0.302828 0.439876 0.003254 0.002556
0 0.675790 0.439885 0.003254 0.002556
0 0.688924 0.298649 0.014624 0.003682
0 0.688854 0.293883 0.009462 0.003383
0 0.583958 0.781721 0.005414 0.003494
0 0.623068 0.781744 0.005523 0.003494
0 0.790014 0.708780 0.005460 0.003351
0 0.643077 0.711337 0.005460 0.003095
0 0.814351 0.690594 0.009633 0.003337
0 0.678613 0.786767 0.007082 0.003411
0 0.692972 0.705483 0.006488 0.003351
0 0.801647 0.749759 0.005539 0.003497
0 0.740398 0.691385 0.010746 0.003511
0 0.744480 0.771297 0.006297 0.003380
0 0.235747 0.790993 0.010723 0.003497
0 0.160668 0.639457 0.014183 0.003326
0 0.160882 0.634443 0.009520 0.003323
0 0.210791 0.833112 0.006800 0.003351