0 0.817608 0.478269 0.005956 0.005275
0 0.855353 0.486743 0.012777 0.005084
0 0.822152 0.599631 0.009027 0.005070
0 0.860288 0.603370 0.012738 0.005087
0 0.752736 0.433599 0.014056 0.005073
0 0.628620 0.436455 0.011670 0.004913
0 0.765320 0.552566 0.007139 0.005047
0 0.835181 0.540336 0.006015 0.004850
0 0.700000 0.567157 0.006021 0.004848
0 0.652848 0.567164 0.006015 0.004907
0 0.855430 0.441512 0.012593 0.005024
0 0.845658 0.371395 0.012404 0.005115
0 0.639391 0.508400 0.005851 0.004973
0 0.668842 0.482922 0.007344 0.004882
0 0.199166 0.482928 0.007387 0.004973
0 0.292831 0.599789 0.009055 0.005078
0 0.390630 0.603377 0.012696 0.005061
0 0.236420 0.467019 0.005968 0.004919
0 0.181905 0.558404 0.006019 0.004902
0 0.295651 0.552572 0.007131 0.005115
0 0.387817 0.469782 0.012660 0.005081
0 0.347946 0.478277 0.006031 0.005292
0 0.169822 0.508406 0.005652 0.005133
0 0.282448 0.444188 0.014084 0.005081
0 0.365523 0.540331 0.005980 0.004919
0 0.324034 0.421287 0.009067 0.005098
0 0.230350 0.558394 0.005994 0.004882
0 0.707218 0.435313 0.006006 0.004887
0 0.699391 0.483899 0.008982 0.005038
0 0.799047 0.418455 0.009047 0.005135
0 0.158736 0.436426 0.012172 0.004902
0 0.195307 0.369007 0.006694 0.004124
0 0.664972 0.369015 0.006849 0.004061
0 0.249852 0.703954 0.019180 0.009179
0 0.719467 0.716587 0.019277 0.009042
0 0.738694 0.716178 0.014644 0.008903
0 0.269139 0.703820 0.014771 0.008655
0 0.271702 0.714979 0.004874 0.004520
0 0.741280 0.727672 0.004793 0.004372