0 0.570323 0.543114 0.007761 0.006816
0 0.579653 0.446291 0.008180 0.006927
0 0.336954 0.622035 0.009284 0.005473
0 0.551674 0.403203 0.010181 0.006765
0 0.478402 0.541651 0.009163 0.006659
0 0.463341 0.305422 0.012145 0.006705
0 0.482947 0.389651 0.018545 0.006730
0 0.408633 0.367628 0.007761 0.006819
0 0.403430 0.626317 0.012145 0.006705
0 0.351469 0.642412 0.011748 0.006625
0 0.351349 0.622007 0.016585 0.005245
0 0.386706 0.543170 0.007761 0.006819
0 0.361091 0.461588 0.016275 0.006699
0 0.361518 0.402607 0.008180 0.006930
0 0.457025 0.891318 0.045072 0.017933
0 0.501004 0.891056 0.033711 0.018287
0 0.801641 0.573493 0.007761 0.006816