0 0.330560 0.603631 0.009974 0.008150
0 0.289179 0.719256 0.014626 0.008071
0 0.383677 0.405838 0.014665 0.008170
0 0.441457 0.449011 0.022648 0.008435
0 0.338789 0.515204 0.009531 0.008321
0 0.552575 0.492952 0.009966 0.008133
0 0.622223 0.541223 0.009790 0.008150
0 0.434560 0.603602 0.009551 0.008139
0 0.614352 0.644263 0.009591 0.008179
0 0.536113 0.644337 0.009571 0.008122
0 0.432890 0.768410 0.014441 0.008407
0 0.269397 0.522893 0.014441 0.008054
0 0.837444 0.944152 0.008154 0.007791
0 0.800373 0.927622 0.031211 0.015147
0 0.830783 0.927773 0.024390 0.015147