0 0.716024 0.628081 0.011753 0.004175
0 0.213342 0.696435 0.005640 0.004178
0 0.356646 0.695940 0.007099 0.004124
0 0.356563 0.775561 0.005561 0.004272
0 0.314635 0.775570 0.005603 0.004272
0 0.730935 0.744808 0.006855 0.003990
0 0.609866 0.763887 0.005543 0.004144
0 0.667753 0.756080 0.006629 0.004141
0 0.744558 0.664450 0.011956 0.004146
0 0.193344 0.677810 0.012116 0.004238
0 0.261745 0.764618 0.006690 0.004203
0 0.188546 0.805506 0.011930 0.004320
0 0.205318 0.752486 0.006881 0.004095
0 0.587056 0.688529 0.006939 0.003990
0 0.318514 0.702679 0.005640 0.004218
0 0.669775 0.681976 0.013268 0.004312
0 0.747404 0.801954 0.011854 0.004175
0 0.719302 0.803381 0.008444 0.004135
0 0.627839 0.640174 0.008336 0.004132
0 0.718679 0.690742 0.005612 0.004135
0 0.559396 0.718716 0.005614 0.004135
0 0.261862 0.704336 0.013331 0.004346
0 0.217100 0.805235 0.008404 0.004195
0 0.301018 0.656536 0.008515 0.004192
0 0.219605 0.649970 0.011832 0.004209
0 0.563161 0.763901 0.005545 0.004144
0 0.214268 0.193840 0.005626 0.004135
0 0.580018 0.322629 0.008442 0.004221
0 0.581759 0.164048 0.011880 0.004209
0 0.553336 0.322568 0.011930 0.004218
0 0.555794 0.178941 0.011979 0.004192
0 0.569569 0.272526 0.006774 0.004050
0 0.688888 0.283973 0.005569 0.004218
0 0.694464 0.213055 0.005664 0.004235
0 0.736089 0.283944 0.005569 0.004218
0 0.634161 0.122867 0.008366 0.004178
0 0.633000 0.276130 0.006637 0.004184
0 0.731506 0.209295 0.007086 0.004095
0 0.577148 0.215606 0.005664 0.004184
0 0.631643 0.213985 0.013421 0.004317
0 0.194170 0.169981 0.012063 0.004146
0 0.220546 0.147392 0.011735 0.004149
0 0.357590 0.193361 0.007040 0.004021
0 0.341982 0.265040 0.005535 0.004192
0 0.262672 0.262049 0.006649 0.004149
0 0.206225 0.249902 0.006833 0.003970
0 0.189462 0.302947 0.011848 0.004144
0 0.218030 0.302686 0.008372 0.004129
0 0.301956 0.153954 0.008459 0.004192
0 0.262763 0.201741 0.013292 0.004246
0 0.320833 0.195688 0.005628 0.004166
0 0.303492 0.429335 0.021471 0.007863
0 0.325889 0.429305 0.016359 0.007780
0 0.326660 0.437801 0.004487 0.003753
0 0.676552 0.429366 0.021612 0.007863
0 0.698997 0.429218 0.016192 0.007960
0 0.699796 0.437719 0.004586 0.003930
0 0.794926 0.660446 0.020012 0.006369
0 0.835752 0.767650 0.020812 0.006227
0 0.676524 0.929215 0.021749 0.008056
0 0.698795 0.929215 0.016538 0.007863
0 0.699698 0.937618 0.004864 0.004030
0 0.326674 0.937676 0.004729 0.004095
0 0.303150 0.929145 0.021666 0.007917
0 0.325396 0.929111 0.016454 0.007848