0 0.785633 0.802987 0.025179 0.011676
0 0.818192 0.584698 0.011632 0.007326
0 0.847180 0.492424 0.020272 0.007095
0 0.845087 0.452514 0.020189 0.007269
0 0.806324 0.450406 0.023241 0.007335
0 0.725162 0.415241 0.012042 0.007095
0 0.300343 0.484116 0.009557 0.007400
0 0.724895 0.471548 0.009714 0.007326
0 0.690454 0.497339 0.020752 0.007323
0 0.657088 0.488424 0.020730 0.007332
0 0.351573 0.417634 0.016145 0.007993
0 0.279161 0.410219 0.011364 0.007765
0 0.690496 0.462459 0.009714 0.007323
0 0.338492 0.574672 0.009579 0.006973
0 0.281758 0.574357 0.009672 0.008549
0 0.223731 0.574357 0.012090 0.007232
0 0.278767 0.802862 0.033611 0.011933
0 0.348006 0.495229 0.009849 0.007004
0 0.312405 0.803052 0.024907 0.012500
0 0.214287 0.371189 0.009919 0.007235
0 0.264018 0.345000 0.019954 0.007218
0 0.775191 0.353072 0.009633 0.007494
0 0.744070 0.599842 0.009635 0.007494
0 0.679911 0.570563 0.009633 0.007494
0 0.752049 0.802997 0.032739 0.011673
0 0.212850 0.459530 0.022817 0.007001