0 0.353601 0.269051 0.005573 0.004218
0 0.203432 0.252632 0.006784 0.004021
0 0.645003 0.234705 0.005747 0.004246
0 0.637536 0.324902 0.005654 0.004303
0 0.583458 0.183431 0.006919 0.004155
0 0.559135 0.262690 0.008549 0.004229
0 0.591112 0.258001 0.008858 0.004289
0 0.540147 0.192784 0.008575 0.004263
0 0.593999 0.105858 0.008521 0.004243
0 0.560184 0.105150 0.011870 0.004258
0 0.259967 0.204440 0.013244 0.004349
0 0.260017 0.305691 0.008408 0.004195
0 0.679408 0.235128 0.007060 0.004249
0 0.707127 0.157063 0.005646 0.004175
0 0.669243 0.157623 0.005644 0.004178
0 0.598340 0.313960 0.006851 0.004260
0 0.623876 0.149119 0.013308 0.004406
0 0.691309 0.119624 0.008565 0.004298
0 0.311721 0.269038 0.005573 0.004221
0 0.186687 0.305670 0.011840 0.004300
0 0.638929 0.292652 0.012063 0.004232
0 0.254435 0.142465 0.008539 0.004195
0 0.189207 0.148971 0.008408 0.004195
0 0.354773 0.196087 0.007068 0.004064
0 0.192432 0.179826 0.012122 0.004172
0 0.211543 0.196607 0.005654 0.004232
0 0.217773 0.150094 0.011898 0.004206
0 0.259943 0.264725 0.006675 0.004206
0 0.559595 0.343236 0.011823 0.004278
0 0.316696 0.202821 0.005654 0.004161
0 0.261120 0.622724 0.008366 0.004178
0 0.363049 0.783802 0.005569 0.004218
0 0.321424 0.712913 0.005664 0.004235
0 0.315847 0.783830 0.005569 0.004218
0 0.196528 0.772384 0.006774 0.004050
0 0.182753 0.678799 0.011979 0.004192
0 0.180295 0.822425 0.011930 0.004218
0 0.208719 0.663906 0.011880 0.004209
0 0.206978 0.822486 0.008442 0.004221
0 0.609866 0.763887 0.005543 0.004144
0 0.667753 0.756080 0.006629 0.004141
0 0.730935 0.744808 0.006855 0.003990
0 0.669775 0.681976 0.013268 0.004312
0 0.259960 0.775987 0.006637 0.004184
0 0.747404 0.801954 0.011854 0.004175
0 0.719302 0.803381 0.008444 0.004135
0 0.627839 0.640174 0.008336 0.004132
0 0.718679 0.690742 0.005612 0.004135
0 0.559396 0.718716 0.005614 0.004135
0 0.587056 0.688529 0.006939 0.003990
0 0.716024 0.628081 0.011753 0.004175
0 0.563161 0.763901 0.005545 0.004144
0 0.258603 0.713843 0.013421 0.004317
0 0.204107 0.715463 0.005664 0.004184
0 0.358467 0.709152 0.007088 0.004095
0 0.744558 0.664450 0.011956 0.004146
0 0.794749 0.660781 0.020181 0.005842
0 0.835837 0.767623 0.020181 0.005842
0 0.289501 0.429486 0.022839 0.008188
0 0.311991 0.429263 0.016974 0.008410
0 0.313163 0.437561 0.005086 0.003984
0 0.683633 0.444327 0.016974 0.008410
0 0.698904 0.929040 0.016974 0.008407
0 0.325744 0.929185 0.016976 0.008407
0 0.661279 0.444897 0.022841 0.008188
0 0.676756 0.929250 0.022841 0.008185
0 0.303401 0.929312 0.022841 0.008188
0 0.699713 0.937613 0.005084 0.003981
0 0.326612 0.937613 0.005084 0.003981