0 0.353850 0.518582 0.011349 0.005419
0 0.494116 0.594169 0.010961 0.005448
0 0.495912 0.674853 0.011361 0.005539
0 0.634803 0.411373 0.011183 0.005419
0 0.588301 0.389193 0.018557 0.005616
0 0.572909 0.528257 0.008990 0.006040
0 0.634773 0.545489 0.014308 0.005373
0 0.202897 0.182996 0.084495 0.033438
0 0.285777 0.183511 0.062673 0.033709
0 0.708935 0.853623 0.060325 0.023655
0 0.768399 0.853895 0.044537 0.023481
0 0.400997 0.361110 0.009391 0.005334
0 0.513163 0.410812 0.009313 0.005798
0 0.467347 0.419902 0.009393 0.005334
0 0.366769 0.438553 0.009256 0.005505
0 0.418711 0.528183 0.009262 0.005778
0 0.490353 0.528100 0.009297 0.006001