0 0.160668 0.139600 0.014183 0.003326
0 0.177856 0.218391 0.005400 0.003537
0 0.289876 0.225439 0.006498 0.003371
0 0.228172 0.146884 0.009623 0.003445
0 0.809929 0.327388 0.009422 0.003394
0 0.810081 0.321841 0.014463 0.003294
0 0.483456 0.205946 0.009269 0.003309
0 0.816800 0.228263 0.009301 0.003508
0 0.495561 0.275047 0.005424 0.003511
0 0.331830 0.790365 0.005396 0.003494
0 0.194734 0.718256 0.005362 0.003494
0 0.306779 0.725115 0.006498 0.003323
0 0.252589 0.790801 0.010627 0.003494
0 0.553550 0.771318 0.006299 0.003366
0 0.607173 0.705543 0.006520 0.003306
0 0.560329 0.691406 0.010596 0.003497
0 0.656458 0.711358 0.005384 0.003081
0 0.780819 0.674152 0.005470 0.003368
0 0.734984 0.665617 0.007030 0.003351
0 0.720180 0.709520 0.006889 0.003377
0 0.752595 0.797606 0.007101 0.003351
0 0.623600 0.784949 0.007030 0.003354
0 0.483532 0.690596 0.009329 0.003351
0 0.508655 0.673537 0.006881 0.003351
0 0.494654 0.750195 0.005392 0.003480
0 0.812632 0.708349 0.009601 0.003354
0 0.675395 0.781734 0.005462 0.003480
0 0.714409 0.781728 0.005416 0.003571
0 0.796796 0.771238 0.005537 0.003525
0 0.486760 0.787221 0.009531 0.003408
0 0.486962 0.792371 0.014499 0.003254
0 0.510006 0.792400 0.006770 0.003254
0 0.506994 0.710946 0.005384 0.003368
0 0.177055 0.680667 0.006800 0.003351
0 0.245041 0.646703 0.009591 0.003380
0 0.208978 0.652739 0.005364 0.003494
0 0.202616 0.775523 0.006297 0.003340
0 0.177552 0.639457 0.014181 0.003326
0 0.177592 0.634443 0.009522 0.003323
0 0.227093 0.832646 0.006800 0.003354
0 0.248566 0.703524 0.005374 0.003354
0 0.270421 0.698417 0.005513 0.003394
0 0.355025 0.707874 0.005364 0.003494
0 0.580659 0.284024 0.005424 0.003511
0 0.619048 0.284013 0.005507 0.003511
0 0.800010 0.279481 0.005424 0.003494
0 0.511631 0.180517 0.005350 0.003343
0 0.642658 0.212190 0.005513 0.003343
0 0.790649 0.233782 0.005396 0.003380
0 0.543884 0.303360 0.007010 0.003380
0 0.676502 0.293189 0.007105 0.003380
0 0.563673 0.172401 0.007012 0.003383
0 0.575508 0.214165 0.006768 0.003411
0 0.781317 0.324574 0.006792 0.003408
0 0.694895 0.213034 0.006498 0.003309
0 0.742195 0.208007 0.010705 0.003565
0 0.745600 0.286348 0.006289 0.003366
0 0.790651 0.197827 0.007020 0.003354
0 0.275752 0.431818 0.018592 0.006965
0 0.294896 0.431818 0.014266 0.006965
0 0.302831 0.440020 0.002986 0.002667
0 0.648672 0.431696 0.018888 0.007187
0 0.667879 0.431650 0.014413 0.007096
0 0.675804 0.439809 0.002972 0.002531
0 0.275720 0.931486 0.018719 0.006973
0 0.294836 0.931575 0.014415 0.007150
0 0.302858 0.939701 0.003133 0.002599
0 0.648698 0.931384 0.018916 0.007452
0 0.667796 0.931433 0.014511 0.007147
0 0.675805 0.939726 0.003095 0.002696
0 0.235747 0.291136 0.010723 0.003497
0 0.160882 0.134585 0.009520 0.003323
0 0.210791 0.333254 0.006800 0.003351
0 0.231724 0.203695 0.005511 0.003406
0 0.160273 0.180819 0.006800 0.003354
0 0.192112 0.152898 0.005412 0.003494
0 0.253537 0.198602 0.005515 0.003394
0 0.338191 0.210312 0.005525 0.003525
0 0.185752 0.275862 0.006297 0.003346
0 0.314984 0.290711 0.005535 0.003531