0 0.225571 0.768861 0.008797 0.003337
0 0.193065 0.768810 0.005404 0.003508
0 0.364391 0.655654 0.006051 0.003403
0 0.756559 0.708353 0.006508 0.003380
0 0.607043 0.755878 0.005414 0.003537
0 0.770412 0.764702 0.005515 0.003551
0 0.331830 0.290507 0.005396 0.003494
0 0.194734 0.218398 0.005362 0.003494
0 0.306779 0.225258 0.006498 0.003323
0 0.252589 0.290943 0.010627 0.003494
0 0.809929 0.327388 0.009422 0.003394
0 0.810081 0.321841 0.014463 0.003294
0 0.483456 0.205946 0.009269 0.003309
0 0.816800 0.228263 0.009301 0.003508
0 0.594250 0.807797 0.014493 0.003408
0 0.712797 0.709550 0.005404 0.003551
0 0.593087 0.651790 0.006790 0.003351
0 0.594416 0.689867 0.009629 0.003383
0 0.777496 0.703373 0.005390 0.003354
0 0.732966 0.764409 0.005521 0.003551
0 0.704432 0.764615 0.008908 0.003411
0 0.615841 0.689858 0.005493 0.003380
0 0.669459 0.691959 0.010705 0.003508
0 0.657666 0.656515 0.006788 0.003351
0 0.663594 0.755972 0.006317 0.003394
0 0.594338 0.802675 0.009510 0.003383
0 0.684941 0.804380 0.006903 0.003368
0 0.716042 0.662777 0.006788 0.003354
0 0.201111 0.706214 0.006466 0.003343
0 0.286747 0.806231 0.006772 0.003331
0 0.220549 0.683351 0.005382 0.003323
0 0.321769 0.709198 0.006992 0.003337
0 0.349371 0.701525 0.005481 0.003363
0 0.248326 0.701623 0.005472 0.003508
0 0.197950 0.668860 0.006772 0.003329
0 0.294680 0.695073 0.010621 0.003522
0 0.360065 0.755023 0.005402 0.003508
0 0.254669 0.769500 0.005505 0.003508
0 0.375864 0.807578 0.014521 0.003209
0 0.375769 0.802521 0.009510 0.003411
0 0.376229 0.686630 0.009597 0.003406
0 0.293572 0.658213 0.006798 0.003397
0 0.305770 0.763917 0.006329 0.003394
0 0.495561 0.275047 0.005424 0.003511
0 0.580659 0.284024 0.005424 0.003511
0 0.619048 0.284013 0.005507 0.003511
0 0.800010 0.279481 0.005424 0.003494
0 0.511631 0.180517 0.005350 0.003343
0 0.642658 0.212190 0.005513 0.003343
0 0.790649 0.233782 0.005396 0.003380
0 0.563673 0.172401 0.007012 0.003383
0 0.543884 0.303360 0.007010 0.003380
0 0.676502 0.293189 0.007105 0.003380
0 0.575508 0.214165 0.006768 0.003411
0 0.781317 0.324574 0.006792 0.003408
0 0.694895 0.213034 0.006498 0.003309
0 0.742195 0.208007 0.010705 0.003565
0 0.745600 0.286348 0.006289 0.003366
0 0.790651 0.197827 0.007020 0.003354
0 0.177055 0.180809 0.006800 0.003351
0 0.245041 0.146845 0.009591 0.003380
0 0.208978 0.152881 0.005364 0.003494
0 0.202616 0.275665 0.006297 0.003340
0 0.177552 0.139600 0.014181 0.003326
0 0.177592 0.134585 0.009522 0.003323
0 0.227093 0.332789 0.006800 0.003354
0 0.248566 0.203666 0.005374 0.003354
0 0.270421 0.198559 0.005513 0.003394
0 0.355025 0.208017 0.005364 0.003494
0 0.501713 0.651764 0.006790 0.003351
0 0.502898 0.687995 0.009629 0.003383
0 0.516069 0.756791 0.005420 0.003830
0 0.502016 0.799253 0.009508 0.003716
0 0.501839 0.804303 0.014493 0.003408
0 0.275773 0.431728 0.018634 0.006820
0 0.295009 0.431549 0.014415 0.006820
0 0.302814 0.439658 0.003117 0.002303
0 0.648607 0.431649 0.018636 0.006820
0 0.667837 0.431626 0.014195 0.006820
0 0.675639 0.439796 0.003065 0.002425
0 0.648685 0.931552 0.018487 0.006820
0 0.667935 0.931626 0.014241 0.006820
0 0.675642 0.939679 0.003059 0.002431
0 0.275865 0.931352 0.018634 0.006820
0 0.294782 0.931512 0.014344 0.006820
0 0.302802 0.939561 0.003061 0.001983