0 0.517029 0.618776 0.015739 0.008349
0 0.544573 0.725894 0.025086 0.008766
0 0.406387 0.573947 0.015100 0.008139
0 0.393008 0.706105 0.018740 0.008418
0 0.458542 0.344862 0.018740 0.008418
0 0.377211 0.476859 0.015370 0.008512
0 0.339131 0.463010 0.012239 0.008364
0 0.266332 0.366629 0.005807 0.007814
0 0.306137 0.604967 0.011617 0.008714
0 0.523954 0.439910 0.011617 0.008714
0 0.425410 0.896060 0.033779 0.016961
0 0.381681 0.895887 0.044306 0.017480
0 0.522547 0.527442 0.024719 0.008315
0 0.459384 0.444708 0.030988 0.009113
0 0.305011 0.245914 0.018529 0.008173
0 0.680928 0.725623 0.025086 0.008766
0 0.656362 0.618952 0.015739 0.008349
0 0.665391 0.538012 0.024719 0.008315
0 0.660610 0.439796 0.011617 0.008714
0 0.252430 0.439695 0.011125 0.008364