0 0.225932 0.361243 0.009027 0.006783
0 0.188333 0.354822 0.018902 0.007050
0 0.556849 0.280000 0.018102 0.006794
0 0.314263 0.281443 0.020965 0.006848
0 0.309329 0.524708 0.010639 0.007068
0 0.409763 0.524782 0.008795 0.007068
0 0.494311 0.524702 0.008989 0.007068
0 0.394892 0.381368 0.014125 0.007136
0 0.214614 0.276197 0.013419 0.007110
0 0.215011 0.588700 0.013419 0.006731
0 0.169827 0.288102 0.018477 0.006982
0 0.461062 0.381237 0.010981 0.006748
0 0.508938 0.420712 0.008801 0.007056
0 0.169988 0.589584 0.018839 0.006811
0 0.204936 0.485711 0.008989 0.007068
0 0.536496 0.192941 0.011715 0.005455
0 0.785641 0.647217 0.030242 0.014041
0 0.816499 0.647189 0.023016 0.014041
0 0.820331 0.664915 0.007453 0.007304