0 0.294680 0.695073 0.010621 0.003522
0 0.376229 0.686630 0.009597 0.003406
0 0.305770 0.763917 0.006329 0.003394
0 0.248326 0.701623 0.005472 0.003508
0 0.225571 0.768861 0.008797 0.003337
0 0.193065 0.768810 0.005404 0.003508
0 0.254669 0.769500 0.005505 0.003508
0 0.541586 0.773492 0.006778 0.003252
0 0.600154 0.807264 0.006780 0.003380
0 0.766076 0.821798 0.006780 0.003380
0 0.581356 0.766566 0.005404 0.003522
0 0.727343 0.192924 0.009617 0.003357
0 0.177055 0.180809 0.006800 0.003351
0 0.245041 0.146845 0.009591 0.003380
0 0.208978 0.152881 0.005364 0.003494
0 0.707044 0.199882 0.005400 0.003326
0 0.202616 0.275665 0.006297 0.003340
0 0.714633 0.250370 0.005475 0.003517
0 0.690641 0.164325 0.006923 0.003337
0 0.177552 0.139600 0.014181 0.003326
0 0.177592 0.134585 0.009522 0.003323
0 0.194734 0.218398 0.005362 0.003494
0 0.375769 0.802310 0.009510 0.003987
0 0.293552 0.658065 0.007657 0.004702
0 0.197965 0.668634 0.007737 0.003782
0 0.286895 0.806143 0.007189 0.004186
0 0.496512 0.759460 0.005597 0.004072
0 0.630963 0.201512 0.009055 0.003765
0 0.615149 0.276103 0.005555 0.003730
0 0.725549 0.295194 0.014789 0.003685
0 0.662458 0.260969 0.006601 0.003671
0 0.606827 0.182904 0.005771 0.003767
0 0.586327 0.208384 0.006786 0.003659
0 0.582320 0.276136 0.005583 0.003682
0 0.725519 0.290174 0.009853 0.003864
0 0.699015 0.296716 0.007177 0.003947
0 0.227044 0.332508 0.006899 0.003916
0 0.665271 0.199490 0.010586 0.003522
0 0.349371 0.701347 0.005481 0.003719
0 0.359914 0.754934 0.005704 0.003685
0 0.375806 0.807115 0.014521 0.003611
0 0.364447 0.655430 0.006871 0.004050
0 0.201094 0.706009 0.006500 0.003753
0 0.248566 0.203498 0.005374 0.003691
0 0.270421 0.198433 0.005513 0.003648
0 0.354947 0.207888 0.005521 0.003750
0 0.331741 0.290385 0.005573 0.003739
0 0.619724 0.766572 0.005400 0.003522
0 0.800026 0.779393 0.005404 0.003522
0 0.743933 0.727774 0.010752 0.003494
0 0.745032 0.773897 0.006276 0.003383
0 0.486434 0.713786 0.009563 0.003394
0 0.220549 0.683351 0.005382 0.003323
0 0.675708 0.939664 0.003345 0.003351
0 0.302884 0.939813 0.003343 0.003354
0 0.302774 0.439826 0.003343 0.003351
0 0.675786 0.439658 0.003343 0.003351
0 0.667703 0.431577 0.015196 0.007908
0 0.294686 0.431539 0.015194 0.007911
0 0.294920 0.931563 0.015196 0.007908
0 0.667538 0.931486 0.015196 0.007908
0 0.648681 0.931284 0.019913 0.008045
0 0.275908 0.931510 0.019911 0.008048
0 0.275998 0.431404 0.019911 0.008045
0 0.648813 0.431439 0.019911 0.008048
0 0.543859 0.803048 0.007322 0.004323
0 0.496757 0.813517 0.007457 0.004577
0 0.550761 0.706550 0.007103 0.003981
0 0.575414 0.715886 0.007342 0.004021
0 0.756385 0.680484 0.007197 0.004149
0 0.511760 0.680318 0.005535 0.003856
0 0.566703 0.672028 0.007276 0.004078
0 0.676509 0.793012 0.007489 0.004001
0 0.479239 0.674681 0.006957 0.003907
0 0.642624 0.711750 0.005620 0.004007
0 0.789833 0.732628 0.005626 0.004052
0 0.816764 0.727888 0.010075 0.003967
0 0.694779 0.712669 0.006657 0.003901
0 0.810075 0.821479 0.014378 0.004121
0 0.809995 0.827075 0.009492 0.003765
0 0.321913 0.709105 0.007352 0.003847
0 0.306666 0.225101 0.006724 0.003636
0 0.252465 0.290731 0.010874 0.003918