0 0.381064 0.170314 0.013719 0.002702
0 0.637815 0.652192 0.004612 0.003352
0 0.638227 0.588512 0.004574 0.003318
0 0.730649 0.574256 0.013739 0.002794
0 0.198548 0.798723 0.009403 0.003312
0 0.218495 0.742794 0.005444 0.003227
0 0.379652 0.691894 0.005569 0.003173
0 0.383334 0.775684 0.004676 0.003341
0 0.346285 0.683513 0.004584 0.003196
0 0.231762 0.677968 0.004584 0.003198
0 0.349546 0.630140 0.009700 0.003341
0 0.321817 0.636103 0.006904 0.003324
0 0.276968 0.652734 0.010712 0.003295
0 0.206784 0.658702 0.009403 0.003327
0 0.226309 0.799420 0.006805 0.003338
0 0.338029 0.775954 0.004632 0.003338
0 0.683826 0.157094 0.006962 0.003332
0 0.599960 0.147196 0.009688 0.003395
0 0.282862 0.767881 0.005378 0.003338
0 0.424126 0.694523 0.013747 0.002979
0 0.726831 0.729072 0.009458 0.003384
0 0.714962 0.803194 0.005477 0.003213
0 0.730939 0.867239 0.009704 0.003321
0 0.703853 0.862108 0.006807 0.003349
0 0.603870 0.829863 0.009365 0.003312
0 0.650878 0.810811 0.005340 0.003355
0 0.598948 0.793456 0.006809 0.003355
0 0.632838 0.751388 0.010687 0.003381
0 0.701453 0.737684 0.004572 0.003213
0 0.695137 0.672668 0.004562 0.003347
0 0.700026 0.625550 0.005580 0.003227
0 0.638624 0.697654 0.006972 0.003284
0 0.575255 0.150721 0.006878 0.003255
0 0.583668 0.260674 0.005444 0.003224
0 0.759846 0.152690 0.013741 0.003070
0 0.645294 0.192366 0.010677 0.003341
0 0.722584 0.202521 0.005567 0.003184
0 0.755009 0.229875 0.004459 0.003341
0 0.748450 0.281212 0.004612 0.003341
0 0.703177 0.281477 0.004604 0.003324
0 0.648016 0.281204 0.005376 0.003298
0 0.673024 0.324413 0.006878 0.003330
0 0.563734 0.316589 0.009355 0.003281
0 0.571965 0.182376 0.009357 0.003287
0 0.596856 0.195621 0.004457 0.003290
0 0.378357 0.236874 0.004519 0.003355
0 0.344431 0.207838 0.005580 0.003184
0 0.291071 0.321735 0.006787 0.003367
0 0.196374 0.321860 0.009349 0.003315
0 0.275020 0.193097 0.010730 0.003355
0 0.202996 0.190383 0.009407 0.003355
0 0.215107 0.266099 0.005469 0.003207
0 0.284724 0.147194 0.006799 0.003401
0 0.230280 0.151202 0.009776 0.003275
0 0.202259 0.151183 0.006904 0.003381
0 0.371160 0.283515 0.004602 0.003312
0 0.225012 0.200986 0.004533 0.003295
0 0.328597 0.283529 0.004644 0.003341
0 0.274968 0.279685 0.005428 0.003355
0 0.475113 0.247479 0.020143 0.005704
0 0.518828 0.139666 0.020143 0.005707
0 0.807542 0.364906 0.020143 0.005707
0 0.840301 0.365006 0.020143 0.005707
0 0.153807 0.621800 0.020143 0.005704
0 0.110896 0.727219 0.020143 0.005704
0 0.283229 0.436497 0.020137 0.006956
0 0.303966 0.436571 0.015370 0.006847
0 0.656401 0.436497 0.020139 0.006956
0 0.656768 0.942985 0.020139 0.006956
0 0.283895 0.936417 0.020139 0.006956
0 0.677072 0.436545 0.015370 0.006847
0 0.677491 0.942896 0.015507 0.006853
0 0.304757 0.936549 0.015561 0.007118