0 0.689592 0.411062 0.007054 0.003384
0 0.625326 0.541153 0.007054 0.003384
0 0.634500 0.493629 0.007054 0.003381
0 0.674857 0.653150 0.034570 0.010798
0 0.634424 0.455479 0.007054 0.003381
0 0.335965 0.555210 0.010951 0.003891
0 0.420778 0.696672 0.034624 0.010812
0 0.236515 0.508559 0.008050 0.003891
0 0.187879 0.508576 0.005257 0.003954
0 0.155257 0.508642 0.005255 0.003954
0 0.187859 0.466117 0.005257 0.003911
0 0.285625 0.555201 0.010951 0.003891
0 0.354790 0.506157 0.002871 0.004076
0 0.295056 0.466136 0.008150 0.004091
0 0.236505 0.466082 0.008050 0.003891
0 0.155233 0.466056 0.005255 0.003954
0 0.407462 0.593422 0.009678 0.003549
0 0.389839 0.593660 0.008817 0.003615
0 0.294758 0.508650 0.008150 0.004091
0 0.402239 0.708679 0.009466 0.006987
0 0.656190 0.665486 0.009466 0.006987