0 0.381916 0.729875 0.004457 0.003341
0 0.349491 0.702521 0.005569 0.003184
0 0.272202 0.692366 0.010677 0.003341
0 0.210574 0.760674 0.005446 0.003224
0 0.202162 0.650721 0.006876 0.003255
0 0.226867 0.647196 0.009690 0.003395
0 0.832930 0.793592 0.004638 0.003341
0 0.563744 0.816575 0.009415 0.003281
0 0.591452 0.817308 0.006783 0.003327
0 0.648048 0.785733 0.005291 0.003312
0 0.599981 0.647175 0.009766 0.003295
0 0.571976 0.676425 0.009375 0.003324
0 0.596850 0.695755 0.004489 0.003341
0 0.310734 0.657094 0.006962 0.003332
0 0.703175 0.793663 0.004648 0.003398
0 0.748410 0.793592 0.004572 0.003312
0 0.755057 0.729924 0.004564 0.003327
0 0.722595 0.702564 0.005586 0.003213
0 0.683699 0.657145 0.006777 0.003338
0 0.642031 0.670499 0.010714 0.003324
0 0.223764 0.695621 0.004457 0.003290
0 0.198871 0.682376 0.009357 0.003287
0 0.190641 0.816589 0.009357 0.003281
0 0.299930 0.824413 0.006876 0.003330
0 0.274922 0.781204 0.005378 0.003298
0 0.375356 0.781212 0.004612 0.003341
0 0.330084 0.781477 0.004602 0.003324
0 0.351526 0.207141 0.009538 0.003352
0 0.339557 0.288726 0.005479 0.003181
0 0.279887 0.295453 0.005358 0.003341
0 0.231698 0.311720 0.009613 0.003498
0 0.297763 0.341782 0.006894 0.003324
0 0.697614 0.176032 0.004574 0.003307
0 0.355461 0.342038 0.009389 0.003352
0 0.724583 0.207125 0.009452 0.003298
0 0.700929 0.226541 0.004556 0.003213
0 0.613936 0.234721 0.010701 0.003341
0 0.602926 0.270111 0.006771 0.003312
0 0.603524 0.311792 0.009794 0.003327
0 0.652951 0.300527 0.005354 0.003312
0 0.227013 0.243854 0.006926 0.003324
0 0.638561 0.114912 0.004624 0.003267
0 0.638554 0.173747 0.004683 0.003310
0 0.272281 0.114917 0.004598 0.003352
0 0.712599 0.288689 0.005457 0.003198
0 0.702212 0.341740 0.006795 0.003327
0 0.728512 0.342017 0.009430 0.003310
0 0.700154 0.128595 0.005642 0.003278
0 0.272289 0.173774 0.004554 0.003312
0 0.327084 0.128649 0.005638 0.003227
0 0.324516 0.176089 0.004481 0.003290
0 0.383199 0.652844 0.007277 0.003378
0 0.583659 0.760668 0.005467 0.003184
0 0.327939 0.226839 0.004755 0.003791
0 0.283984 0.436662 0.020502 0.006950
0 0.304600 0.436625 0.015836 0.006950
0 0.656858 0.436363 0.020502 0.006950
0 0.677546 0.436440 0.015882 0.006950
0 0.656101 0.936596 0.020502 0.006950
0 0.676768 0.936403 0.015825 0.006950
0 0.283111 0.936508 0.020502 0.006950
0 0.303768 0.936383 0.015563 0.006950
0 0.434276 0.864859 0.020502 0.005858
0 0.475056 0.747345 0.020502 0.005858
0 0.518528 0.639782 0.020502 0.005858
0 0.756388 0.653049 0.007277 0.003378
0 0.725319 0.075634 0.007277 0.003378
0 0.352306 0.075495 0.007277 0.003378
0 0.274375 0.234974 0.011056 0.003700
0 0.145718 0.640004 0.020502 0.005858
0 0.102142 0.747856 0.020046 0.005855
0 0.807522 0.864656 0.020502 0.005858
0 0.840259 0.864873 0.020502 0.005858