0 0.647047 0.376529 0.019831 0.017407
0 0.646857 0.491314 0.019831 0.017407
0 0.649345 0.614869 0.047894 0.018025
0 0.571632 0.615272 0.023530 0.017447
0 0.568702 0.449490 0.025652 0.017578
0 0.378208 0.647040 0.042286 0.017746
0 0.397559 0.561602 0.019831 0.017407
0 0.311692 0.582714 0.032495 0.016959
0 0.419368 0.465586 0.043534 0.017304
0 0.364087 0.464164 0.030814 0.017241
0 0.702740 0.566019 0.030814 0.017241
0 0.605127 0.692140 0.030814 0.017241
0 0.419271 0.646503 0.030814 0.017241
0 0.484978 0.904300 0.089589 0.035571
0 0.572700 0.904862 0.069476 0.035571
0 0.563304 0.538259 0.020822 0.017509
0 0.469335 0.539303 0.020822 0.018589