0 0.293572 0.658213 0.006798 0.003397
0 0.305770 0.763917 0.006329 0.003394
0 0.248326 0.701623 0.005472 0.003508
0 0.719597 0.174446 0.006911 0.003351
0 0.798259 0.162093 0.006871 0.003394
0 0.810588 0.307278 0.006798 0.003386
0 0.770891 0.262362 0.005384 0.003323
0 0.763498 0.200861 0.005686 0.003311
0 0.463530 0.162667 0.007008 0.003351
0 0.469470 0.223718 0.009623 0.003337
0 0.511412 0.263592 0.005404 0.003508
0 0.599549 0.282076 0.005404 0.003508
0 0.823808 0.262857 0.005404 0.003508
0 0.638505 0.282059 0.005404 0.003508
0 0.464556 0.288247 0.007008 0.003351
0 0.559955 0.179842 0.007006 0.003349
0 0.559955 0.302154 0.007006 0.003351
0 0.701151 0.295054 0.007076 0.003388
0 0.839408 0.160083 0.007028 0.003351
0 0.508249 0.175845 0.005384 0.003397
0 0.645675 0.216528 0.005382 0.003394
0 0.677479 0.215194 0.005593 0.003366
0 0.177055 0.180809 0.006800 0.003351
0 0.245041 0.146845 0.009591 0.003380
0 0.208978 0.152881 0.005364 0.003494
0 0.202616 0.275665 0.006297 0.003340
0 0.177552 0.139600 0.014181 0.003326
0 0.177592 0.134585 0.009522 0.003323
0 0.227093 0.332789 0.006800 0.003354
0 0.248566 0.203666 0.005374 0.003354
0 0.270421 0.198559 0.005513 0.003394
0 0.355025 0.208017 0.005364 0.003494
0 0.331830 0.290507 0.005396 0.003494
0 0.194734 0.218398 0.005362 0.003494
0 0.306779 0.225258 0.006498 0.003323
0 0.252589 0.290943 0.010627 0.003494
0 0.811513 0.216022 0.005291 0.003397
0 0.835371 0.194877 0.009621 0.003337
0 0.839534 0.307123 0.009492 0.003354
0 0.839589 0.301704 0.014604 0.003340
0 0.197950 0.668860 0.006772 0.003329
0 0.193065 0.768810 0.005404 0.003508
0 0.225571 0.768861 0.008797 0.003337
0 0.364391 0.655654 0.006051 0.003403
0 0.650372 0.655956 0.006861 0.003311
0 0.641229 0.800150 0.006871 0.003314
0 0.628381 0.698158 0.008880 0.003354
0 0.666484 0.698508 0.010578 0.003502
0 0.717990 0.665701 0.005583 0.003480
0 0.665919 0.753569 0.006276 0.003354
0 0.707248 0.753482 0.005356 0.003500
0 0.617616 0.758586 0.005460 0.003471
0 0.582412 0.758591 0.005396 0.003485
0 0.584479 0.703843 0.006488 0.003366
0 0.603046 0.678661 0.005462 0.003289
0 0.581066 0.657223 0.009494 0.003337
0 0.580255 0.663360 0.014489 0.003237
0 0.707057 0.701968 0.005354 0.003309
0 0.728950 0.707677 0.006766 0.003329
0 0.201111 0.706214 0.006466 0.003343
0 0.286747 0.806231 0.006772 0.003331
0 0.220549 0.683351 0.005382 0.003323
0 0.321769 0.709198 0.006992 0.003337
0 0.349371 0.701525 0.005481 0.003363
0 0.294680 0.695073 0.010621 0.003522
0 0.360065 0.755023 0.005402 0.003508
0 0.254669 0.769500 0.005505 0.003508
0 0.375864 0.807578 0.014521 0.003209
0 0.375769 0.802521 0.009510 0.003411
0 0.376229 0.686630 0.009597 0.003406
0 0.275727 0.431617 0.018483 0.006620
0 0.294909 0.431686 0.013994 0.006757
0 0.302875 0.439773 0.002950 0.002323
0 0.654595 0.431610 0.018588 0.006714
0 0.673819 0.431651 0.014187 0.006632
0 0.681675 0.439722 0.003049 0.002653