0 0.202162 0.650721 0.006876 0.003255
0 0.210574 0.760674 0.005446 0.003224
0 0.272202 0.692366 0.010677 0.003341
0 0.349491 0.702521 0.005569 0.003184
0 0.381916 0.729875 0.004457 0.003341
0 0.375356 0.781212 0.004612 0.003341
0 0.330084 0.781477 0.004602 0.003324
0 0.274922 0.781204 0.005378 0.003298
0 0.299930 0.824413 0.006876 0.003330
0 0.599960 0.147196 0.009688 0.003395
0 0.190641 0.816589 0.009357 0.003281
0 0.198871 0.682376 0.009357 0.003287
0 0.223764 0.695621 0.004457 0.003290
0 0.596919 0.760063 0.006807 0.003312
0 0.643955 0.652171 0.004596 0.003310
0 0.726798 0.729051 0.009524 0.003312
0 0.714942 0.803207 0.005497 0.003216
0 0.730933 0.864387 0.009716 0.003341
0 0.666602 0.859527 0.006916 0.003341
0 0.700005 0.625507 0.005561 0.003284
0 0.701448 0.737662 0.004562 0.003255
0 0.647315 0.746306 0.010659 0.003369
0 0.695170 0.672644 0.004435 0.003327
0 0.644741 0.697668 0.006962 0.003312
0 0.644348 0.588469 0.004596 0.003352
0 0.650861 0.810832 0.005434 0.003341
0 0.603850 0.829885 0.009405 0.003355
0 0.310734 0.657094 0.006962 0.003332
0 0.226867 0.647196 0.009690 0.003395
0 0.575255 0.150721 0.006878 0.003255
0 0.645294 0.192366 0.010677 0.003341
0 0.703177 0.281477 0.004604 0.003324
0 0.648016 0.281204 0.005376 0.003298
0 0.571965 0.182376 0.009357 0.003287
0 0.596856 0.195621 0.004457 0.003290
0 0.378357 0.236874 0.004519 0.003355
0 0.344431 0.207838 0.005580 0.003184
0 0.291071 0.321735 0.006787 0.003367
0 0.196374 0.321860 0.009349 0.003315
0 0.275020 0.193097 0.010730 0.003355
0 0.202996 0.190383 0.009407 0.003355
0 0.215107 0.266099 0.005469 0.003207
0 0.284724 0.147194 0.006799 0.003401
0 0.230280 0.151202 0.009776 0.003275
0 0.202259 0.151183 0.006904 0.003381
0 0.371160 0.283515 0.004602 0.003312
0 0.225012 0.200986 0.004533 0.003295
0 0.328597 0.283529 0.004644 0.003341
0 0.274968 0.279685 0.005428 0.003355
0 0.677105 0.436293 0.016396 0.007802
0 0.434333 0.864862 0.020510 0.005966
0 0.475323 0.247765 0.020510 0.005964
0 0.518648 0.139803 0.020510 0.005964
0 0.807459 0.364711 0.020510 0.005966
0 0.840368 0.364711 0.020510 0.005966
0 0.756351 0.152901 0.006751 0.003492
0 0.722531 0.202774 0.005674 0.003689
0 0.754955 0.229875 0.004568 0.003341
0 0.748377 0.281333 0.004757 0.003583
0 0.672831 0.324413 0.007263 0.003330
0 0.563656 0.316696 0.009512 0.003495
0 0.656669 0.942479 0.020897 0.007802
0 0.677571 0.942692 0.016396 0.007802
0 0.283322 0.936093 0.020899 0.007802
0 0.283186 0.436244 0.020897 0.007802
0 0.656113 0.436279 0.020897 0.007802
0 0.303874 0.936558 0.016396 0.007802
0 0.304056 0.436273 0.016396 0.007802
0 0.377387 0.170314 0.006364 0.002702
0 0.383177 0.652986 0.006797 0.003070
0 0.683625 0.157346 0.007363 0.003837
0 0.727214 0.574240 0.006849 0.002774
0 0.583672 0.260971 0.005767 0.003224