0 0.689230 0.645046 0.013286 0.007150
0 0.773417 0.636366 0.018569 0.006976
0 0.557411 0.540865 0.008785 0.007065
0 0.378646 0.458320 0.009470 0.006894
0 0.543960 0.279290 0.009186 0.006811
0 0.351075 0.390876 0.009109 0.006620
0 0.690553 0.351476 0.009061 0.006845
0 0.756826 0.306043 0.008912 0.007013
0 0.745042 0.399558 0.019095 0.007125
0 0.250955 0.442365 0.008741 0.006845
0 0.651006 0.272514 0.018164 0.007016
0 0.542659 0.380198 0.009400 0.006973
0 0.435964 0.370814 0.008704 0.007059
0 0.262843 0.568250 0.008704 0.007233
0 0.356134 0.568286 0.008823 0.007059
0 0.443155 0.568163 0.008874 0.007059
0 0.694721 0.520150 0.008906 0.007059
0 0.563237 0.883319 0.007957 0.007150
0 0.512118 0.871233 0.031771 0.012565
0 0.542503 0.871624 0.024324 0.012568