0 0.396528 0.546941 0.021511 0.009128
0 0.377702 0.666275 0.010584 0.009980
0 0.402139 0.771398 0.016194 0.009721
0 0.289980 0.301186 0.018723 0.010282
0 0.497621 0.698577 0.010556 0.009225
0 0.535305 0.548038 0.024300 0.009367
0 0.403226 0.425630 0.010953 0.009436
0 0.350474 0.772553 0.021958 0.009718
0 0.440062 0.293769 0.022164 0.009584
0 0.588666 0.645841 0.021636 0.009339
0 0.599901 0.711073 0.014108 0.006113
0 0.517375 0.435050 0.010582 0.009980
0 0.517458 0.309734 0.010584 0.009977
0 0.359750 0.546680 0.021572 0.009211
0 0.743130 0.893460 0.031334 0.013206
0 0.775628 0.893346 0.024123 0.012853
0 0.779454 0.911177 0.007806 0.007056