0 0.243514 0.623415 0.015113 0.007583
0 0.203863 0.529926 0.009815 0.007491
0 0.204630 0.478565 0.009377 0.007124
0 0.205367 0.445790 0.015187 0.006904
0 0.740702 0.654778 0.014847 0.007229
0 0.708360 0.603472 0.009706 0.007144
0 0.201764 0.589732 0.009688 0.007383
0 0.783038 0.603580 0.011651 0.007212
0 0.803914 0.306249 0.016614 0.007497
0 0.675384 0.412540 0.016266 0.007543
0 0.748129 0.802958 0.032775 0.011753
0 0.781858 0.802893 0.025030 0.011750
0 0.741252 0.417185 0.012181 0.007090
0 0.279191 0.570108 0.011606 0.007577
0 0.800239 0.442597 0.023243 0.007223
0 0.754852 0.304628 0.014847 0.007226
0 0.688782 0.539790 0.009833 0.007118
0 0.753190 0.360231 0.009706 0.007144
0 0.739732 0.448667 0.009835 0.007278
0 0.211354 0.370627 0.014595 0.007662
0 0.222752 0.417070 0.020470 0.007400
0 0.257946 0.415288 0.023184 0.007491
0 0.374670 0.442920 0.015887 0.007945
0 0.313337 0.450174 0.012088 0.007628
0 0.335278 0.503521 0.009956 0.007298
0 0.338507 0.564872 0.009492 0.007189
0 0.272158 0.802905 0.032870 0.011921
0 0.305990 0.802965 0.025062 0.012315