0 0.863982 0.555714 0.002384 0.003891
0 0.688699 0.426383 0.005970 0.003729
0 0.749062 0.419651 0.006990 0.003988
0 0.687760 0.540934 0.005386 0.003891
0 0.759632 0.545351 0.004411 0.003877
0 0.811746 0.545282 0.004411 0.003877
0 0.876608 0.498696 0.002372 0.003777
0 0.964503 0.751660 0.006121 0.005299
0 0.857233 0.533841 0.002384 0.003891
0 0.766480 0.464686 0.004675 0.003843
0 0.861310 0.577108 0.002386 0.003891
0 0.839056 0.490286 0.002384 0.003891
0 0.643218 0.472174 0.009720 0.003806
0 0.688782 0.463452 0.005591 0.003991
0 0.612563 0.472486 0.004675 0.003843
0 0.776807 0.413481 0.008485 0.003871
0 0.630722 0.522791 0.004411 0.003877
0 0.729820 0.468817 0.007449 0.003877
0 0.622985 0.586581 0.006990 0.003988
0 0.120237 0.423072 0.009871 0.003623
0 0.625754 0.423003 0.010036 0.003988
0 0.821092 0.490867 0.005775 0.003826
0 0.122268 0.587055 0.006917 0.003774
0 0.185493 0.426410 0.005807 0.003743
0 0.185476 0.463416 0.005535 0.003749
0 0.112682 0.472491 0.004542 0.003746
0 0.266567 0.464658 0.004542 0.003746
0 0.226605 0.464099 0.002680 0.010473
0 0.312015 0.492168 0.005650 0.003583
0 0.244825 0.472064 0.007348 0.003632
0 0.311879 0.545426 0.004423 0.003794
0 0.259781 0.545392 0.004423 0.003794
0 0.130795 0.522781 0.004350 0.003697
0 0.143321 0.472152 0.009688 0.003666
0 0.185472 0.545409 0.005198 0.003737
0 0.366510 0.498736 0.002394 0.003760
0 0.423981 0.741926 0.022462 0.008828
0 0.446588 0.741956 0.016754 0.008888
0 0.468351 0.741984 0.016754 0.009179
0 0.464492 0.751569 0.005507 0.004649
0 0.276943 0.413489 0.008434 0.003632
0 0.277967 0.386847 0.004199 0.002942
0 0.282947 0.386846 0.004298 0.002774
0 0.241901 0.420556 0.006917 0.003774
0 0.774524 0.386766 0.010826 0.003275
0 0.946646 0.742004 0.017153 0.009572
0 0.923646 0.741656 0.022952 0.009401