0 0.581477 0.396571 0.028323 0.008535
0 0.628901 0.398897 0.024645 0.008723
0 0.631343 0.448144 0.024750 0.008461
0 0.504873 0.579418 0.011975 0.008757
0 0.439012 0.411256 0.012023 0.009022
0 0.543145 0.277315 0.011977 0.008757
0 0.514768 0.828348 0.040206 0.014427
0 0.398158 0.443414 0.025752 0.008669
0 0.439636 0.453813 0.025411 0.009022
0 0.426494 0.543777 0.011864 0.008854
0 0.595958 0.561068 0.014065 0.008686
0 0.481678 0.422497 0.011884 0.008763
0 0.481948 0.353536 0.014706 0.008498
0 0.556181 0.828196 0.030532 0.013803