0 0.478978 0.559490 0.009091 0.006556
0 0.349801 0.417174 0.013745 0.006941
0 0.510412 0.626093 0.013745 0.006941
0 0.640752 0.559917 0.008889 0.006385
0 0.385413 0.320352 0.019192 0.006594
0 0.569804 0.559940 0.008909 0.006414
0 0.385041 0.535086 0.009474 0.006385
0 0.575439 0.442987 0.009778 0.006414
0 0.649081 0.494428 0.009071 0.006639
0 0.395342 0.448193 0.009071 0.006636
0 0.407149 0.362336 0.013745 0.006941
0 0.472741 0.355807 0.021625 0.006397
0 0.658149 0.366836 0.029665 0.007320
0 0.585924 0.949790 0.049732 0.017546
0 0.637078 0.949926 0.038643 0.017007