0 0.488911 0.734615 0.011499 0.007903
0 0.563611 0.734397 0.022406 0.008150
0 0.443369 0.880997 0.034548 0.012847
0 0.847916 0.103934 0.027574 0.008028
0 0.837462 0.118558 0.013687 0.007746
0 0.884786 0.118282 0.013377 0.006526
0 0.836953 0.130285 0.008918 0.005973
0 0.836953 0.142509 0.008604 0.006307
0 0.837306 0.154625 0.008527 0.006195
0 0.847857 0.186582 0.027574 0.008028
0 0.847857 0.272229 0.027574 0.008031
0 0.847992 0.357492 0.027574 0.008031
0 0.837314 0.200346 0.013689 0.007743
0 0.837584 0.286948 0.013689 0.007746
0 0.837584 0.372213 0.013689 0.007743
0 0.884893 0.200728 0.013377 0.006529
0 0.885028 0.287140 0.013377 0.006529
0 0.884758 0.372596 0.013377 0.006526
0 0.837488 0.212622 0.008606 0.006304
0 0.837488 0.299416 0.008606 0.006304
0 0.837138 0.384362 0.008606 0.006307
0 0.837337 0.224783 0.008606 0.006307
0 0.837013 0.311272 0.008606 0.006307
0 0.837337 0.396613 0.008606 0.006307
0 0.837460 0.166594 0.008525 0.006195
0 0.837004 0.236754 0.008527 0.006195
0 0.837135 0.248832 0.008527 0.006195
0 0.837265 0.323235 0.008525 0.006195
0 0.837199 0.335312 0.008527 0.006195
0 0.837330 0.408606 0.008527 0.006195
0 0.837199 0.420775 0.008527 0.006195
0 0.838134 0.842519 0.043212 0.015195
0 0.902482 0.843346 0.068668 0.015526
0 0.898773 0.903307 0.026915 0.010450
0 0.827501 0.873319 0.037604 0.011414
0 0.826224 0.903552 0.032944 0.010450
0 0.826519 0.932954 0.036585 0.010752