0 0.190099 0.763320 0.005545 0.004121
0 0.236812 0.763337 0.005545 0.004189
0 0.294709 0.755506 0.006641 0.004121
0 0.357892 0.744215 0.006839 0.004007
0 0.374372 0.801267 0.011872 0.004175
0 0.559595 0.843093 0.011823 0.004278
0 0.560184 0.605007 0.011870 0.004258
0 0.691309 0.619481 0.008565 0.004298
0 0.623876 0.648977 0.013308 0.004406
0 0.598340 0.813817 0.006851 0.004260
0 0.669243 0.657481 0.005644 0.004178
0 0.707127 0.656921 0.005646 0.004175
0 0.679408 0.734986 0.007060 0.004249
0 0.645003 0.734563 0.005747 0.004246
0 0.637536 0.824759 0.005654 0.004303
0 0.638929 0.792509 0.012063 0.004232
0 0.593999 0.605715 0.008521 0.004243
0 0.540147 0.692642 0.008575 0.004263
0 0.591112 0.757858 0.008858 0.004289
0 0.559135 0.762548 0.008549 0.004229
0 0.583458 0.683289 0.006919 0.004155
0 0.188752 0.715410 0.005628 0.004141
0 0.345640 0.690162 0.005630 0.004138
0 0.299938 0.622692 0.008447 0.004175
0 0.294620 0.808517 0.008447 0.004175
0 0.371443 0.625832 0.008447 0.004175
0 0.342985 0.625828 0.011745 0.004132
0 0.296724 0.681218 0.013250 0.004152
0 0.369107 0.667732 0.012009 0.004155
0 0.234555 0.302144 0.008449 0.004175
0 0.218686 0.237321 0.006637 0.004109
0 0.222411 0.145067 0.006812 0.004007
0 0.266957 0.130097 0.011944 0.004178
0 0.264184 0.157633 0.005636 0.004135
0 0.360722 0.196871 0.005636 0.004155
0 0.316009 0.172334 0.007014 0.004007
0 0.263870 0.238836 0.013292 0.004317
0 0.309434 0.243427 0.005529 0.004135
0 0.356539 0.243438 0.005567 0.004135
0 0.587056 0.188672 0.006939 0.003990
0 0.744558 0.164592 0.011956 0.004146
0 0.563161 0.264044 0.005545 0.004144
0 0.609866 0.264030 0.005543 0.004144
0 0.667753 0.256223 0.006629 0.004141
0 0.730935 0.244950 0.006855 0.003990
0 0.669775 0.182119 0.013268 0.004312
0 0.716024 0.128223 0.011753 0.004175
0 0.747404 0.302096 0.011854 0.004175
0 0.719302 0.303524 0.008444 0.004135
0 0.627839 0.140316 0.008336 0.004132
0 0.718679 0.190885 0.005612 0.004135
0 0.559396 0.218859 0.005614 0.004135
0 0.185597 0.127219 0.011751 0.004166
0 0.184277 0.169232 0.008348 0.004175
0 0.215372 0.687818 0.007040 0.003964
0 0.206979 0.308638 0.011749 0.004679
0 0.303093 0.429407 0.022023 0.008441
0 0.325281 0.429476 0.017502 0.008441
0 0.676526 0.429080 0.022023 0.008441
0 0.698721 0.429427 0.017590 0.008441
0 0.661564 0.944719 0.022023 0.008441
0 0.683359 0.944719 0.017284 0.008441
0 0.290091 0.929162 0.022023 0.008441
0 0.312412 0.929242 0.017006 0.008441
0 0.313262 0.937556 0.004787 0.003599
0 0.326534 0.437890 0.004787 0.003599
0 0.699660 0.437931 0.004785 0.003596
0 0.421702 0.660721 0.020872 0.006230
0 0.794511 0.160852 0.020874 0.006230
0 0.835699 0.267484 0.020872 0.006230