0 0.744183 0.576946 0.017949 0.015043
0 0.649395 0.576928 0.018076 0.014752
0 0.553513 0.586844 0.019003 0.014789
0 0.452994 0.554592 0.018166 0.014692
0 0.318463 0.577888 0.017227 0.014304
0 0.387072 0.732000 0.018102 0.013327
0 0.870665 0.920666 0.054511 0.027238
0 0.235285 0.304198 0.028132 0.014199
0 0.324653 0.294592 0.055118 0.015559
0 0.436508 0.303637 0.037062 0.015986
0 0.542735 0.254629 0.018370 0.014989
0 0.598470 0.233412 0.030600 0.013962
0 0.721533 0.313767 0.028128 0.015151
0 0.725081 0.469068 0.037955 0.014487