0 0.521462 0.378284 0.009984 0.008635
0 0.597119 0.675697 0.020794 0.008852
0 0.401020 0.783728 0.015628 0.008840
0 0.295044 0.383983 0.018148 0.008598
0 0.387432 0.562950 0.021425 0.009142
0 0.394839 0.494605 0.021082 0.008720
0 0.392314 0.396036 0.010504 0.008430
0 0.510030 0.484882 0.015571 0.009433
0 0.365738 0.672877 0.010244 0.008341
0 0.330135 0.546525 0.021729 0.008341
0 0.585235 0.483819 0.020705 0.009473
0 0.481221 0.252380 0.009982 0.008954
0 0.499610 0.716099 0.010210 0.008766
0 0.525126 0.566442 0.023953 0.008854
0 0.337703 0.784842 0.013411 0.005865
0 0.741438 0.893200 0.031612 0.013428
0 0.774154 0.892981 0.023887 0.013012
0 0.777798 0.911000 0.007854 0.006954