0 0.202616 0.775523 0.006297 0.003340
0 0.617519 0.805774 0.006740 0.003294
0 0.628849 0.660013 0.006738 0.003297
0 0.593949 0.800617 0.014463 0.003212
0 0.594232 0.806371 0.009500 0.003354
0 0.771521 0.780172 0.005509 0.003537
0 0.756704 0.706492 0.005553 0.003351
0 0.779413 0.704393 0.005394 0.003320
0 0.616012 0.689592 0.005412 0.003323
0 0.593891 0.676528 0.009567 0.003360
0 0.663398 0.689105 0.010596 0.003494
0 0.672578 0.774983 0.005495 0.003394
0 0.733379 0.783488 0.007113 0.003357
0 0.603734 0.755309 0.005404 0.003539
0 0.177552 0.639457 0.014181 0.003326
0 0.177592 0.634443 0.009522 0.003323
0 0.227093 0.832646 0.006800 0.003354
0 0.248566 0.703524 0.005374 0.003354
0 0.270421 0.698417 0.005513 0.003394
0 0.355025 0.707874 0.005364 0.003494
0 0.331830 0.790365 0.005396 0.003494
0 0.194734 0.718256 0.005362 0.003494
0 0.177856 0.218391 0.005400 0.003537
0 0.289876 0.225439 0.006498 0.003371
0 0.228172 0.146884 0.009623 0.003445
0 0.553550 0.271461 0.006299 0.003366
0 0.607173 0.205685 0.006520 0.003306
0 0.560329 0.191549 0.010596 0.003497
0 0.656458 0.211500 0.005384 0.003081
0 0.780819 0.174295 0.005470 0.003368
0 0.306779 0.725115 0.006498 0.003323
0 0.252589 0.790801 0.010627 0.003494
0 0.177055 0.680667 0.006800 0.003351
0 0.245041 0.646703 0.009591 0.003380
0 0.208978 0.652739 0.005364 0.003494
0 0.734984 0.165759 0.007030 0.003351
0 0.720180 0.209662 0.006889 0.003377
0 0.752595 0.297749 0.007101 0.003351
0 0.623600 0.285091 0.007030 0.003354
0 0.483532 0.190738 0.009329 0.003351
0 0.508655 0.173679 0.006881 0.003351
0 0.812632 0.208491 0.009601 0.003354
0 0.675395 0.281877 0.005462 0.003480
0 0.494654 0.250338 0.005392 0.003480
0 0.714409 0.281871 0.005416 0.003571
0 0.796796 0.271381 0.005537 0.003525
0 0.486760 0.287364 0.009531 0.003408
0 0.486962 0.292514 0.014499 0.003254
0 0.510006 0.292542 0.006770 0.003254
0 0.506994 0.211089 0.005384 0.003368
0 0.235747 0.291136 0.010723 0.003497
0 0.160668 0.139600 0.014183 0.003326
0 0.160882 0.134585 0.009520 0.003323
0 0.210791 0.333254 0.006800 0.003351
0 0.231724 0.203695 0.005511 0.003406
0 0.160273 0.180819 0.006800 0.003354
0 0.192112 0.152898 0.005412 0.003494
0 0.253537 0.198602 0.005515 0.003394
0 0.338191 0.210312 0.005525 0.003525
0 0.185752 0.275862 0.006297 0.003346
0 0.314984 0.290711 0.005535 0.003531
0 0.681656 0.939621 0.003329 0.002719
0 0.649833 0.931550 0.018948 0.007461
0 0.669019 0.931384 0.014693 0.007464
0 0.275728 0.931584 0.018948 0.007461
0 0.275710 0.431775 0.018948 0.007461
0 0.648782 0.431580 0.018946 0.007464
0 0.294957 0.931500 0.014693 0.007464
0 0.294873 0.431835 0.014691 0.007461
0 0.667807 0.431580 0.014691 0.007464
0 0.302871 0.939801 0.003329 0.002719
0 0.302850 0.440021 0.003327 0.002716
0 0.675837 0.439913 0.003329 0.002716
0 0.503303 0.806156 0.009754 0.003648
0 0.502754 0.800446 0.014463 0.003668
0 0.512807 0.755167 0.005497 0.003830
0 0.502670 0.676423 0.009611 0.003665