0 0.290021 0.596581 0.011634 0.007329
0 0.214369 0.507842 0.009891 0.007326
0 0.186836 0.508969 0.020605 0.007329
0 0.271055 0.803033 0.032888 0.011938
0 0.309195 0.498807 0.023166 0.007283
0 0.636634 0.663483 0.020431 0.007155
0 0.789377 0.803060 0.024913 0.011765
0 0.810512 0.497080 0.009867 0.007192
0 0.755375 0.317003 0.009867 0.007192
0 0.640228 0.617144 0.020218 0.007286
0 0.777610 0.484237 0.020806 0.007198
0 0.701328 0.328549 0.009532 0.007058
0 0.699206 0.537493 0.023180 0.007238
0 0.831609 0.473379 0.020905 0.007147
0 0.780727 0.412943 0.012090 0.007015
0 0.781636 0.610586 0.009532 0.007055
0 0.755534 0.803046 0.032656 0.011770
0 0.708462 0.591469 0.011572 0.007289
0 0.701391 0.432255 0.009532 0.007058
0 0.844679 0.586978 0.009534 0.007058
0 0.356847 0.640277 0.020272 0.007195
0 0.202904 0.584250 0.009754 0.007144
0 0.230257 0.319270 0.009893 0.007326
0 0.304758 0.802885 0.025042 0.011693
0 0.302156 0.427825 0.009754 0.007144
0 0.302186 0.336525 0.009756 0.007144
0 0.191713 0.464629 0.020721 0.007229
0 0.351151 0.578615 0.020157 0.007292
0 0.189960 0.332148 0.016227 0.007318
0 0.231794 0.403884 0.012152 0.007204