0 0.618204 0.416810 0.007558 0.003369
0 0.589037 0.435335 0.010405 0.003395
0 0.629445 0.464525 0.004955 0.003458
0 0.639750 0.536953 0.004896 0.003369
0 0.604357 0.537231 0.012644 0.004798
0 0.744198 0.462090 0.005108 0.003478
0 0.740080 0.513559 0.013006 0.004969
0 0.737677 0.554049 0.004908 0.003464
0 0.946925 0.700003 0.020427 0.010382
0 0.902239 0.711995 0.008632 0.005849
0 0.599431 0.478059 0.012841 0.005086
0 0.727384 0.435941 0.007558 0.003369
0 0.772423 0.435981 0.007558 0.003369
0 0.871792 0.414749 0.007558 0.003369
0 0.730993 0.458375 0.010405 0.003398
0 0.909875 0.410942 0.010405 0.003395
0 0.856684 0.462856 0.012841 0.005086
0 0.786440 0.485211 0.004953 0.003461
0 0.352809 0.521415 0.004933 0.003521
0 0.197158 0.542356 0.004935 0.003521
0 0.314037 0.542373 0.004935 0.003521
0 0.900605 0.490534 0.004955 0.003458
0 0.105767 0.422835 0.009784 0.003281
0 0.122419 0.461099 0.012881 0.004781
0 0.147426 0.449872 0.005047 0.003478
0 0.117584 0.523710 0.012509 0.004718
0 0.156719 0.523539 0.004935 0.003521
0 0.452412 0.699912 0.020431 0.010393
0 0.402346 0.711984 0.008670 0.005912
0 0.292071 0.581703 0.007657 0.003435
0 0.252593 0.421063 0.007548 0.003398
0 0.371124 0.401501 0.007657 0.003435
0 0.372267 0.560344 0.007657 0.003435
0 0.236528 0.482483 0.012883 0.004778
0 0.272188 0.482389 0.012883 0.004778
0 0.212454 0.582023 0.007657 0.003435
0 0.395607 0.459900 0.012883 0.004778
0 0.206398 0.470402 0.005047 0.003478
0 0.302364 0.470134 0.005047 0.003478
0 0.362181 0.449225 0.005047 0.003478
0 0.131930 0.560534 0.007657 0.003435
0 0.249185 0.442791 0.010576 0.003501
0 0.133720 0.401518 0.007657 0.003435
0 0.262147 0.442769 0.010343 0.003230
0 0.404349 0.420525 0.009859 0.003392
0 0.237955 0.544622 0.012509 0.004718
0 0.275391 0.544622 0.012511 0.004718
0 0.393689 0.523630 0.012509 0.004718
0 0.865518 0.586357 0.007558 0.003369
0 0.735558 0.602023 0.007558 0.003372
0 0.616485 0.575422 0.007558 0.003369
0 0.675734 0.488788 0.004896 0.003369
0 0.675793 0.551058 0.004896 0.003369
0 0.794942 0.558099 0.004898 0.003369
0 0.890119 0.542309 0.004896 0.003369
0 0.843691 0.542328 0.004908 0.003464
0 0.893571 0.452393 0.004898 0.003372