0 0.797472 0.334662 0.020929 0.007261
0 0.842936 0.348077 0.012076 0.007147
0 0.195537 0.412540 0.016266 0.007543
0 0.760255 0.802923 0.032852 0.011856
0 0.794116 0.802992 0.024855 0.011582
0 0.745039 0.634692 0.015270 0.007292
0 0.895893 0.571733 0.020310 0.007383
0 0.668939 0.333884 0.020191 0.007323
0 0.879557 0.536203 0.014954 0.007144
0 0.700585 0.563727 0.014952 0.007147
0 0.268282 0.802958 0.032775 0.011753
0 0.732843 0.498349 0.011594 0.007212
0 0.805305 0.501668 0.009567 0.007144
0 0.302011 0.802893 0.025030 0.011750
0 0.641150 0.486847 0.009567 0.007144
0 0.867600 0.489051 0.009565 0.007144
0 0.627206 0.337654 0.020840 0.007241
0 0.877680 0.430613 0.009754 0.007320
0 0.651294 0.402520 0.009754 0.007320
0 0.320392 0.442597 0.023243 0.007223
0 0.275005 0.304628 0.014847 0.007226
0 0.622330 0.402848 0.020705 0.007429
0 0.208935 0.539790 0.009833 0.007118
0 0.273343 0.360231 0.009706 0.007144
0 0.303191 0.603580 0.011651 0.007212
0 0.324067 0.306249 0.016614 0.007497
0 0.260856 0.654778 0.014847 0.007229
0 0.259885 0.448667 0.009835 0.007278
0 0.724123 0.361645 0.022999 0.007617
0 0.228513 0.603472 0.009706 0.007144
0 0.261405 0.417185 0.012181 0.007090