0 0.814351 0.690594 0.009633 0.003337
0 0.678613 0.786767 0.007082 0.003411
0 0.817584 0.219121 0.009603 0.003394
0 0.783239 0.324007 0.006780 0.003340
0 0.695483 0.213041 0.006488 0.003380
0 0.742892 0.207994 0.010717 0.003568
0 0.643316 0.212196 0.005382 0.003366
0 0.746318 0.286318 0.006317 0.003380
0 0.248566 0.703524 0.005374 0.003354
0 0.270421 0.698417 0.005513 0.003394
0 0.355025 0.707874 0.005364 0.003494
0 0.484023 0.205896 0.009621 0.003397
0 0.493242 0.275506 0.005384 0.003522
0 0.543093 0.304674 0.007012 0.003368
0 0.575697 0.214164 0.006780 0.003380
0 0.509334 0.181882 0.005402 0.003223
0 0.791751 0.198125 0.007012 0.003408
0 0.677965 0.294275 0.006992 0.003368
0 0.568254 0.177112 0.007022 0.003366
0 0.581326 0.284440 0.005404 0.003522
0 0.619664 0.284414 0.005501 0.003522
0 0.800598 0.279478 0.005404 0.003522
0 0.810706 0.326968 0.009492 0.003408
0 0.235747 0.291136 0.010723 0.003497
0 0.160668 0.139600 0.014183 0.003326
0 0.160882 0.134585 0.009520 0.003323
0 0.210791 0.333254 0.006800 0.003351
0 0.231724 0.203695 0.005511 0.003406
0 0.160273 0.180819 0.006800 0.003354
0 0.192112 0.152898 0.005412 0.003494
0 0.253537 0.198602 0.005515 0.003394
0 0.338191 0.210312 0.005525 0.003525
0 0.185752 0.275862 0.006297 0.003346
0 0.314984 0.290711 0.005535 0.003531
0 0.177856 0.218391 0.005400 0.003537
0 0.289876 0.225439 0.006498 0.003371
0 0.228172 0.146884 0.009623 0.003445
0 0.791799 0.232659 0.004876 0.003351
0 0.810709 0.321847 0.014572 0.003317
0 0.692972 0.705483 0.006488 0.003351
0 0.801647 0.749759 0.005539 0.003497
0 0.740398 0.691385 0.010746 0.003511
0 0.744480 0.771297 0.006297 0.003380
0 0.177055 0.680667 0.006800 0.003351
0 0.245041 0.646703 0.009591 0.003380
0 0.208978 0.652739 0.005364 0.003494
0 0.202616 0.775523 0.006297 0.003340
0 0.177552 0.639457 0.014181 0.003326
0 0.177592 0.634443 0.009522 0.003323
0 0.227093 0.832646 0.006800 0.003354
0 0.331830 0.790365 0.005396 0.003494
0 0.194734 0.718256 0.005362 0.003494
0 0.306779 0.725115 0.006498 0.003323
0 0.252589 0.790801 0.010627 0.003494
0 0.788677 0.675262 0.006929 0.003394
0 0.813299 0.797818 0.009472 0.003326
0 0.789907 0.800701 0.006879 0.003357
0 0.813471 0.802833 0.014554 0.003351
0 0.489141 0.708346 0.009633 0.003337
0 0.516363 0.675412 0.005404 0.003351
0 0.499164 0.771211 0.005412 0.003494
0 0.547374 0.798558 0.007022 0.003408
0 0.579322 0.708190 0.006841 0.003340
0 0.567077 0.667159 0.007022 0.003408
0 0.583958 0.781721 0.005414 0.003494
0 0.643077 0.711337 0.005460 0.003095
0 0.623068 0.781744 0.005523 0.003494
0 0.790014 0.708780 0.005460 0.003351
0 0.648714 0.431728 0.018831 0.007105
0 0.667855 0.431844 0.014683 0.007102
0 0.275742 0.431860 0.018831 0.007105
0 0.294970 0.431860 0.014131 0.007105
0 0.275841 0.931361 0.018831 0.007105
0 0.294812 0.931612 0.014528 0.007105
0 0.648771 0.931535 0.018831 0.007105
0 0.667790 0.931626 0.014733 0.007105
0 0.675746 0.939510 0.003496 0.002770
0 0.302894 0.939665 0.003496 0.002767
0 0.302649 0.440077 0.003496 0.002770
0 0.675631 0.439917 0.003496 0.002770