0 0.160273 0.180819 0.006800 0.003354
0 0.331830 0.790365 0.005396 0.003494
0 0.194734 0.718256 0.005362 0.003494
0 0.306779 0.725115 0.006498 0.003323
0 0.252589 0.790801 0.010627 0.003494
0 0.798259 0.162093 0.006871 0.003394
0 0.810588 0.307278 0.006798 0.003386
0 0.770891 0.262362 0.005384 0.003323
0 0.763498 0.200861 0.005686 0.003311
0 0.811513 0.216022 0.005291 0.003397
0 0.835371 0.194877 0.009621 0.003337
0 0.839534 0.307123 0.009492 0.003354
0 0.839589 0.301704 0.014604 0.003340
0 0.463530 0.162667 0.007008 0.003351
0 0.177055 0.680667 0.006800 0.003351
0 0.245041 0.646703 0.009591 0.003380
0 0.208978 0.652739 0.005364 0.003494
0 0.202616 0.775523 0.006297 0.003340
0 0.705742 0.707214 0.005472 0.003343
0 0.575115 0.705925 0.005354 0.003323
0 0.727577 0.690731 0.009593 0.003394
0 0.617645 0.771653 0.005485 0.003522
0 0.665290 0.701059 0.010621 0.003508
0 0.662624 0.769571 0.006317 0.003394
0 0.725721 0.797002 0.014509 0.003289
0 0.725703 0.792023 0.009500 0.003351
0 0.700896 0.796995 0.006869 0.003326
0 0.631760 0.664047 0.006760 0.003380
0 0.630898 0.708504 0.006917 0.003363
0 0.603370 0.712183 0.006510 0.003357
0 0.714711 0.751871 0.005392 0.003537
0 0.703724 0.672854 0.008890 0.003354
0 0.582426 0.771639 0.005392 0.003522
0 0.177552 0.639457 0.014181 0.003326
0 0.177592 0.634443 0.009522 0.003323
0 0.227093 0.832646 0.006800 0.003354
0 0.248566 0.703524 0.005374 0.003354
0 0.270421 0.698417 0.005513 0.003394
0 0.469470 0.223718 0.009623 0.003337
0 0.511412 0.263592 0.005404 0.003508
0 0.599549 0.282076 0.005404 0.003508
0 0.638505 0.282059 0.005404 0.003508
0 0.464556 0.288247 0.007008 0.003351
0 0.823808 0.262857 0.005404 0.003508
0 0.559955 0.179842 0.007006 0.003349
0 0.559955 0.302154 0.007006 0.003351
0 0.839408 0.160083 0.007028 0.003351
0 0.508249 0.175845 0.005384 0.003397
0 0.645675 0.216528 0.005382 0.003394
0 0.677479 0.215194 0.005593 0.003366
0 0.235747 0.291136 0.010723 0.003497
0 0.160668 0.139600 0.014183 0.003326
0 0.160882 0.134585 0.009520 0.003323
0 0.231724 0.203695 0.005511 0.003406
0 0.355025 0.707874 0.005364 0.003494
0 0.192112 0.152898 0.005412 0.003494
0 0.253537 0.198602 0.005515 0.003394
0 0.338191 0.210312 0.005525 0.003525
0 0.185752 0.275862 0.006297 0.003346
0 0.314984 0.290711 0.005535 0.003531
0 0.177856 0.218391 0.005400 0.003537
0 0.289876 0.225439 0.006498 0.003371
0 0.228172 0.146884 0.009623 0.003445
0 0.654674 0.431832 0.019083 0.007239
0 0.673756 0.431584 0.014568 0.007221
0 0.275633 0.431815 0.019083 0.007239
0 0.294689 0.431815 0.015136 0.007239
0 0.302738 0.439939 0.003470 0.002710
0 0.681722 0.439813 0.003468 0.002710
0 0.719597 0.174446 0.006911 0.003351
0 0.700894 0.294869 0.007590 0.003759
0 0.210541 0.332982 0.007300 0.003896