0 0.480440 0.587357 0.014521 0.011396
0 0.436123 0.929766 0.009007 0.007461
0 0.424215 0.689846 0.040476 0.011502
0 0.617014 0.357900 0.023901 0.011268
0 0.616717 0.344503 0.015859 0.011479
0 0.265692 0.357598 0.023901 0.011268
0 0.265395 0.344751 0.015859 0.011479
0 0.468127 0.315705 0.023113 0.011701
0 0.408097 0.312103 0.018942 0.009478
0 0.309576 0.522783 0.014892 0.011425
0 0.417328 0.492144 0.014890 0.011117
0 0.567988 0.522592 0.014892 0.011117
0 0.397803 0.587516 0.014521 0.011396
0 0.512783 0.295182 0.022442 0.011020
0 0.365420 0.295355 0.022442 0.011023
0 0.559971 0.313252 0.007143 0.011274
0 0.560086 0.391693 0.007143 0.011274
0 0.552524 0.587515 0.007143 0.011274
0 0.322445 0.587472 0.007143 0.011274
0 0.313691 0.391952 0.007141 0.011274
0 0.313657 0.313170 0.007141 0.011277
0 0.493979 0.910785 0.047463 0.015038
0 0.441376 0.910919 0.018678 0.013899
0 0.459103 0.489708 0.014890 0.011117
0 0.398108 0.411062 0.019178 0.009453