0 0.254799 0.640174 0.008336 0.004132
0 0.346261 0.803381 0.008444 0.004135
0 0.374363 0.801954 0.011854 0.004175
0 0.342983 0.628081 0.011753 0.004175
0 0.296735 0.681976 0.013268 0.004312
0 0.357895 0.744808 0.006853 0.003990
0 0.294713 0.756080 0.006629 0.004141
0 0.236826 0.763887 0.005543 0.004144
0 0.190121 0.763901 0.005545 0.004144
0 0.214016 0.688529 0.006939 0.003990
0 0.371517 0.664450 0.011956 0.004146
0 0.599747 0.866207 0.008517 0.004195
0 0.688031 0.712207 0.008471 0.004198
0 0.593457 0.568433 0.011809 0.004201
0 0.648414 0.660093 0.005569 0.004243
0 0.652651 0.593431 0.005595 0.004246
0 0.599249 0.687273 0.007099 0.004109
0 0.572383 0.731074 0.012063 0.004246
0 0.594027 0.749836 0.005672 0.004226
0 0.658934 0.754895 0.013298 0.004420
0 0.599827 0.634032 0.005779 0.004685
0 0.699701 0.437875 0.005704 0.004716
0 0.794367 0.160778 0.020828 0.006577
0 0.835754 0.268021 0.020655 0.006204
0 0.800343 0.937690 0.005605 0.004335
0 0.799071 0.928917 0.018759 0.009832
0 0.776537 0.928970 0.022722 0.009726
0 0.421643 0.660923 0.020538 0.006469
0 0.326834 0.937724 0.005273 0.004260
0 0.326080 0.928668 0.017544 0.009590
0 0.303641 0.928893 0.024324 0.009128
0 0.661611 0.833785 0.006696 0.004189
0 0.580117 0.816127 0.006798 0.004041
0 0.186355 0.718716 0.005614 0.004135
0 0.569531 0.868025 0.011888 0.004246
0 0.234555 0.302144 0.008449 0.004175
0 0.206979 0.308917 0.011749 0.004121
0 0.218686 0.237321 0.006637 0.004109
0 0.222411 0.145067 0.006812 0.004007
0 0.266957 0.130097 0.011944 0.004178
0 0.264184 0.157633 0.005636 0.004135
0 0.360722 0.196871 0.005636 0.004155
0 0.316009 0.172334 0.007014 0.004007
0 0.263870 0.238836 0.013292 0.004317
0 0.309434 0.243427 0.005529 0.004135
0 0.356539 0.243438 0.005567 0.004135
0 0.587056 0.188672 0.006939 0.003990
0 0.744558 0.164592 0.011956 0.004146
0 0.563161 0.264044 0.005545 0.004144
0 0.609866 0.264030 0.005543 0.004144
0 0.667753 0.256223 0.006629 0.004141
0 0.730935 0.244950 0.006855 0.003990
0 0.669775 0.182119 0.013268 0.004312
0 0.716024 0.128223 0.011753 0.004175
0 0.747404 0.302096 0.011854 0.004175
0 0.719302 0.303524 0.008444 0.004135
0 0.627839 0.140316 0.008336 0.004132
0 0.718679 0.190885 0.005612 0.004135
0 0.559396 0.218859 0.005614 0.004135
0 0.185597 0.127219 0.011751 0.004166
0 0.184277 0.169232 0.008348 0.004175
0 0.345639 0.690742 0.005612 0.004135
0 0.302999 0.428814 0.023246 0.010259
0 0.325441 0.428923 0.017346 0.010362
0 0.326790 0.437803 0.005082 0.004440
0 0.676724 0.428971 0.023248 0.009741
0 0.699109 0.429275 0.018295 0.009744