0 0.233821 0.608562 0.007119 0.005417
0 0.301524 0.350107 0.010786 0.005412
0 0.235576 0.567957 0.015186 0.005329
0 0.135690 0.631647 0.014886 0.005386
0 0.136433 0.331885 0.014945 0.005361
0 0.179006 0.332774 0.010729 0.005343
0 0.111204 0.442221 0.010798 0.005366
0 0.721451 0.608579 0.007097 0.005435
0 0.666494 0.332773 0.010764 0.005369
0 0.623242 0.631640 0.014826 0.005406
0 0.653365 0.430445 0.008479 0.005409
0 0.662861 0.524325 0.011167 0.005440
0 0.723073 0.567954 0.015188 0.005409
0 0.774102 0.495510 0.008725 0.005383
0 0.730815 0.494983 0.007066 0.005435
0 0.621481 0.583662 0.010804 0.005500
0 0.704143 0.387240 0.016881 0.005577
0 0.761379 0.397950 0.007094 0.005224
0 0.809062 0.397257 0.007094 0.005224
0 0.672047 0.594782 0.008765 0.005363
0 0.175373 0.524330 0.011153 0.005400
0 0.135110 0.530237 0.010764 0.005323
0 0.165734 0.430446 0.008712 0.005229
0 0.216623 0.387243 0.016756 0.005549
0 0.243222 0.495000 0.007234 0.005349
0 0.624068 0.331872 0.014926 0.005392
0 0.184471 0.594786 0.008624 0.005366
0 0.273743 0.397952 0.007107 0.005258
0 0.321440 0.397246 0.007107 0.005258
0 0.286540 0.495533 0.008890 0.005349
0 0.263847 0.759630 0.027550 0.010316
0 0.292052 0.759662 0.020812 0.010319
0 0.750527 0.759508 0.027550 0.010319
0 0.778638 0.759639 0.021044 0.010319