0 0.356041 0.689399 0.023665 0.017548
0 0.497009 0.721994 0.032715 0.017147
0 0.347157 0.571397 0.047605 0.017868
0 0.344548 0.485989 0.032733 0.017868
0 0.636205 0.503918 0.043784 0.017648
0 0.574660 0.503687 0.043088 0.017688
0 0.341220 0.759592 0.030966 0.017446
0 0.553608 0.580138 0.020919 0.017796
0 0.435694 0.480361 0.025971 0.017648
0 0.292527 0.263607 0.042884 0.017899
0 0.432758 0.580420 0.020919 0.017796
0 0.638518 0.411732 0.032715 0.017147
0 0.630739 0.580047 0.019889 0.017648
0 0.337895 0.295212 0.019889 0.017648
0 0.624554 0.667255 0.030966 0.017446
0 0.337556 0.402057 0.019889 0.017648
0 0.497718 0.903491 0.089490 0.036006
0 0.585951 0.903653 0.067686 0.036006