0 0.696614 0.757630 0.010600 0.003320
0 0.759139 0.778594 0.005337 0.003354
0 0.751324 0.811787 0.005384 0.003363
0 0.785274 0.888639 0.009653 0.003326
0 0.606960 0.319135 0.005372 0.003343
0 0.606618 0.218321 0.010544 0.003414
0 0.662694 0.230588 0.005561 0.003320
0 0.605723 0.785164 0.005599 0.003682
0 0.555614 0.665271 0.008140 0.003371
0 0.637644 0.667184 0.009545 0.003363
0 0.567844 0.746821 0.005545 0.003280
0 0.569374 0.821667 0.005329 0.003403
0 0.796120 0.797164 0.006962 0.003414
0 0.683420 0.862784 0.006849 0.003311
0 0.624962 0.821654 0.005664 0.003371
0 0.137523 0.142683 0.006075 0.003502
0 0.696628 0.082962 0.006075 0.003502
0 0.580702 0.615912 0.006075 0.003502
0 0.323608 0.582811 0.006075 0.003502
0 0.285121 0.442391 0.025233 0.009080
0 0.800574 0.442592 0.025231 0.009082
0 0.800713 0.942378 0.025231 0.009082
0 0.427737 0.942769 0.025231 0.009082
0 0.310543 0.442673 0.019788 0.008852
0 0.825640 0.442536 0.019790 0.008852
0 0.825736 0.942625 0.019790 0.008852
0 0.683893 0.815725 0.005372 0.003254
0 0.682056 0.707135 0.006962 0.003240
0 0.350206 0.746837 0.005674 0.003351
0 0.309647 0.779040 0.005303 0.003152
0 0.285587 0.754201 0.008845 0.003283
0 0.172867 0.784618 0.005372 0.003343
0 0.194828 0.664322 0.009406 0.003411
0 0.237831 0.701707 0.006861 0.003283
0 0.346156 0.819775 0.005545 0.003528
0 0.234466 0.811241 0.005571 0.003309
0 0.153054 0.784628 0.009569 0.003391
0 0.233792 0.855289 0.006951 0.003403
0 0.136101 0.891489 0.009655 0.003149
0 0.168533 0.811661 0.005533 0.003414
0 0.155710 0.723118 0.009567 0.003425
0 0.290713 0.819775 0.005360 0.003528
0 0.240809 0.755752 0.010584 0.003326
0 0.355345 0.680975 0.008170 0.003500
0 0.650674 0.754219 0.008690 0.003309
0 0.682862 0.279231 0.005571 0.003203
0 0.663762 0.329159 0.005468 0.003465
0 0.719293 0.329148 0.005569 0.003545
0 0.723199 0.246971 0.005761 0.003192
0 0.728065 0.177069 0.008021 0.003531
0 0.545886 0.284792 0.005392 0.003024
0 0.567697 0.164412 0.009357 0.003403
0 0.528722 0.223279 0.009581 0.003411
0 0.254078 0.238444 0.005569 0.003317
0 0.274920 0.191120 0.005400 0.003329
0 0.261961 0.291425 0.005533 0.003414
0 0.208642 0.291414 0.005364 0.003431
0 0.212680 0.203682 0.005440 0.003209
0 0.169824 0.186793 0.007953 0.003502
0 0.391064 0.109739 0.009414 0.003252
0 0.400332 0.178069 0.009567 0.003428
0 0.400312 0.210643 0.009801 0.003428
0 0.382690 0.240460 0.005497 0.003343
0 0.382693 0.265359 0.005523 0.003463
0 0.377206 0.318601 0.006962 0.003357
0 0.322331 0.274846 0.005505 0.003292
0 0.321041 0.200930 0.010584 0.003371
0 0.248613 0.117964 0.009625 0.003178
0 0.526143 0.284782 0.009655 0.003465
0 0.541602 0.311918 0.005348 0.003403
0 0.509090 0.391632 0.009593 0.003195
0 0.553327 0.362982 0.006931 0.003371