0 0.266657 0.451975 0.015640 0.007429
0 0.278975 0.559143 0.008569 0.006810
0 0.237704 0.661450 0.015440 0.007511
0 0.399593 0.662651 0.011828 0.006910
0 0.486405 0.572906 0.008754 0.007933
0 0.635212 0.480355 0.008146 0.007614
0 0.373233 0.573130 0.008571 0.006813
0 0.601893 0.612638 0.008571 0.006810
0 0.706995 0.486615 0.013457 0.007711
0 0.488357 0.891877 0.007079 0.007466
0 0.370027 0.465182 0.015600 0.006978
0 0.360082 0.393210 0.007029 0.006625
0 0.489425 0.399689 0.016918 0.007463
0 0.610596 0.424096 0.007069 0.006767
0 0.481719 0.875138 0.022008 0.014148
0 0.546367 0.307959 0.010955 0.006374
0 0.451299 0.875396 0.029593 0.013461