0 0.346261 0.803381 0.008444 0.004135
0 0.374363 0.801954 0.011854 0.004175
0 0.342983 0.628081 0.011753 0.004175
0 0.296735 0.681976 0.013268 0.004312
0 0.357895 0.744808 0.006853 0.003990
0 0.294713 0.756080 0.006629 0.004141
0 0.236826 0.763887 0.005543 0.004144
0 0.190121 0.763901 0.005545 0.004144
0 0.214016 0.688529 0.006939 0.003990
0 0.599879 0.634266 0.005674 0.004218
0 0.371517 0.664450 0.011956 0.004146
0 0.599747 0.866207 0.008517 0.004195
0 0.688031 0.712207 0.008471 0.004198
0 0.593457 0.568433 0.011809 0.004201
0 0.648414 0.660093 0.005569 0.004243
0 0.652651 0.593431 0.005595 0.004246
0 0.599249 0.687273 0.007099 0.004109
0 0.572383 0.731074 0.012063 0.004246
0 0.594027 0.749836 0.005672 0.004226
0 0.658934 0.754895 0.013298 0.004420
0 0.661611 0.833785 0.006696 0.004189
0 0.580117 0.816127 0.006798 0.004041
0 0.186355 0.718716 0.005614 0.004135
0 0.569531 0.868025 0.011888 0.004246
0 0.320833 0.195688 0.005628 0.004166
0 0.262763 0.201741 0.013292 0.004246
0 0.301956 0.153954 0.008459 0.004192
0 0.218030 0.302686 0.008372 0.004129
0 0.189462 0.302947 0.011848 0.004144
0 0.206225 0.249902 0.006833 0.003970
0 0.262672 0.262049 0.006649 0.004149
0 0.341982 0.265040 0.005535 0.004192
0 0.357590 0.193361 0.007040 0.004021
0 0.220546 0.147392 0.011735 0.004149
0 0.194170 0.169981 0.012063 0.004146
0 0.744558 0.164592 0.011956 0.004146
0 0.587056 0.188672 0.006939 0.003990
0 0.563161 0.264044 0.005545 0.004144
0 0.609866 0.264030 0.005543 0.004144
0 0.667753 0.256223 0.006629 0.004141
0 0.730935 0.244950 0.006855 0.003990
0 0.669775 0.182119 0.013268 0.004312
0 0.716024 0.128223 0.011753 0.004175
0 0.747404 0.302096 0.011854 0.004175
0 0.719302 0.303524 0.008444 0.004135
0 0.627839 0.140316 0.008336 0.004132
0 0.718679 0.190885 0.005612 0.004135
0 0.559396 0.218859 0.005614 0.004135
0 0.214268 0.193840 0.005626 0.004135
0 0.345639 0.690742 0.005612 0.004135
0 0.254799 0.640174 0.008336 0.004132
0 0.303517 0.429290 0.021521 0.007917
0 0.325835 0.429256 0.016357 0.007848
0 0.326656 0.437821 0.004681 0.003822
0 0.794926 0.160815 0.020613 0.006087
0 0.836101 0.267806 0.020113 0.006087
0 0.676559 0.429293 0.021656 0.008025
0 0.698881 0.429333 0.016504 0.007780
0 0.699697 0.437751 0.004523 0.003602
0 0.776807 0.929118 0.021541 0.007863
0 0.799078 0.929118 0.016331 0.007863
0 0.800190 0.937569 0.004793 0.004127
0 0.421919 0.660574 0.020312 0.006227
0 0.303510 0.929137 0.021527 0.007917
0 0.325879 0.929171 0.016552 0.007712
0 0.326621 0.937556 0.004658 0.003651