0 0.488694 0.460443 0.014945 0.009039
0 0.324305 0.575502 0.012060 0.009173
0 0.568746 0.331226 0.023523 0.009590
0 0.407767 0.460985 0.028478 0.008806
0 0.519437 0.594079 0.011842 0.009652
0 0.426173 0.743036 0.018958 0.009778
0 0.421279 0.901468 0.063328 0.024920
0 0.484787 0.902119 0.048518 0.023834
0 0.525930 0.923374 0.010159 0.010145
0 0.518401 0.257938 0.012060 0.006816
0 0.530526 0.493171 0.012558 0.009923
0 0.330726 0.665423 0.018734 0.010088
0 0.286815 0.667885 0.024676 0.009726
0 0.337399 0.500658 0.025505 0.009698
0 0.299244 0.468528 0.012558 0.009923
0 0.313393 0.407367 0.012197 0.009342
0 0.423627 0.592229 0.014281 0.009555
0 0.435058 0.349312 0.019159 0.009798