0 0.307130 0.514518 0.010907 0.009390
0 0.307200 0.620013 0.010907 0.009387
0 0.428831 0.619812 0.010925 0.009236
0 0.428931 0.514595 0.010907 0.009390
0 0.362570 0.514604 0.014816 0.008991
0 0.362554 0.619635 0.014816 0.008991
0 0.520226 0.514346 0.015080 0.009820
0 0.520206 0.619792 0.015080 0.009447
0 0.570278 0.619598 0.014713 0.009094
0 0.570262 0.514219 0.014665 0.009475
0 0.638026 0.514265 0.014147 0.009436
0 0.638026 0.619712 0.014147 0.009436
0 0.708990 0.514276 0.017282 0.009361
0 0.708962 0.619541 0.017280 0.009265
0 0.833262 0.873806 0.071175 0.021317
0 0.805042 0.897970 0.018930 0.013067