0 0.536793 0.847728 0.030590 0.014225
0 0.562073 0.514269 0.028914 0.006759
0 0.467905 0.533509 0.013726 0.006813
0 0.437033 0.351487 0.013728 0.006810
0 0.522679 0.364746 0.016185 0.006956
0 0.436048 0.394582 0.008879 0.006844
0 0.433549 0.479803 0.008879 0.006847
0 0.483954 0.479712 0.010786 0.006762
0 0.496789 0.458308 0.020941 0.007078
0 0.435006 0.443595 0.008484 0.006870
0 0.479040 0.407288 0.011058 0.006690
0 0.550193 0.864380 0.012398 0.008184
0 0.553011 0.361085 0.011753 0.006377