0 0.328646 0.546270 0.005138 0.003321
0 0.276164 0.458646 0.005186 0.003387
0 0.402319 0.708522 0.008741 0.006280
0 0.729561 0.511046 0.008632 0.003079
0 0.323102 0.577124 0.005321 0.003238
0 0.359876 0.507349 0.006256 0.003221
0 0.290862 0.518885 0.006246 0.003250
0 0.293515 0.502023 0.008356 0.003794
0 0.319086 0.458043 0.005337 0.003264
0 0.430983 0.696555 0.025335 0.011058
0 0.239563 0.451274 0.008442 0.003449
0 0.208642 0.462863 0.005319 0.003378
0 0.732367 0.454639 0.003959 0.003264
0 0.829026 0.454599 0.003959 0.003264
0 0.732312 0.461820 0.004201 0.003378
0 0.705138 0.511079 0.008523 0.003310
0 0.779577 0.494746 0.008402 0.003620
0 0.363386 0.590981 0.007078 0.003153
0 0.902257 0.708640 0.008833 0.006482
0 0.640853 0.504929 0.005531 0.003136
0 0.778175 0.567064 0.006103 0.003278
0 0.872894 0.519055 0.004201 0.003378
0 0.827005 0.571492 0.003959 0.003264
0 0.714084 0.571492 0.003957 0.003264
0 0.196583 0.512158 0.005340 0.003250
0 0.216523 0.580867 0.005209 0.003307
0 0.931695 0.696492 0.025573 0.011240