0 0.176745 0.407652 0.008920 0.006708
0 0.225412 0.365467 0.011151 0.006649
0 0.295085 0.367479 0.013994 0.006689
0 0.376203 0.265174 0.020921 0.006768
0 0.461715 0.264577 0.013178 0.006708
0 0.521964 0.273847 0.018314 0.006879
0 0.512892 0.337572 0.018753 0.006737
0 0.461416 0.353183 0.008898 0.006612
0 0.488575 0.473183 0.008906 0.006726
0 0.379972 0.525654 0.010639 0.006703
0 0.473315 0.574625 0.013323 0.006634
0 0.519859 0.576335 0.018594 0.006566
0 0.275930 0.496613 0.008704 0.006689
0 0.195023 0.496509 0.008987 0.006697
0 0.147816 0.274540 0.018017 0.006811
0 0.851873 0.067095 0.020518 0.007874
0 0.785464 0.647278 0.030868 0.014551
0 0.816431 0.647278 0.023548 0.013993
0 0.820389 0.664490 0.007717 0.007555