0 0.650876 0.283074 0.010840 0.005588
0 0.283240 0.154795 0.008132 0.005828
0 0.276441 0.119305 0.014175 0.005506
0 0.227967 0.212249 0.008825 0.005483
0 0.336165 0.232164 0.008106 0.005417
0 0.381895 0.232096 0.007719 0.005064
0 0.390827 0.179883 0.008767 0.006748
0 0.317238 0.118931 0.010163 0.006509
0 0.280738 0.211124 0.018737 0.005566
0 0.200942 0.154544 0.011011 0.004791
0 0.236746 0.125660 0.007516 0.005118
0 0.269185 0.267545 0.011954 0.006791
0 0.671298 0.148681 0.008612 0.006184
0 0.686065 0.899880 0.024646 0.008447
0 0.709500 0.899779 0.018960 0.008307
0 0.699980 0.907166 0.004634 0.003679
0 0.200299 0.112850 0.014993 0.005762
0 0.312210 0.386656 0.025908 0.009025
0 0.337414 0.386391 0.019805 0.008495
0 0.330224 0.393651 0.005396 0.003762
0 0.716410 0.218665 0.007719 0.005064
0 0.761561 0.198750 0.007719 0.005064
0 0.611272 0.123632 0.007719 0.005064
0 0.573746 0.139910 0.010840 0.005588
0 0.575123 0.098886 0.014993 0.005762
0 0.727102 0.145192 0.010161 0.006509
0 0.664437 0.218809 0.018735 0.005563
0 0.602412 0.218853 0.008825 0.005486
0 0.685823 0.112149 0.008612 0.006184
0 0.650576 0.110541 0.014511 0.005506
0 0.761754 0.698414 0.007719 0.005064
0 0.716040 0.718782 0.007719 0.005064
0 0.610996 0.623549 0.007719 0.005064
0 0.664646 0.718360 0.018735 0.005566
0 0.602251 0.718433 0.008825 0.005483
0 0.651104 0.782935 0.010840 0.005591
0 0.573681 0.639501 0.010840 0.005591
0 0.575246 0.598723 0.014993 0.005762
0 0.650781 0.610564 0.014509 0.005506
0 0.671108 0.649441 0.008612 0.006184
0 0.685736 0.612157 0.008612 0.006184
0 0.726842 0.644739 0.010161 0.006509
0 0.341508 0.755028 0.007719 0.005064
0 0.386001 0.755160 0.007719 0.005064
0 0.220563 0.736793 0.007719 0.005064
0 0.209895 0.791110 0.010840 0.005588
0 0.230637 0.624959 0.010840 0.005591
0 0.394036 0.701567 0.008612 0.006184
0 0.225855 0.675306 0.008612 0.006184
0 0.285134 0.736810 0.008825 0.005486
0 0.372417 0.674571 0.010161 0.006509
0 0.271440 0.668824 0.018737 0.005566
0 0.206548 0.663823 0.014511 0.005503
0 0.203383 0.620319 0.014991 0.005762
0 0.240158 0.791884 0.014993 0.005762
0 0.312569 0.899769 0.025577 0.008852
0 0.685946 0.400056 0.025577 0.008849
0 0.709427 0.400070 0.019805 0.008495
0 0.336126 0.899600 0.019805 0.008495
0 0.699843 0.407173 0.005396 0.003762
0 0.327087 0.907179 0.005398 0.003762