0 0.277940 0.545893 0.006917 0.004275
0 0.206723 0.438381 0.006812 0.004184
0 0.412451 0.457015 0.006788 0.004181
0 0.780442 0.441778 0.011789 0.004246
0 0.191262 0.521121 0.006804 0.004454
0 0.266382 0.437769 0.013341 0.004400
0 0.402515 0.552424 0.006935 0.004454
0 0.179300 0.585410 0.011963 0.004221
0 0.178944 0.578166 0.018211 0.004044
0 0.746860 0.574296 0.008630 0.004226
0 0.746082 0.460556 0.006905 0.004206
0 0.178870 0.421931 0.012045 0.004232
0 0.659460 0.399396 0.008418 0.004309
0 0.383859 0.459659 0.006992 0.004221
0 0.354492 0.556600 0.008952 0.004229
0 0.751718 0.425504 0.011120 0.004203
0 0.702987 0.452958 0.013437 0.004389
0 0.659612 0.462894 0.008719 0.004232
0 0.643342 0.541502 0.006792 0.004366
0 0.625448 0.465570 0.008181 0.004238
0 0.598962 0.541510 0.006802 0.004417
0 0.700094 0.538891 0.007888 0.004275
0 0.588103 0.454803 0.006760 0.004192
0 0.765548 0.516623 0.006917 0.004400
0 0.779233 0.567150 0.011930 0.004235
0 0.222884 0.401137 0.008485 0.004149
0 0.208619 0.584659 0.008485 0.004149
0 0.779331 0.573253 0.018211 0.004044
0 0.884640 0.573339 0.018211 0.004044
0 0.884387 0.567042 0.011930 0.004235
0 0.872038 0.516483 0.006917 0.004400
0 0.887027 0.441736 0.011789 0.004246
0 0.064054 0.421845 0.012045 0.004232
0 0.076612 0.520933 0.006804 0.004454
0 0.064250 0.578015 0.018213 0.004044
0 0.064956 0.585316 0.011963 0.004221
0 0.249438 0.743210 0.023514 0.008438
0 0.273528 0.743034 0.017848 0.008792
0 0.289373 0.753292 0.003772 0.002838
0 0.751636 0.753297 0.003772 0.002838
0 0.741698 0.743102 0.017850 0.008792
0 0.717679 0.743236 0.023514 0.008438