0 0.387057 0.379762 0.023161 0.008891
0 0.611517 0.337161 0.024856 0.009436
0 0.491246 0.901993 0.061088 0.023084
0 0.554405 0.901894 0.046642 0.022551
0 0.506316 0.681994 0.018527 0.009501
0 0.433885 0.688301 0.018144 0.009088
0 0.415046 0.611963 0.011850 0.009056
0 0.406876 0.547524 0.012252 0.009416
0 0.441304 0.477576 0.014678 0.008897
0 0.496523 0.534595 0.014009 0.009316
0 0.513291 0.402238 0.028327 0.009493
0 0.588368 0.415006 0.011850 0.009059
0 0.581326 0.539213 0.011848 0.009059
0 0.596364 0.489330 0.012252 0.009413
0 0.543300 0.336412 0.018142 0.009091
0 0.585237 0.616802 0.018142 0.009088
0 0.512599 0.615060 0.018144 0.009088
0 0.336404 0.306109 0.011449 0.007338
0 0.596330 0.923572 0.010484 0.010325