0 0.584203 0.433816 0.046887 0.009877
0 0.619655 0.265433 0.018964 0.009595
0 0.537034 0.526068 0.014588 0.009723
0 0.537991 0.589769 0.014890 0.009686
0 0.538459 0.727024 0.018682 0.010006
0 0.669902 0.535874 0.014634 0.010083
0 0.622932 0.699024 0.018307 0.009781
0 0.494471 0.807767 0.014000 0.010009
0 0.538368 0.648263 0.018102 0.007637
0 0.320833 0.213129 0.006494 0.009769
0 0.306355 0.358310 0.018682 0.010006
0 0.321394 0.489447 0.046887 0.009875
0 0.403900 0.528184 0.014445 0.009869
0 0.331139 0.690359 0.018966 0.009595
0 0.350124 0.808392 0.030197 0.010068
0 0.704409 0.803368 0.014632 0.010083
0 0.859420 0.893150 0.014640 0.021522
0 0.904954 0.893143 0.050395 0.020961
0 0.849591 0.917345 0.017276 0.012129
0 0.488632 0.214665 0.006980 0.009781
0 0.455524 0.422459 0.018684 0.010009