0 0.101575 0.402526 0.006865 0.003723
0 0.096877 0.559061 0.006863 0.003720
0 0.259744 0.558324 0.004320 0.003746
0 0.131404 0.548273 0.004320 0.003746
0 0.112688 0.498787 0.004489 0.003760
0 0.231316 0.493228 0.005807 0.003754
0 0.193052 0.552248 0.005257 0.003783
0 0.131421 0.446143 0.004320 0.003746
0 0.310414 0.518505 0.005692 0.003657
0 0.447120 0.741810 0.016951 0.009202
0 0.464487 0.751612 0.005529 0.004598
0 0.964363 0.751576 0.005571 0.004880
0 0.904077 0.741899 0.011676 0.009350
0 0.773809 0.510218 0.005785 0.004005
0 0.923663 0.741899 0.022785 0.009401
0 0.946213 0.741874 0.017282 0.009256
0 0.266470 0.490938 0.004509 0.003940
0 0.185101 0.443793 0.007034 0.003834
0 0.191452 0.609062 0.007082 0.004042
0 0.258796 0.608982 0.007175 0.004168
0 0.310035 0.601718 0.010963 0.003840
0 0.424135 0.741345 0.023204 0.009715