0 0.349371 0.701525 0.005481 0.003363
0 0.294680 0.695073 0.010621 0.003522
0 0.360065 0.755023 0.005402 0.003508
0 0.254669 0.769500 0.005505 0.003508
0 0.375864 0.807578 0.014521 0.003209
0 0.375769 0.802521 0.009510 0.003411
0 0.376229 0.686630 0.009597 0.003406
0 0.305770 0.763917 0.006329 0.003394
0 0.248326 0.701623 0.005472 0.003508
0 0.225571 0.768861 0.008797 0.003337
0 0.193065 0.768810 0.005404 0.003508
0 0.630094 0.699617 0.010697 0.003497
0 0.615480 0.659615 0.006780 0.003323
0 0.543085 0.760266 0.005372 0.003480
0 0.625282 0.758776 0.006256 0.003366
0 0.675577 0.752746 0.005501 0.003480
0 0.580519 0.760272 0.005374 0.003480
0 0.567316 0.700802 0.006488 0.003366
0 0.664998 0.704916 0.005337 0.003351
0 0.537549 0.702129 0.005337 0.003266
0 0.688924 0.798678 0.014624 0.003340
0 0.688854 0.793735 0.009462 0.003394
0 0.609040 0.795861 0.006804 0.003377
0 0.573331 0.208916 0.006468 0.003326
0 0.566260 0.277740 0.005404 0.003511
0 0.201111 0.706214 0.006466 0.003343
0 0.286747 0.806231 0.006772 0.003331
0 0.220549 0.683351 0.005382 0.003323
0 0.321769 0.709198 0.006992 0.003337
0 0.598812 0.277797 0.008759 0.003340
0 0.593590 0.183494 0.005382 0.003323
0 0.665150 0.189255 0.010727 0.003480
0 0.678910 0.266589 0.006287 0.003397
0 0.699058 0.168884 0.006768 0.003337
0 0.741929 0.174403 0.009573 0.003351
0 0.748819 0.302806 0.009510 0.003354
0 0.720737 0.304960 0.006770 0.003337
0 0.627888 0.278463 0.005505 0.003508
0 0.733317 0.257568 0.005404 0.003508
0 0.722412 0.201667 0.005481 0.003363
0 0.619769 0.195333 0.005470 0.003508
0 0.694810 0.209340 0.006992 0.003337
0 0.245041 0.146845 0.009591 0.003380
0 0.208978 0.152881 0.005364 0.003494
0 0.202616 0.275665 0.006297 0.003340
0 0.689908 0.703363 0.009641 0.003705
0 0.749437 0.307764 0.014521 0.003787
0 0.177247 0.180641 0.007183 0.003688
0 0.227200 0.332679 0.007014 0.003574
0 0.194888 0.218398 0.005670 0.003494
0 0.293706 0.658083 0.007066 0.003656
0 0.197987 0.668748 0.006847 0.003554
0 0.364759 0.655437 0.007092 0.003836
0 0.648703 0.431841 0.018974 0.007278
0 0.667872 0.431681 0.014125 0.006971
0 0.675710 0.440043 0.003284 0.002958
0 0.275528 0.431647 0.018974 0.007278
0 0.294831 0.431624 0.014368 0.007278
0 0.302831 0.439855 0.003325 0.002650
0 0.774558 0.793911 0.009462 0.003394
0 0.774465 0.799003 0.014624 0.003591
0 0.762940 0.759169 0.005501 0.003634
0 0.775264 0.703468 0.009641 0.003705
0 0.643970 0.931622 0.018974 0.007278
0 0.275534 0.931416 0.018974 0.007278
0 0.295071 0.931787 0.014368 0.007278
0 0.302867 0.939829 0.003325 0.002650
0 0.675666 0.939772 0.003325 0.002650
0 0.662898 0.931704 0.014368 0.007278
0 0.177552 0.139600 0.014181 0.003326
0 0.177592 0.134585 0.009522 0.003323
0 0.248566 0.203666 0.005374 0.003354
0 0.270421 0.198559 0.005513 0.003394
0 0.355025 0.208017 0.005364 0.003494
0 0.331830 0.290507 0.005396 0.003494
0 0.306779 0.225258 0.006498 0.003323
0 0.252589 0.290943 0.010627 0.003494