0 0.648975 0.585410 0.011963 0.004221
0 0.428045 0.492424 0.006139 0.004221
0 0.648620 0.578166 0.018211 0.004044
0 0.692560 0.401137 0.008485 0.004149
0 0.678294 0.584659 0.008485 0.004149
0 0.211320 0.557586 0.006927 0.004434
0 0.439125 0.551372 0.006804 0.004437
0 0.451851 0.611166 0.011950 0.004292
0 0.460510 0.475380 0.012089 0.004275
0 0.417268 0.607437 0.008535 0.004203
0 0.451855 0.604716 0.018346 0.004178
0 0.366471 0.461369 0.013494 0.004494
0 0.241098 0.466661 0.006778 0.004238
0 0.370784 0.559984 0.007955 0.004255
0 0.040541 0.458729 0.012116 0.004275
0 0.052148 0.546372 0.006778 0.004434
0 0.114913 0.583093 0.008827 0.004238
0 0.155962 0.469138 0.008535 0.004255
0 0.072409 0.428494 0.006800 0.004061
0 0.306778 0.467726 0.008168 0.004258
0 0.427985 0.448946 0.008825 0.004292
0 0.146592 0.422488 0.008839 0.004241
0 0.284724 0.570001 0.008803 0.004238
0 0.163051 0.557620 0.006802 0.004434
0 0.824168 0.556600 0.008952 0.004229
0 0.747615 0.545893 0.006917 0.004275
0 0.736058 0.437769 0.013341 0.004400
0 0.648545 0.421931 0.012045 0.004232
0 0.676398 0.438381 0.006812 0.004184
0 0.882127 0.457015 0.006788 0.004181
0 0.853534 0.459659 0.006992 0.004221
0 0.660938 0.521121 0.006804 0.004454
0 0.872190 0.552424 0.006935 0.004454
0 0.759100 0.753190 0.003915 0.003109
0 0.719024 0.743051 0.023822 0.009367
0 0.743053 0.743048 0.018106 0.009367
0 0.247833 0.743048 0.023822 0.009367
0 0.272008 0.743458 0.018108 0.009367
0 0.282000 0.753302 0.003915 0.003109
0 0.534544 0.585285 0.012154 0.004637
0 0.533934 0.578075 0.018451 0.004523
0 0.546324 0.521148 0.007090 0.004554
0 0.533636 0.421889 0.012398 0.004782