0 0.562251 0.441832 0.022668 0.022437
0 0.268083 0.652030 0.023718 0.019761
0 0.750887 0.469044 0.025614 0.022010
0 0.620539 0.551908 0.035102 0.022010
0 0.738459 0.575476 0.023147 0.019059
0 0.632944 0.637105 0.035777 0.020453
0 0.794482 0.464776 0.015509 0.050094
0 0.795282 0.343335 0.015509 0.050097
0 0.794598 0.212233 0.015511 0.050094
0 0.201719 0.304708 0.015511 0.050094
0 0.202375 0.456387 0.015509 0.050094
0 0.283496 0.767881 0.035777 0.020453
0 0.457243 0.510296 0.051934 0.020707
0 0.271816 0.460827 0.025616 0.022013
0 0.751207 0.342410 0.025614 0.022010
0 0.736770 0.234581 0.022571 0.021032