0 0.627839 0.640174 0.008336 0.004132
0 0.719302 0.803381 0.008444 0.004135
0 0.747404 0.801954 0.011854 0.004175
0 0.716024 0.628081 0.011753 0.004175
0 0.669775 0.681976 0.013268 0.004312
0 0.730935 0.744808 0.006855 0.003990
0 0.667753 0.756080 0.006629 0.004141
0 0.609866 0.763887 0.005543 0.004144
0 0.563161 0.763901 0.005545 0.004144
0 0.744558 0.664450 0.011956 0.004146
0 0.587056 0.688529 0.006939 0.003990
0 0.356539 0.743296 0.005567 0.004135
0 0.309434 0.743284 0.005529 0.004135
0 0.263870 0.738693 0.013292 0.004317
0 0.316009 0.672192 0.007014 0.004007
0 0.360722 0.696728 0.005636 0.004155
0 0.264184 0.657491 0.005636 0.004135
0 0.266957 0.629954 0.011944 0.004178
0 0.222411 0.644924 0.006812 0.004007
0 0.218686 0.737179 0.006637 0.004109
0 0.659233 0.234691 0.005612 0.004315
0 0.693614 0.235110 0.006929 0.004275
0 0.653084 0.292649 0.012063 0.004295
0 0.605261 0.257997 0.008870 0.004320
0 0.597718 0.183433 0.006732 0.004295
0 0.573794 0.343230 0.011775 0.004295
0 0.206979 0.808705 0.011749 0.004591
0 0.234574 0.801818 0.008668 0.004571
0 0.196528 0.272526 0.006774 0.004050
0 0.182753 0.178941 0.011979 0.004192
0 0.180295 0.322568 0.011930 0.004218
0 0.208719 0.164048 0.011880 0.004209
0 0.206978 0.322629 0.008442 0.004221
0 0.612557 0.313957 0.006960 0.004260
0 0.721381 0.157072 0.005636 0.004146
0 0.683509 0.157622 0.005636 0.004146
0 0.638049 0.149117 0.013409 0.004429
0 0.608145 0.105856 0.008549 0.004263
0 0.574450 0.105140 0.011854 0.004283
0 0.184277 0.669089 0.008348 0.004175
0 0.185597 0.627076 0.011751 0.004166
0 0.559396 0.718716 0.005614 0.004135
0 0.718679 0.690742 0.005612 0.004135
0 0.572395 0.305124 0.008582 0.004366
0 0.651795 0.324915 0.005638 0.004317
0 0.258603 0.213985 0.013421 0.004317
0 0.204107 0.215606 0.005664 0.004184
0 0.358467 0.209295 0.007088 0.004095
0 0.259960 0.276130 0.006637 0.004184
0 0.261120 0.122867 0.008366 0.004178
0 0.363049 0.283944 0.005569 0.004218
0 0.321424 0.213055 0.005664 0.004235
0 0.315847 0.283973 0.005569 0.004218
0 0.794751 0.660808 0.020250 0.005885
0 0.835777 0.767890 0.020250 0.005885
0 0.303561 0.429330 0.021735 0.008122
0 0.325920 0.429292 0.016667 0.008125
0 0.326592 0.437777 0.004765 0.003728
0 0.674856 0.444778 0.021999 0.008250
0 0.697164 0.444776 0.016593 0.008122
0 0.676446 0.929201 0.021733 0.008125
0 0.698843 0.929201 0.016579 0.008125
0 0.699508 0.937628 0.004731 0.003628
0 0.303183 0.929241 0.021735 0.008125
0 0.325459 0.929179 0.016782 0.008122
0 0.326582 0.937720 0.004624 0.003614