0 0.265468 0.614912 0.004622 0.003267
0 0.265461 0.673747 0.004685 0.003310
0 0.351489 0.707125 0.009452 0.003298
0 0.327836 0.726541 0.004558 0.003213
0 0.240844 0.734721 0.010701 0.003341
0 0.230432 0.811792 0.009794 0.003327
0 0.229833 0.770111 0.006773 0.003312
0 0.327061 0.628595 0.005644 0.003278
0 0.339506 0.788689 0.005459 0.003198
0 0.329119 0.841740 0.006793 0.003327
0 0.638227 0.588512 0.004574 0.003318
0 0.227013 0.243854 0.006926 0.003324
0 0.355461 0.342038 0.009389 0.003352
0 0.272281 0.114917 0.004598 0.003352
0 0.297763 0.341782 0.006894 0.003324
0 0.650861 0.310832 0.005434 0.003341
0 0.603850 0.329885 0.009405 0.003355
0 0.596919 0.260063 0.006807 0.003312
0 0.644741 0.197668 0.006962 0.003312
0 0.643955 0.152171 0.004596 0.003310
0 0.726798 0.229051 0.009524 0.003312
0 0.714942 0.303207 0.005497 0.003216
0 0.730933 0.364387 0.009716 0.003341
0 0.279858 0.800527 0.005356 0.003312
0 0.666602 0.359527 0.006916 0.003341
0 0.700005 0.125507 0.005561 0.003284
0 0.695170 0.172644 0.004435 0.003327
0 0.701448 0.237662 0.004562 0.003255
0 0.647315 0.246306 0.010659 0.003369
0 0.272289 0.173774 0.004554 0.003312
0 0.327084 0.128649 0.005638 0.003227
0 0.324516 0.176089 0.004481 0.003290
0 0.327843 0.226581 0.004564 0.003275
0 0.351526 0.207141 0.009538 0.003352
0 0.339557 0.288726 0.005479 0.003181
0 0.279887 0.295453 0.005358 0.003341
0 0.231698 0.311720 0.009613 0.003498
0 0.644348 0.088469 0.004596 0.003352
0 0.637815 0.652192 0.004612 0.003352
0 0.638624 0.697654 0.006972 0.003284
0 0.700026 0.625550 0.005580 0.003227
0 0.695137 0.672668 0.004562 0.003347
0 0.701453 0.737684 0.004572 0.003213
0 0.632838 0.751388 0.010687 0.003381
0 0.598948 0.793456 0.006809 0.003355
0 0.650878 0.810811 0.005340 0.003355
0 0.603870 0.829863 0.009365 0.003312
0 0.703853 0.862108 0.006807 0.003349
0 0.304744 0.436488 0.015829 0.006842
0 0.677706 0.442908 0.015827 0.006842
0 0.677814 0.942922 0.015829 0.006842
0 0.304836 0.936870 0.015827 0.006842
0 0.283911 0.936569 0.020246 0.007591
0 0.656855 0.942219 0.020246 0.007591
0 0.656676 0.442615 0.020246 0.007591
0 0.284070 0.436478 0.020246 0.007591
0 0.274350 0.234812 0.010659 0.003369
0 0.730939 0.867239 0.009704 0.003321
0 0.714962 0.803194 0.005477 0.003213
0 0.726831 0.729072 0.009458 0.003384
0 0.355420 0.842017 0.009430 0.003310
0 0.324521 0.676032 0.004572 0.003307
0 0.352591 0.575671 0.006892 0.003332
0 0.727021 0.574414 0.006833 0.003110
0 0.727050 0.074427 0.006964 0.003130
0 0.352597 0.075507 0.006799 0.003033