0 0.517471 0.574647 0.016035 0.013706
0 0.472999 0.342261 0.016726 0.013426
0 0.376408 0.358324 0.015831 0.013683
0 0.569146 0.481994 0.016978 0.013150
0 0.532827 0.318244 0.023792 0.013814
0 0.545206 0.389558 0.015831 0.013683
0 0.393402 0.569815 0.015831 0.013683
0 0.519013 0.679866 0.023792 0.013814
0 0.376065 0.297281 0.023792 0.013814
0 0.472632 0.327704 0.027252 0.013806
0 0.391004 0.772920 0.015001 0.013059
0 0.433944 0.773378 0.015001 0.013062
0 0.476971 0.772912 0.015001 0.013059
0 0.528239 0.772446 0.022587 0.013062
0 0.578845 0.772680 0.022587 0.013062