0 0.579846 0.215370 0.005624 0.004346
0 0.556719 0.322575 0.011773 0.004243
0 0.627027 0.208165 0.013224 0.004320
0 0.692277 0.283950 0.005585 0.004235
0 0.739411 0.283968 0.005591 0.004238
0 0.636320 0.276130 0.006675 0.004229
0 0.735543 0.209279 0.007113 0.004075
0 0.621677 0.162623 0.008416 0.004192
0 0.572928 0.272525 0.006923 0.004075
0 0.697275 0.213051 0.005716 0.004243
0 0.558985 0.194715 0.012116 0.004238
0 0.186687 0.305670 0.011840 0.004300
0 0.311721 0.269038 0.005573 0.004221
0 0.260017 0.305691 0.008408 0.004195
0 0.254435 0.142465 0.008539 0.004195
0 0.189207 0.148971 0.008408 0.004195
0 0.354773 0.196087 0.007068 0.004064
0 0.192432 0.179826 0.012122 0.004172
0 0.211543 0.196607 0.005654 0.004232
0 0.217773 0.150094 0.011898 0.004206
0 0.259943 0.264725 0.006675 0.004206
0 0.316696 0.202821 0.005654 0.004161
0 0.259967 0.204440 0.013244 0.004349
0 0.353601 0.269051 0.005573 0.004218
0 0.203432 0.252632 0.006784 0.004021
0 0.634634 0.329560 0.008414 0.004192
0 0.205625 0.808857 0.011850 0.004172
0 0.217374 0.737204 0.006663 0.004166
0 0.261985 0.814498 0.008507 0.004209
0 0.182850 0.707803 0.008614 0.004206
0 0.314568 0.672244 0.007133 0.004067
0 0.359277 0.696760 0.005674 0.004263
0 0.262761 0.657525 0.005660 0.004243
0 0.277527 0.629936 0.011858 0.004146
0 0.221031 0.644922 0.006768 0.004058
0 0.639998 0.629954 0.011944 0.004178
0 0.595450 0.644924 0.006810 0.004007
0 0.591727 0.737179 0.006637 0.004109
0 0.580019 0.808775 0.011749 0.004121
0 0.262543 0.746785 0.013367 0.004332
0 0.607595 0.802002 0.008449 0.004175
0 0.557316 0.669089 0.008346 0.004175
0 0.729580 0.743296 0.005567 0.004135
0 0.558638 0.627076 0.011751 0.004166
0 0.682474 0.743284 0.005529 0.004135
0 0.636909 0.738693 0.013294 0.004317
0 0.689050 0.672192 0.007014 0.004007
0 0.733763 0.696728 0.005636 0.004155
0 0.637224 0.657491 0.005636 0.004135
0 0.184237 0.627100 0.011900 0.004209
0 0.355108 0.743361 0.005569 0.004215
0 0.308021 0.743333 0.005569 0.004215
0 0.585316 0.156775 0.011793 0.004238
0 0.289816 0.429158 0.022222 0.007971
0 0.312056 0.429226 0.017193 0.008524
0 0.663063 0.429215 0.022220 0.007971
0 0.685449 0.429494 0.016891 0.007971
0 0.289950 0.929035 0.022220 0.007971
0 0.312094 0.929239 0.017197 0.008378
0 0.676091 0.929317 0.022220 0.007971
0 0.698222 0.929317 0.016774 0.007971
0 0.699601 0.937561 0.004989 0.003933
0 0.313319 0.937729 0.004989 0.003933
0 0.313085 0.437712 0.004989 0.003933
0 0.686422 0.437991 0.004989 0.003933