0 0.135302 0.181650 0.007131 0.003465
0 0.681249 0.141334 0.009619 0.003209
0 0.718800 0.222257 0.005616 0.003465
0 0.676061 0.261901 0.005481 0.003215
0 0.591420 0.166765 0.006841 0.003368
0 0.515182 0.236804 0.007084 0.003160
0 0.816807 0.757729 0.009690 0.003266
0 0.624981 0.829145 0.005569 0.003528
0 0.736118 0.862796 0.006901 0.003283
0 0.567806 0.746897 0.005601 0.003283
0 0.569461 0.829018 0.005458 0.003571
0 0.605801 0.785355 0.005493 0.003283
0 0.684391 0.718230 0.010584 0.003283
0 0.637355 0.667200 0.009492 0.003531
0 0.683889 0.815705 0.005493 0.003249
0 0.759347 0.778635 0.005388 0.003482
0 0.785330 0.888628 0.009537 0.003337
0 0.747031 0.811728 0.005386 0.003257
0 0.555560 0.665284 0.008046 0.003460
0 0.400312 0.710500 0.009801 0.003428
0 0.400332 0.677927 0.009567 0.003428
0 0.382690 0.740318 0.005497 0.003343
0 0.382693 0.765217 0.005523 0.003463
0 0.377206 0.818458 0.006962 0.003357
0 0.322331 0.774704 0.005505 0.003292
0 0.321041 0.700788 0.010584 0.003371
0 0.248613 0.617821 0.009625 0.003178
0 0.254078 0.738302 0.005569 0.003317
0 0.274920 0.690977 0.005400 0.003329
0 0.261961 0.791282 0.005533 0.003414
0 0.208642 0.791271 0.005364 0.003431
0 0.212680 0.703539 0.005440 0.003209
0 0.169824 0.686650 0.007953 0.003502
0 0.391064 0.609597 0.009414 0.003252
0 0.787621 0.819622 0.009448 0.003212
0 0.716395 0.303501 0.005311 0.003428
0 0.752445 0.185681 0.008356 0.003588
0 0.661331 0.303453 0.005607 0.003622
0 0.540607 0.263720 0.005237 0.003360
0 0.534681 0.132883 0.009889 0.003548
0 0.546801 0.298048 0.005390 0.003317
0 0.309199 0.258384 0.005261 0.003317
0 0.289606 0.232770 0.008727 0.003363
0 0.232653 0.168624 0.006877 0.003283
0 0.288849 0.196988 0.006859 0.003283
0 0.242730 0.225244 0.010615 0.003283
0 0.239755 0.290272 0.005700 0.003474
0 0.239034 0.341925 0.006982 0.003571
0 0.158263 0.263733 0.009623 0.003460
0 0.177327 0.263759 0.005321 0.003283
0 0.189310 0.143545 0.009581 0.003101
0 0.161787 0.206882 0.009623 0.003403
0 0.372409 0.164664 0.008021 0.003520
0 0.144247 0.370734 0.009543 0.003309
0 0.347017 0.226529 0.005732 0.003294
0 0.345115 0.301327 0.005358 0.003445
0 0.297947 0.301357 0.005460 0.003465
0 0.174716 0.290296 0.005495 0.003363
0 0.648479 0.222419 0.005287 0.003465
0 0.600424 0.341894 0.006885 0.003428
0 0.603141 0.298150 0.005605 0.003306
0 0.599881 0.224302 0.010522 0.003326
0 0.398199 0.090940 0.006291 0.003460
0 0.777540 0.136378 0.006291 0.003460
0 0.658166 0.442532 0.025194 0.008752
0 0.683756 0.442348 0.019674 0.008492
0 0.255540 0.442358 0.025192 0.008752
0 0.281246 0.442461 0.019212 0.008752
0 0.285352 0.942130 0.025194 0.008752
0 0.310853 0.942280 0.019841 0.008749
0 0.800409 0.942243 0.025194 0.008749
0 0.825901 0.942599 0.019647 0.008749
0 0.580594 0.615748 0.006291 0.003460
0 0.137562 0.642590 0.006291 0.003460