0 0.313683 0.424132 0.012069 0.008583
0 0.442424 0.416960 0.012085 0.009205
0 0.584860 0.436819 0.012682 0.008985
0 0.271746 0.298938 0.018273 0.008851
0 0.436045 0.319648 0.012259 0.008897
0 0.308227 0.601856 0.012174 0.008831
0 0.474017 0.707892 0.012768 0.008800
0 0.436248 0.332075 0.012609 0.008626
0 0.474021 0.720339 0.012571 0.009111
0 0.504156 0.454051 0.012087 0.009202
0 0.565220 0.632098 0.012067 0.008580
0 0.667805 0.584464 0.012067 0.008580
0 0.371501 0.754691 0.018275 0.008851
0 0.355921 0.270450 0.012067 0.008626