0 0.556719 0.322575 0.011773 0.004243
0 0.627027 0.208165 0.013224 0.004320
0 0.692277 0.283950 0.005585 0.004235
0 0.739411 0.283968 0.005591 0.004238
0 0.636320 0.276130 0.006675 0.004229
0 0.735543 0.209279 0.007113 0.004075
0 0.621677 0.162623 0.008416 0.004192
0 0.572928 0.272525 0.006923 0.004075
0 0.253988 0.708022 0.013222 0.004320
0 0.697275 0.213051 0.005716 0.004243
0 0.558985 0.194715 0.012116 0.004238
0 0.186687 0.305670 0.011840 0.004300
0 0.311721 0.269038 0.005573 0.004221
0 0.260017 0.305691 0.008408 0.004195
0 0.254435 0.142465 0.008539 0.004195
0 0.189207 0.148971 0.008408 0.004195
0 0.354773 0.196087 0.007068 0.004064
0 0.192432 0.179826 0.012122 0.004172
0 0.211543 0.196607 0.005654 0.004232
0 0.217773 0.150094 0.011898 0.004206
0 0.259943 0.264725 0.006675 0.004206
0 0.316696 0.202821 0.005654 0.004161
0 0.259967 0.204440 0.013244 0.004349
0 0.353601 0.269051 0.005573 0.004218
0 0.203432 0.252632 0.006784 0.004021
0 0.634634 0.329560 0.008414 0.004192
0 0.732316 0.696760 0.005676 0.004263
0 0.635802 0.657525 0.005660 0.004243
0 0.650567 0.629936 0.011858 0.004146
0 0.594070 0.644922 0.006770 0.004058
0 0.185945 0.694573 0.012116 0.004238
0 0.324234 0.712908 0.005716 0.004243
0 0.261594 0.829417 0.008414 0.004192
0 0.199887 0.772382 0.006923 0.004075
0 0.248638 0.662481 0.008414 0.004192
0 0.362503 0.709137 0.007113 0.004075
0 0.263279 0.775987 0.006675 0.004229
0 0.366370 0.783826 0.005591 0.004238
0 0.183678 0.822432 0.011773 0.004243
0 0.206805 0.715228 0.005624 0.004346
0 0.212276 0.656633 0.011793 0.004238
0 0.557277 0.627100 0.011902 0.004209
0 0.728148 0.743361 0.005569 0.004215
0 0.681062 0.743333 0.005569 0.004215
0 0.635583 0.746785 0.013367 0.004332
0 0.578665 0.808857 0.011850 0.004172
0 0.590414 0.737204 0.006663 0.004166
0 0.635025 0.814498 0.008507 0.004209
0 0.555891 0.707803 0.008614 0.004206
0 0.319236 0.783807 0.005585 0.004235
0 0.687607 0.672244 0.007131 0.004067
0 0.585316 0.156775 0.011793 0.004238
0 0.579846 0.215370 0.005624 0.004346
0 0.289698 0.429273 0.021826 0.008225
0 0.312101 0.429296 0.016778 0.008361
0 0.313234 0.437749 0.004602 0.003933
0 0.686274 0.437749 0.004602 0.003933
0 0.686184 0.937569 0.004602 0.003933
0 0.313333 0.937569 0.004602 0.003688
0 0.685355 0.429363 0.016778 0.008364
0 0.312235 0.929182 0.016776 0.008361
0 0.684948 0.929145 0.016778 0.008361
0 0.663098 0.429189 0.021828 0.008227
0 0.662679 0.929061 0.021828 0.008227
0 0.290152 0.929109 0.021828 0.008227