0 0.170942 0.517729 0.006075 0.005608
0 0.341551 0.487492 0.006073 0.005608
0 0.693563 0.548111 0.006019 0.005455
0 0.643133 0.461546 0.006246 0.005492
0 0.687746 0.467538 0.009307 0.005671
0 0.608586 0.490788 0.006021 0.005634
0 0.566420 0.343155 0.006158 0.005472
0 0.720757 0.593807 0.009041 0.005631
0 0.814327 0.455544 0.006019 0.005651
0 0.740352 0.515836 0.006019 0.005654
0 0.842154 0.439082 0.012811 0.005671
0 0.740427 0.405566 0.014237 0.005814
0 0.635394 0.548102 0.006021 0.005472
0 0.842457 0.515747 0.006131 0.005474
0 0.193549 0.587350 0.006047 0.005608
0 0.241625 0.587214 0.006051 0.005606
0 0.350552 0.545244 0.006049 0.005608
0 0.289681 0.563038 0.006139 0.005711
0 0.259356 0.618195 0.009343 0.005782
0 0.286313 0.432404 0.009345 0.005782
0 0.370617 0.463339 0.009265 0.005782
0 0.206948 0.492365 0.006256 0.005466
0 0.090872 0.344007 0.007608 0.004771
0 0.243677 0.510479 0.009244 0.005665
0 0.368874 0.614142 0.012775 0.005606
0 0.292702 0.488786 0.014294 0.005859
0 0.681981 0.402971 0.009434 0.005668
0 0.945406 0.726087 0.045791 0.011622
0 0.261819 0.754400 0.045791 0.011622
0 0.127393 0.434179 0.010014 0.005520