0 0.670131 0.606257 0.010530 0.005759
0 0.639420 0.611231 0.014741 0.005814
0 0.752638 0.462018 0.011203 0.004531
0 0.746879 0.318742 0.005493 0.004363
0 0.746973 0.384622 0.005382 0.004349
0 0.684272 0.438138 0.007306 0.004335
0 0.810359 0.560868 0.010913 0.005913
0 0.744946 0.550705 0.005418 0.004369
0 0.657410 0.550543 0.005438 0.004374
0 0.684671 0.484474 0.010083 0.004355
0 0.683820 0.388455 0.005779 0.004366
0 0.640667 0.466287 0.004679 0.004223
0 0.282422 0.508595 0.006113 0.005004
0 0.370425 0.577102 0.015092 0.006703
0 0.216483 0.530868 0.006204 0.004785
0 0.226536 0.398424 0.007858 0.004964
0 0.199180 0.448816 0.006383 0.004830
0 0.282081 0.391733 0.012029 0.005654
0 0.161368 0.473591 0.004739 0.004645
0 0.228690 0.344658 0.010574 0.004882
0 0.340501 0.584249 0.011221 0.006526
0 0.352125 0.508363 0.006204 0.004785
0 0.341628 0.391858 0.010683 0.004816
0 0.169995 0.530818 0.006204 0.004782
0 0.364388 0.441300 0.004739 0.004645
0 0.397281 0.506935 0.011221 0.006523
0 0.106195 0.350190 0.008807 0.004882
0 0.259853 0.770385 0.019323 0.008846
0 0.279826 0.770195 0.014679 0.008598
0 0.729599 0.770319 0.019323 0.008846
0 0.749523 0.770164 0.014755 0.008661