0 0.675577 0.252888 0.005501 0.003480
0 0.196273 0.272022 0.006297 0.003337
0 0.160663 0.139648 0.014181 0.003286
0 0.228172 0.646741 0.009623 0.003445
0 0.160273 0.680677 0.006800 0.003354
0 0.545885 0.702636 0.005370 0.003329
0 0.634833 0.769423 0.006264 0.003394
0 0.602681 0.709062 0.006925 0.003363
0 0.554509 0.771503 0.005404 0.003508
0 0.575546 0.711187 0.006498 0.003366
0 0.589757 0.771496 0.005394 0.003465
0 0.697690 0.791868 0.009476 0.003366
0 0.686819 0.751736 0.005495 0.003494
0 0.235747 0.790993 0.010723 0.003497
0 0.160668 0.639457 0.014183 0.003326
0 0.160882 0.634443 0.009520 0.003323
0 0.231724 0.703552 0.005511 0.003406
0 0.210791 0.833112 0.006800 0.003351
0 0.637132 0.701170 0.010673 0.003485
0 0.675835 0.679364 0.008833 0.003340
0 0.698650 0.692291 0.009365 0.003374
0 0.602559 0.658628 0.006685 0.003423
0 0.671360 0.707204 0.005485 0.003340
0 0.671977 0.797543 0.006855 0.003357
0 0.192112 0.652756 0.005412 0.003494
0 0.253537 0.698460 0.005515 0.003394
0 0.338191 0.710170 0.005525 0.003525
0 0.185752 0.775720 0.006297 0.003346
0 0.314984 0.790569 0.005535 0.003531
0 0.177856 0.718249 0.005400 0.003537
0 0.289876 0.725296 0.006498 0.003371
0 0.160827 0.134632 0.009520 0.003360
0 0.193938 0.312960 0.006800 0.003417
0 0.336876 0.199775 0.005523 0.003522
0 0.314926 0.279225 0.005396 0.003494
0 0.188001 0.216252 0.005396 0.003494
0 0.289080 0.226294 0.006498 0.003411
0 0.239418 0.300527 0.010615 0.003511
0 0.316119 0.326143 0.006879 0.003326
0 0.226253 0.221587 0.005386 0.003351
0 0.278164 0.281607 0.006758 0.003272
0 0.253538 0.198557 0.005493 0.003394
0 0.348293 0.239179 0.006798 0.003380
0 0.159082 0.225154 0.006800 0.003354
0 0.228182 0.146867 0.009625 0.003383
0 0.193412 0.149769 0.005402 0.003494
0 0.630094 0.199759 0.010697 0.003497
0 0.615480 0.159758 0.006780 0.003323
0 0.543085 0.260409 0.005372 0.003480
0 0.625282 0.258918 0.006256 0.003366
0 0.689908 0.203659 0.009641 0.003397
0 0.580519 0.260415 0.005374 0.003480
0 0.567316 0.200945 0.006488 0.003366
0 0.664998 0.205058 0.005337 0.003351
0 0.537549 0.202271 0.005337 0.003266
0 0.688924 0.298820 0.014624 0.003340
0 0.688854 0.293877 0.009462 0.003394
0 0.609040 0.296003 0.006804 0.003377
0 0.775282 0.203443 0.009641 0.003397
0 0.763101 0.259409 0.005533 0.003725
0 0.774493 0.294060 0.009462 0.003394
0 0.774630 0.299245 0.014624 0.003340
0 0.783196 0.692274 0.009365 0.003374
0 0.771343 0.751830 0.005495 0.003494
0 0.781206 0.791649 0.009476 0.003366
0 0.781229 0.796788 0.014624 0.003340
0 0.697683 0.796547 0.014624 0.003428
0 0.275753 0.431733 0.018553 0.006982
0 0.294802 0.431733 0.014225 0.006982
0 0.302851 0.439843 0.003083 0.002445
0 0.643907 0.431755 0.018553 0.006982
0 0.663050 0.431718 0.014421 0.006982
0 0.675745 0.439803 0.003014 0.002297
0 0.648672 0.931587 0.018553 0.006982
0 0.667851 0.931542 0.014167 0.006982
0 0.675690 0.939584 0.003083 0.002280
0 0.275735 0.931835 0.018551 0.006982
0 0.294904 0.931835 0.014423 0.006982
0 0.302886 0.939785 0.003133 0.002505