0 0.294680 0.695073 0.010621 0.003522
0 0.360065 0.755023 0.005402 0.003508
0 0.254669 0.769500 0.005505 0.003508
0 0.375864 0.807578 0.014521 0.003209
0 0.375769 0.802521 0.009510 0.003411
0 0.376229 0.686630 0.009597 0.003406
0 0.293572 0.658213 0.006798 0.003397
0 0.305770 0.763917 0.006329 0.003394
0 0.248326 0.701623 0.005472 0.003508
0 0.197950 0.668860 0.006772 0.003329
0 0.225571 0.768861 0.008797 0.003337
0 0.193065 0.768810 0.005404 0.003508
0 0.364391 0.655654 0.006051 0.003403
0 0.306779 0.225258 0.006498 0.003323
0 0.252589 0.290943 0.010627 0.003494
0 0.631113 0.201727 0.008755 0.003334
0 0.615242 0.276208 0.005370 0.003520
0 0.725721 0.295318 0.014445 0.003351
0 0.665271 0.199490 0.010586 0.003522
0 0.662606 0.261104 0.006305 0.003400
0 0.727343 0.192924 0.009617 0.003357
0 0.586499 0.208534 0.006442 0.003360
0 0.177055 0.180809 0.006800 0.003351
0 0.245041 0.146845 0.009591 0.003380
0 0.208978 0.152881 0.005364 0.003494
0 0.707044 0.199882 0.005400 0.003326
0 0.202616 0.275665 0.006297 0.003340
0 0.582427 0.276207 0.005370 0.003539
0 0.725576 0.290319 0.009460 0.003408
0 0.699091 0.296793 0.006822 0.003360
0 0.714633 0.250370 0.005475 0.003517
0 0.690641 0.164325 0.006923 0.003337
0 0.177552 0.139600 0.014181 0.003326
0 0.177592 0.134585 0.009522 0.003323
0 0.227093 0.332789 0.006800 0.003354
0 0.248566 0.203666 0.005374 0.003354
0 0.270421 0.198559 0.005513 0.003394
0 0.355025 0.208017 0.005364 0.003494
0 0.331830 0.290507 0.005396 0.003494
0 0.194734 0.218398 0.005362 0.003494
0 0.606677 0.183115 0.005472 0.003346
0 0.201111 0.706214 0.006466 0.003343
0 0.286747 0.806231 0.006772 0.003331
0 0.781316 0.677647 0.005424 0.003366
0 0.720160 0.711751 0.006768 0.003377
0 0.483213 0.701124 0.009597 0.003354
0 0.675695 0.770500 0.005462 0.003525
0 0.714669 0.770517 0.005517 0.003571
0 0.797089 0.759983 0.005434 0.003528
0 0.561194 0.694930 0.010717 0.003522
0 0.501449 0.708337 0.005384 0.003366
0 0.556533 0.663614 0.006760 0.003368
0 0.695449 0.801815 0.006768 0.003368
0 0.753993 0.762176 0.006768 0.003371
0 0.799283 0.808081 0.006770 0.003371
0 0.752587 0.702927 0.006770 0.003374
0 0.302933 0.439890 0.003524 0.003092
0 0.675840 0.439905 0.003524 0.003092
0 0.675768 0.939658 0.003524 0.003089
0 0.302825 0.939659 0.003526 0.003092
0 0.294969 0.931661 0.015019 0.007524
0 0.294756 0.431753 0.015021 0.007524
0 0.668054 0.431445 0.015019 0.007524
0 0.667801 0.931405 0.015021 0.007524
0 0.648903 0.931379 0.019381 0.007524
0 0.275752 0.931701 0.019381 0.007524
0 0.275959 0.431584 0.019381 0.007524
0 0.649029 0.431408 0.019379 0.007524
0 0.812632 0.708349 0.009601 0.003354
0 0.486760 0.787221 0.009531 0.003408
0 0.486962 0.792371 0.014499 0.003254
0 0.607173 0.705543 0.006520 0.003306
0 0.734984 0.665617 0.007030 0.003351
0 0.752595 0.797606 0.007101 0.003351
0 0.623600 0.784949 0.007030 0.003354
0 0.494654 0.750195 0.005392 0.003480
0 0.556175 0.762865 0.006297 0.003366
0 0.530312 0.801801 0.006770 0.003368
0 0.657536 0.707786 0.005509 0.003351
0 0.220549 0.683351 0.005382 0.003323
0 0.321769 0.709198 0.006992 0.003337
0 0.349371 0.701525 0.005481 0.003363