0 0.232601 0.267345 0.023788 0.011269
0 0.366363 0.373657 0.028456 0.009954
0 0.359240 0.265794 0.018387 0.010202
0 0.268040 0.327427 0.025823 0.009284
0 0.238317 0.388032 0.012139 0.008657
0 0.290291 0.390552 0.025505 0.009376
0 0.263529 0.577973 0.012350 0.009618
0 0.374128 0.577804 0.014412 0.008931
0 0.541179 0.378761 0.015162 0.009410
0 0.627155 0.297771 0.024102 0.009361
0 0.415097 0.901360 0.058256 0.022936
0 0.475131 0.901304 0.044255 0.022591
0 0.515485 0.922948 0.010635 0.010376
0 0.477373 0.577898 0.011996 0.009256
0 0.568585 0.577958 0.012074 0.008908
0 0.468136 0.377896 0.012165 0.009031
0 0.476516 0.286096 0.018385 0.009450
0 0.329260 0.668915 0.018117 0.009661
0 0.529568 0.669099 0.018430 0.009521
0 0.570347 0.219639 0.008914 0.005875
0 0.585355 0.465170 0.012278 0.009056
0 0.264065 0.473158 0.014136 0.009361
0 0.374667 0.734876 0.018857 0.009364