0 0.286862 0.476567 0.012995 0.004997
0 0.363223 0.476577 0.026190 0.005057
0 0.414563 0.476657 0.013109 0.004735
0 0.486221 0.476073 0.012739 0.004896
0 0.565762 0.476248 0.013303 0.004735
0 0.565771 0.543990 0.013303 0.004735
0 0.565765 0.596800 0.013303 0.004735
0 0.565805 0.408383 0.013303 0.004798
0 0.565794 0.349735 0.013303 0.004781
0 0.486107 0.543927 0.012739 0.004896
0 0.486167 0.596726 0.012790 0.004896
0 0.486164 0.408316 0.012796 0.004896
0 0.486218 0.349722 0.012739 0.004896
0 0.414602 0.544534 0.013109 0.004735
0 0.414531 0.597336 0.013109 0.004735
0 0.414494 0.408912 0.013109 0.004783
0 0.414506 0.350270 0.013109 0.004735
0 0.363243 0.544435 0.026190 0.005057
0 0.363223 0.597280 0.026190 0.005057
0 0.363226 0.408928 0.026190 0.005057
0 0.363243 0.350189 0.026190 0.005057
0 0.286788 0.544368 0.012995 0.004997
0 0.286828 0.597219 0.012995 0.004997
0 0.286785 0.408817 0.012995 0.004997
0 0.286840 0.350185 0.012995 0.004997
0 0.394785 0.877591 0.072556 0.012861