0 0.791089 0.582872 0.006990 0.003988
0 0.601510 0.409523 0.006990 0.003988
0 0.596779 0.532898 0.006990 0.003988
0 0.685064 0.417598 0.006990 0.003988
0 0.612563 0.472486 0.004675 0.003843
0 0.766480 0.464686 0.004675 0.003843
0 0.731742 0.465961 0.005970 0.003729
0 0.822838 0.492179 0.005777 0.003828
0 0.692953 0.529078 0.005386 0.003891
0 0.691475 0.582926 0.006992 0.003988
0 0.759632 0.538766 0.004411 0.003877
0 0.811803 0.538747 0.004413 0.003874
0 0.876734 0.499028 0.001729 0.002594
0 0.313667 0.492147 0.005654 0.003786
0 0.630722 0.522791 0.004411 0.003877
0 0.861276 0.577926 0.002384 0.003891
0 0.863982 0.555714 0.002384 0.003891
0 0.857233 0.533841 0.002384 0.003891
0 0.839274 0.494967 0.002384 0.003891
0 0.924345 0.741799 0.022952 0.009401
0 0.946946 0.742004 0.017153 0.009572
0 0.964503 0.751660 0.006121 0.005299
0 0.968489 0.741890 0.016430 0.009458
0 0.446927 0.741648 0.017248 0.009407
0 0.130778 0.522691 0.004574 0.004048
0 0.464350 0.751363 0.005791 0.005063
0 0.266516 0.464537 0.004642 0.003988
0 0.259645 0.538589 0.004521 0.004088
0 0.272139 0.388777 0.004403 0.003039
0 0.277065 0.388663 0.004423 0.002982
0 0.191812 0.536260 0.005374 0.004162
0 0.311753 0.538721 0.004525 0.003954
0 0.197824 0.465877 0.005924 0.004045
0 0.368527 0.498885 0.001934 0.002674
0 0.112644 0.472335 0.004735 0.004190
0 0.101486 0.409292 0.007042 0.004045
0 0.185056 0.417496 0.007187 0.003863
0 0.291175 0.582707 0.007133 0.004068
0 0.191469 0.582764 0.007117 0.004011
0 0.096756 0.532748 0.007375 0.003979
0 0.424300 0.741561 0.022849 0.009461