0 0.229833 0.770111 0.006773 0.003312
0 0.324521 0.676032 0.004572 0.003307
0 0.240844 0.734721 0.010701 0.003341
0 0.327836 0.726541 0.004558 0.003213
0 0.351489 0.707125 0.009452 0.003298
0 0.355420 0.842017 0.009430 0.003310
0 0.756427 0.775684 0.004678 0.003341
0 0.655955 0.767881 0.005376 0.003338
0 0.797219 0.694523 0.013745 0.002979
0 0.571641 0.798723 0.009401 0.003312
0 0.591588 0.742794 0.005446 0.003227
0 0.752745 0.691894 0.005567 0.003173
0 0.599402 0.799420 0.006803 0.003338
0 0.711122 0.775954 0.004634 0.003338
0 0.265468 0.614912 0.004622 0.003267
0 0.265461 0.673747 0.004685 0.003310
0 0.719378 0.683513 0.004582 0.003196
0 0.604854 0.677968 0.004584 0.003198
0 0.722640 0.630140 0.009698 0.003341
0 0.694910 0.636103 0.006906 0.003324
0 0.650062 0.652734 0.010712 0.003295
0 0.579877 0.658702 0.009405 0.003327
0 0.329119 0.841740 0.006793 0.003327
0 0.339506 0.788689 0.005459 0.003198
0 0.327061 0.628595 0.005644 0.003278
0 0.279858 0.800527 0.005356 0.003312
0 0.230432 0.811792 0.009794 0.003327
0 0.371158 0.294048 0.004586 0.003369
0 0.309648 0.164508 0.006779 0.003230
0 0.719378 0.183513 0.004582 0.003196
0 0.711122 0.275954 0.004634 0.003338
0 0.655955 0.267881 0.005376 0.003338
0 0.571641 0.298723 0.009401 0.003312
0 0.344418 0.207831 0.005563 0.003198
0 0.591588 0.242794 0.005446 0.003227
0 0.752745 0.191894 0.005567 0.003173
0 0.756427 0.275684 0.004678 0.003341
0 0.274973 0.285093 0.005398 0.003310
0 0.604854 0.177968 0.004584 0.003198
0 0.722640 0.130140 0.009698 0.003341
0 0.694910 0.136103 0.006906 0.003324
0 0.650062 0.152734 0.010712 0.003295
0 0.579877 0.158702 0.009405 0.003327
0 0.328579 0.294032 0.004620 0.003344
0 0.276133 0.172360 0.010693 0.003324
0 0.599402 0.299420 0.006803 0.003338
0 0.222713 0.321755 0.006801 0.003270
0 0.196390 0.321954 0.009434 0.003270
0 0.378372 0.236867 0.004570 0.003284
0 0.215126 0.266103 0.005471 0.003158
0 0.225037 0.200922 0.004564 0.003281
0 0.230234 0.151173 0.009768 0.003372
0 0.203025 0.182882 0.009379 0.003375
0 0.656886 0.936367 0.021048 0.007597
0 0.677534 0.936586 0.016793 0.007597
0 0.283919 0.936340 0.021048 0.007594
0 0.283459 0.436350 0.021048 0.007597
0 0.656857 0.436412 0.021048 0.007597
0 0.304549 0.936340 0.016791 0.007594
0 0.303807 0.436293 0.016793 0.007597
0 0.677316 0.436360 0.016793 0.007594
0 0.483866 0.227208 0.020375 0.005904
0 0.526747 0.121777 0.020375 0.005904
0 0.526697 0.621743 0.020373 0.005904
0 0.483849 0.727470 0.020373 0.005904
0 0.352348 0.575686 0.007095 0.003361
0 0.377603 0.170500 0.006898 0.003241
0 0.793590 0.194678 0.007055 0.003290