0 0.441080 0.418610 0.010228 0.007859
0 0.444000 0.427640 0.010026 0.007463
0 0.444060 0.436585 0.010228 0.007577
0 0.446496 0.445499 0.015503 0.007520
0 0.446617 0.454416 0.015503 0.007919
0 0.449275 0.463472 0.020657 0.007919
0 0.446315 0.472417 0.015140 0.007577
0 0.443838 0.481276 0.009784 0.007745
0 0.446234 0.490305 0.015301 0.007691
0 0.444100 0.499051 0.010228 0.007520
0 0.463512 0.508364 0.049345 0.008039
0 0.460249 0.657893 0.027248 0.010827
0 0.446194 0.347201 0.020133 0.008033
0 0.443697 0.356229 0.015543 0.007976
0 0.444603 0.365088 0.017274 0.008033
0 0.440838 0.374005 0.009905 0.007748
0 0.441120 0.383062 0.010469 0.007520
0 0.446315 0.391893 0.020133 0.007976
0 0.446355 0.400921 0.020858 0.007805
0 0.443355 0.409695 0.015261 0.007919
0 0.963439 0.511145 0.049635 0.007956
0 0.943794 0.502132 0.010389 0.007691
0 0.946069 0.493318 0.015140 0.007520
0 0.943532 0.484205 0.009986 0.008204
0 0.946210 0.475316 0.015261 0.007520
0 0.949009 0.466430 0.020939 0.007745
0 0.946331 0.457429 0.015745 0.007748
0 0.946291 0.448540 0.015825 0.007976
0 0.943996 0.439484 0.010107 0.007634
0 0.960239 0.660805 0.027155 0.010664
0 0.941076 0.421682 0.010469 0.007691
0 0.943371 0.412765 0.015140 0.007976
0 0.946150 0.403991 0.020858 0.007292
0 0.946109 0.394906 0.019972 0.008147
0 0.941056 0.386075 0.010510 0.008033
0 0.940733 0.376876 0.009946 0.007976
0 0.944619 0.367987 0.017234 0.007862
0 0.943653 0.359159 0.015382 0.007748
0 0.946170 0.350214 0.020576 0.007976
0 0.944016 0.430596 0.010147 0.007748