0 0.582905 0.649061 0.012010 0.006434
0 0.448367 0.711214 0.012002 0.006579
0 0.529347 0.394882 0.007583 0.006571
0 0.436436 0.544651 0.007994 0.006434
0 0.397518 0.563454 0.017051 0.006554
0 0.456208 0.442196 0.011711 0.006571
0 0.365617 0.400983 0.015987 0.006608
0 0.493854 0.930564 0.032973 0.017309
0 0.450120 0.930557 0.043707 0.017169
0 0.548972 0.582489 0.018807 0.006745
0 0.465103 0.387878 0.007972 0.006810
0 0.534045 0.493971 0.007541 0.006528
0 0.422943 0.635952 0.007575 0.006676
0 0.513152 0.662808 0.010625 0.006762
0 0.336725 0.301207 0.020401 0.005721
0 0.404720 0.713542 0.029141 0.006040