0 0.253537 0.698460 0.005515 0.003394
0 0.338191 0.710170 0.005525 0.003525
0 0.185752 0.775720 0.006297 0.003346
0 0.314984 0.790569 0.005535 0.003531
0 0.177856 0.718249 0.005400 0.003537
0 0.289876 0.725296 0.006498 0.003371
0 0.228172 0.646741 0.009623 0.003445
0 0.336876 0.199775 0.005523 0.003522
0 0.314926 0.279225 0.005396 0.003494
0 0.188001 0.216252 0.005396 0.003494
0 0.289080 0.226294 0.006498 0.003411
0 0.239418 0.300527 0.010615 0.003511
0 0.316119 0.326143 0.006879 0.003326
0 0.226253 0.221587 0.005386 0.003351
0 0.278164 0.281607 0.006758 0.003272
0 0.253538 0.198557 0.005493 0.003394
0 0.348293 0.239179 0.006798 0.003380
0 0.159082 0.225154 0.006800 0.003354
0 0.228182 0.146867 0.009625 0.003383
0 0.193412 0.149769 0.005402 0.003494
0 0.620814 0.259772 0.006790 0.003397
0 0.760821 0.280137 0.006820 0.003351
0 0.683959 0.189343 0.006790 0.003388
0 0.606927 0.193182 0.006790 0.003354
0 0.768827 0.241867 0.005384 0.003517
0 0.196273 0.272022 0.006297 0.003337
0 0.160663 0.139648 0.014181 0.003286
0 0.160827 0.134632 0.009520 0.003360
0 0.193938 0.312960 0.006800 0.003417
0 0.604752 0.224933 0.005382 0.003517
0 0.770282 0.305980 0.007101 0.003366
0 0.605626 0.295883 0.007012 0.003411
0 0.624017 0.158371 0.006982 0.003366
0 0.745535 0.207793 0.005553 0.003366
0 0.594334 0.258653 0.009486 0.003377
0 0.672559 0.226971 0.005497 0.003340
0 0.576249 0.797984 0.014493 0.003337
0 0.576258 0.792881 0.009486 0.003357
0 0.642456 0.768435 0.006278 0.003374
0 0.699209 0.716569 0.006486 0.003351
0 0.718544 0.781445 0.005382 0.003448
0 0.671676 0.717296 0.006927 0.003334
0 0.636772 0.696928 0.010594 0.003534
0 0.669237 0.673646 0.006941 0.003292
0 0.235747 0.790993 0.010723 0.003497
0 0.160668 0.639457 0.014183 0.003326
0 0.160882 0.634443 0.009520 0.003323
0 0.210791 0.833112 0.006800 0.003351
0 0.231724 0.703552 0.005511 0.003406
0 0.600845 0.798273 0.006784 0.003380
0 0.160273 0.680677 0.006800 0.003354
0 0.683521 0.781421 0.005475 0.003514
0 0.584854 0.752739 0.005392 0.003511
0 0.589595 0.712331 0.005315 0.003380
0 0.596933 0.690750 0.008886 0.003294
0 0.571999 0.697994 0.009563 0.003351
0 0.725658 0.710913 0.005380 0.003377
0 0.192112 0.652756 0.005412 0.003494
0 0.511337 0.158186 0.006982 0.003366
0 0.515819 0.193112 0.007088 0.003403
0 0.513487 0.224771 0.005382 0.003517
0 0.503153 0.258475 0.009486 0.003653
0 0.512041 0.295806 0.007012 0.003411
0 0.275767 0.431741 0.018565 0.007136
0 0.294955 0.431654 0.014161 0.007025
0 0.302954 0.439734 0.003079 0.002323
0 0.649795 0.431807 0.018567 0.007136
0 0.648577 0.931696 0.018565 0.007136
0 0.275700 0.931810 0.018565 0.007136
0 0.668987 0.431703 0.014161 0.007025
0 0.667804 0.931435 0.014544 0.007025
0 0.294765 0.931589 0.014161 0.007025
0 0.681714 0.439702 0.003077 0.002323
0 0.675775 0.939637 0.003079 0.002323
0 0.302882 0.939862 0.003077 0.002323