0 0.796430 0.437655 0.013782 0.006696
0 0.804597 0.917345 0.017225 0.012129
0 0.290915 0.400185 0.018775 0.006300
0 0.352918 0.400255 0.018775 0.006297
0 0.414969 0.400185 0.018775 0.006300
0 0.477064 0.400170 0.018775 0.006297
0 0.539101 0.400227 0.018775 0.006297
0 0.601054 0.400299 0.018775 0.006300
0 0.663012 0.400255 0.018775 0.006297
0 0.228947 0.511820 0.018777 0.006297
0 0.291101 0.511856 0.018777 0.006300
0 0.352970 0.504696 0.018775 0.006297
0 0.415050 0.511796 0.018777 0.006300
0 0.476867 0.511718 0.018775 0.006297
0 0.539063 0.511823 0.018775 0.006297
0 0.601068 0.511827 0.018775 0.006300
0 0.662912 0.511763 0.018775 0.006297
0 0.796405 0.533677 0.013959 0.006477
0 0.228939 0.400187 0.018769 0.006069
0 0.617055 0.636451 0.023552 0.006665
0 0.476517 0.616524 0.013720 0.006576
0 0.880568 0.636350 0.013681 0.006365
0 0.794365 0.636418 0.004382 0.006793
0 0.072343 0.457084 0.012557 0.009379
0 0.072362 0.550828 0.012555 0.009381
0 0.078299 0.661760 0.010357 0.009148
0 0.841384 0.893144 0.068906 0.020405