0 0.526209 0.447369 0.023917 0.010536
0 0.627668 0.435185 0.022475 0.010011
0 0.702820 0.435145 0.030385 0.009470
0 0.776205 0.435328 0.031415 0.010194
0 0.382080 0.666106 0.007176 0.010205
0 0.812739 0.596479 0.023906 0.010690
0 0.667396 0.666021 0.023523 0.010091
0 0.381019 0.316616 0.036692 0.010559
0 0.382113 0.419997 0.031516 0.010924
0 0.377041 0.514111 0.023173 0.009470
0 0.526170 0.584567 0.023068 0.010319
0 0.841598 0.435342 0.022423 0.010165
0 0.830798 0.881494 0.012574 0.009361
0 0.837731 0.861678 0.038950 0.017580
0 0.895920 0.970510 0.034969 0.016049