0 0.964378 0.751636 0.005650 0.004863
0 0.143321 0.472152 0.009688 0.003666
0 0.446588 0.741954 0.016754 0.008891
0 0.112682 0.472491 0.004542 0.003746
0 0.266567 0.464658 0.004542 0.003746
0 0.464492 0.751569 0.005507 0.004649
0 0.276943 0.413489 0.008434 0.003632
0 0.190463 0.540904 0.005198 0.003734
0 0.368398 0.498679 0.002394 0.003760
0 0.806525 0.461688 0.006748 0.003501
0 0.354152 0.544736 0.002291 0.003971
0 0.347047 0.562587 0.002339 0.003674
0 0.331050 0.489897 0.002216 0.003729
0 0.423982 0.741924 0.022460 0.008831
0 0.311879 0.545426 0.004423 0.003794
0 0.249864 0.420517 0.006849 0.003777
0 0.123013 0.586628 0.006917 0.003774
0 0.188969 0.463462 0.005535 0.003749
0 0.188832 0.426411 0.005805 0.003746
0 0.121214 0.423069 0.009992 0.003697
0 0.229076 0.470959 0.007421 0.003709
0 0.271372 0.386847 0.004199 0.002942
0 0.277052 0.386827 0.005601 0.002868
0 0.259781 0.545392 0.004423 0.003794
0 0.312936 0.492169 0.005759 0.003666
0 0.130795 0.522781 0.004350 0.003697
0 0.922968 0.741770 0.022700 0.008997
0 0.945580 0.741893 0.016996 0.009401
0 0.694742 0.467251 0.005821 0.003988
0 0.903388 0.741900 0.011483 0.009125