0 0.312714 0.437839 0.009573 0.006767
0 0.399738 0.287591 0.014920 0.006893
0 0.384392 0.367491 0.022870 0.007104
0 0.318552 0.368057 0.009484 0.007557
0 0.530907 0.882279 0.031244 0.014039
0 0.533525 0.900812 0.011784 0.007144
0 0.318010 0.287653 0.014574 0.007175
0 0.486726 0.548532 0.009897 0.007098
0 0.489400 0.494142 0.009750 0.007326
0 0.324229 0.521950 0.011772 0.006727
0 0.303771 0.601826 0.020516 0.007186
0 0.413441 0.548543 0.011756 0.006733
0 0.451354 0.455807 0.011746 0.006602
0 0.489242 0.882156 0.040101 0.014045
0 0.504039 0.384743 0.013894 0.006317
0 0.424654 0.615061 0.014920 0.007546
0 0.455671 0.313275 0.011008 0.004937