0 0.343355 0.303501 0.005311 0.003428
0 0.585762 0.203671 0.005624 0.003266
0 0.749886 0.265376 0.005390 0.003178
0 0.696614 0.757630 0.010600 0.003320
0 0.759139 0.778594 0.005337 0.003354
0 0.751324 0.811787 0.005384 0.003363
0 0.785274 0.888639 0.009653 0.003326
0 0.637644 0.667184 0.009545 0.003363
0 0.555614 0.665271 0.008140 0.003371
0 0.567844 0.746821 0.005545 0.003280
0 0.569374 0.821667 0.005329 0.003403
0 0.796120 0.797164 0.006962 0.003414
0 0.683420 0.862784 0.006849 0.003311
0 0.624962 0.821654 0.005664 0.003371
0 0.683893 0.815725 0.005372 0.003254
0 0.682056 0.707135 0.006962 0.003240
0 0.376846 0.765234 0.005390 0.003178
0 0.212721 0.703528 0.005624 0.003266
0 0.261944 0.780048 0.005436 0.003277
0 0.169808 0.686784 0.007921 0.003502
0 0.208694 0.780017 0.005525 0.003465
0 0.254071 0.738331 0.005499 0.003366
0 0.274844 0.696258 0.005444 0.003294
0 0.322404 0.818447 0.006855 0.003403
0 0.323722 0.700754 0.010530 0.003406
0 0.248677 0.617863 0.009581 0.003368
0 0.408700 0.759302 0.007004 0.003403
0 0.382696 0.740332 0.005352 0.003195
0 0.391092 0.609672 0.009410 0.003329
0 0.322335 0.774627 0.005839 0.002904
0 0.330075 0.642704 0.006859 0.003431
0 0.650674 0.754219 0.008690 0.003309
0 0.634985 0.280191 0.005436 0.003277
0 0.542848 0.186926 0.007921 0.003502
0 0.581735 0.280160 0.005525 0.003465
0 0.627111 0.238474 0.005501 0.003366
0 0.647884 0.196401 0.005444 0.003294
0 0.695444 0.318589 0.006855 0.003403
0 0.696762 0.200896 0.010530 0.003406
0 0.621718 0.118005 0.009581 0.003368
0 0.755735 0.240474 0.005354 0.003195
0 0.764132 0.109815 0.009408 0.003329
0 0.695376 0.274769 0.005839 0.002904
0 0.703114 0.142847 0.006861 0.003431
0 0.173762 0.298048 0.005388 0.003317
0 0.161641 0.132883 0.009887 0.003548
0 0.167567 0.263720 0.005237 0.003360
0 0.288290 0.303453 0.005607 0.003622
0 0.379405 0.185681 0.008356 0.003588
0 0.142142 0.236804 0.007084 0.003160
0 0.218379 0.166765 0.006841 0.003368
0 0.303020 0.261901 0.005481 0.003215
0 0.345760 0.222257 0.005616 0.003465
0 0.308209 0.141334 0.009619 0.003209
0 0.226841 0.224302 0.010522 0.003326
0 0.230101 0.298150 0.005605 0.003306
0 0.227384 0.341894 0.006885 0.003428
0 0.275438 0.222419 0.005287 0.003465
0 0.781741 0.259444 0.007004 0.003403
0 0.404474 0.136342 0.005817 0.002984
0 0.510547 0.142626 0.005817 0.002984
0 0.137671 0.642350 0.005815 0.002984
0 0.580771 0.615886 0.005817 0.002984
0 0.285227 0.442445 0.024610 0.008510
0 0.310902 0.442474 0.019136 0.008213
0 0.658209 0.442551 0.024610 0.008510
0 0.800595 0.942243 0.024608 0.008510
0 0.285295 0.942402 0.024610 0.008510
0 0.683896 0.442469 0.019136 0.008216
0 0.826049 0.942241 0.019138 0.008216
0 0.310871 0.942405 0.019136 0.008213
0 0.605816 0.785165 0.005337 0.003354