0 0.309648 0.164508 0.006779 0.003230
0 0.371158 0.294048 0.004586 0.003369
0 0.226867 0.647196 0.009690 0.003395
0 0.310734 0.657094 0.006962 0.003332
0 0.603850 0.829885 0.009405 0.003355
0 0.650861 0.810832 0.005434 0.003341
0 0.644348 0.588469 0.004596 0.003352
0 0.644741 0.697668 0.006962 0.003312
0 0.695170 0.672644 0.004435 0.003327
0 0.647315 0.746306 0.010659 0.003369
0 0.701448 0.737662 0.004562 0.003255
0 0.700005 0.625507 0.005561 0.003284
0 0.666602 0.859527 0.006916 0.003341
0 0.730933 0.864387 0.009716 0.003341
0 0.714942 0.803207 0.005497 0.003216
0 0.726798 0.729051 0.009524 0.003312
0 0.643955 0.652171 0.004596 0.003310
0 0.596919 0.760063 0.006807 0.003312
0 0.223764 0.695621 0.004457 0.003290
0 0.198871 0.682376 0.009357 0.003287
0 0.190641 0.816589 0.009357 0.003281
0 0.299930 0.824413 0.006876 0.003330
0 0.274922 0.781204 0.005378 0.003298
0 0.330084 0.781477 0.004602 0.003324
0 0.375356 0.781212 0.004612 0.003341
0 0.381916 0.729875 0.004457 0.003341
0 0.349491 0.702521 0.005569 0.003184
0 0.272202 0.692366 0.010677 0.003341
0 0.202162 0.650721 0.006876 0.003255
0 0.210574 0.760674 0.005446 0.003224
0 0.203025 0.182882 0.009379 0.003375
0 0.230234 0.151173 0.009768 0.003372
0 0.225037 0.200922 0.004564 0.003281
0 0.215126 0.266103 0.005471 0.003158
0 0.378372 0.236867 0.004570 0.003284
0 0.196390 0.321954 0.009434 0.003270
0 0.222713 0.321755 0.006801 0.003270
0 0.599402 0.299420 0.006803 0.003338
0 0.276133 0.172360 0.010693 0.003324
0 0.328579 0.294032 0.004620 0.003344
0 0.579877 0.158702 0.009405 0.003327
0 0.650062 0.152734 0.010712 0.003295
0 0.694910 0.136103 0.006906 0.003324
0 0.722640 0.130140 0.009698 0.003341
0 0.604854 0.177968 0.004584 0.003198
0 0.274973 0.285093 0.005398 0.003310
0 0.756427 0.275684 0.004678 0.003341
0 0.752745 0.191894 0.005567 0.003173
0 0.591588 0.242794 0.005446 0.003227
0 0.344418 0.207831 0.005563 0.003198
0 0.571641 0.298723 0.009401 0.003312
0 0.655955 0.267881 0.005376 0.003338
0 0.711122 0.275954 0.004634 0.003338
0 0.719378 0.183513 0.004582 0.003196
0 0.793570 0.194706 0.006934 0.003347
0 0.656679 0.942621 0.020514 0.007175
0 0.677477 0.942952 0.016019 0.007175
0 0.283388 0.936298 0.020512 0.007175
0 0.283235 0.436487 0.020512 0.007175
0 0.657062 0.436438 0.020514 0.007175
0 0.303740 0.936605 0.016019 0.007172
0 0.303684 0.436458 0.016019 0.007175
0 0.677830 0.436336 0.016019 0.007175
0 0.483921 0.227145 0.020347 0.005573
0 0.526762 0.121652 0.020349 0.005573
0 0.145952 0.639574 0.020347 0.005573
0 0.102476 0.747541 0.020349 0.005573
0 0.377327 0.170493 0.006934 0.003347
0 0.383052 0.653005 0.006934 0.003347
0 0.726735 0.574458 0.006934 0.003347