0 0.247870 0.534897 0.005747 0.004574
0 0.191509 0.534977 0.005714 0.004574
0 0.132092 0.340680 0.012200 0.004369
0 0.243212 0.407079 0.005638 0.004571
0 0.312316 0.413158 0.006087 0.004514
0 0.382489 0.343413 0.011765 0.004545
0 0.123387 0.453421 0.005662 0.004431
0 0.443395 0.425697 0.012368 0.004617
0 0.451027 0.365130 0.005773 0.004543
0 0.408103 0.394555 0.005869 0.004431
0 0.188232 0.420074 0.005902 0.004286
0 0.910402 0.432068 0.006023 0.004865
0 0.206089 0.463755 0.006133 0.004466
0 0.321870 0.517217 0.005690 0.004574
0 0.461772 0.579071 0.012027 0.004520
0 0.131086 0.534953 0.005638 0.004685
0 0.407247 0.584692 0.008606 0.004631
0 0.410803 0.503800 0.005769 0.004574
0 0.929714 0.469034 0.006420 0.004987
0 0.547105 0.479535 0.009744 0.004873
0 0.763052 0.388096 0.012386 0.005255
0 0.686109 0.444553 0.009071 0.004944
0 0.626312 0.443746 0.006422 0.004990
0 0.734758 0.436931 0.005805 0.005061
0 0.313158 0.347803 0.005950 0.004412
0 0.607000 0.522690 0.005807 0.005061
0 0.875694 0.535759 0.005803 0.005061
0 0.811541 0.391761 0.006154 0.005090
0 0.819292 0.448421 0.006289 0.005107
0 0.680167 0.402451 0.012384 0.005255
0 0.635498 0.391741 0.012837 0.005107
0 0.939306 0.375968 0.012688 0.004942
0 0.600406 0.450251 0.012676 0.004970
0 0.595807 0.402093 0.006327 0.005093
0 0.709211 0.482254 0.006289 0.004639
0 0.708318 0.542385 0.009744 0.004873
0 0.872656 0.428222 0.009071 0.004942
0 0.812648 0.520326 0.006000 0.005036
0 0.924115 0.535812 0.005805 0.005064
0 0.762180 0.737628 0.020056 0.007595
0 0.781873 0.737683 0.015416 0.007484
0 0.795256 0.745114 0.004910 0.004124
0 0.292499 0.731151 0.020268 0.007734
0 0.312213 0.731151 0.015517 0.007734
0 0.325660 0.738728 0.005190 0.004295