0 0.319202 0.526334 0.025630 0.008723
0 0.465251 0.400999 0.014975 0.008262
0 0.357807 0.739182 0.018076 0.008692
0 0.358806 0.340648 0.026413 0.008814
0 0.269172 0.336830 0.015475 0.007048
0 0.353528 0.217575 0.015563 0.007290
0 0.301243 0.738416 0.025400 0.008663
0 0.501780 0.274162 0.012039 0.008854
0 0.343516 0.629923 0.014681 0.008458
0 0.424814 0.499293 0.012069 0.008823
0 0.468751 0.632516 0.014423 0.008549
0 0.576487 0.437640 0.011846 0.008453
0 0.573268 0.646612 0.028721 0.008686
0 0.626505 0.554121 0.018019 0.009057
0 0.578435 0.306366 0.011898 0.008698
0 0.474114 0.516928 0.018686 0.008777
0 0.372227 0.526466 0.025684 0.008937
0 0.458971 0.912555 0.040147 0.013967
0 0.500683 0.912734 0.031074 0.014184