0 0.381322 0.525192 0.012011 0.007671
0 0.127299 0.327727 0.014800 0.008002
0 0.164077 0.330214 0.020274 0.006842
0 0.157717 0.386380 0.016647 0.007104
0 0.150472 0.520941 0.009931 0.007417
0 0.268311 0.583052 0.015510 0.007574
0 0.276668 0.803173 0.032392 0.012497
0 0.394352 0.399401 0.022763 0.008364
0 0.326050 0.430033 0.011786 0.007078
0 0.276700 0.357705 0.016181 0.007628
0 0.133053 0.434287 0.020730 0.007127
0 0.162910 0.438749 0.010117 0.007919
0 0.209187 0.413083 0.009486 0.007893
0 0.304895 0.542373 0.009553 0.007107
0 0.688230 0.339722 0.014855 0.007283
0 0.823045 0.562831 0.009311 0.005770
0 0.579350 0.339565 0.014766 0.007369
0 0.875598 0.617219 0.014964 0.007175
0 0.741075 0.455691 0.009244 0.005795
0 0.784585 0.403187 0.009706 0.005724
0 0.596298 0.455924 0.007864 0.005747
0 0.670103 0.410190 0.023136 0.007540
0 0.757106 0.801973 0.032753 0.011796
0 0.790911 0.801938 0.024921 0.011727
0 0.905733 0.437310 0.009260 0.005795
0 0.560699 0.443104 0.019049 0.007423
0 0.832242 0.451608 0.007830 0.005770
0 0.582979 0.540992 0.009218 0.005724
0 0.565801 0.369527 0.018881 0.007429
0 0.670751 0.552198 0.009244 0.005770
0 0.607237 0.374659 0.018392 0.007352
0 0.401935 0.337906 0.014800 0.008002
0 0.748807 0.562481 0.009279 0.005818
0 0.738789 0.398090 0.016719 0.005770
0 0.727141 0.347393 0.020312 0.007261
0 0.232891 0.542258 0.009752 0.006944
0 0.310935 0.803181 0.025030 0.012714