0 0.530424 0.601184 0.010093 0.007597
0 0.400638 0.366755 0.010093 0.007597
0 0.539969 0.365911 0.010093 0.007597
0 0.524165 0.930348 0.023989 0.011078
0 0.494364 0.930174 0.025334 0.011767
0 0.462666 0.930348 0.032189 0.012463
0 0.537148 0.492828 0.014122 0.007594
0 0.414810 0.522430 0.014122 0.007597
0 0.506036 0.941953 0.009657 0.006631
0 0.592893 0.621115 0.014497 0.007258
0 0.592824 0.500676 0.014497 0.007258
0 0.598877 0.351417 0.014497 0.007258
0 0.339071 0.499602 0.014497 0.007261
0 0.337230 0.324202 0.019553 0.007258
0 0.475651 0.343064 0.009351 0.007258
0 0.413240 0.629216 0.009351 0.007258
0 0.475976 0.665083 0.013096 0.007258