0 0.822894 0.473500 0.004604 0.004360
0 0.651106 0.412130 0.010131 0.004380
0 0.633639 0.508463 0.005424 0.004300
0 0.617998 0.577293 0.014779 0.005916
0 0.769072 0.523420 0.005527 0.004394
0 0.789131 0.448766 0.005817 0.004337
0 0.705962 0.508463 0.005348 0.004272
0 0.704752 0.405509 0.011124 0.004412
0 0.815558 0.523454 0.005394 0.004337
0 0.237687 0.553150 0.005573 0.004449
0 0.345891 0.564742 0.005430 0.004400
0 0.299418 0.564749 0.005573 0.004449
0 0.163910 0.553108 0.005571 0.004449
0 0.328558 0.483334 0.005825 0.004406
0 0.295664 0.420633 0.009599 0.004412
0 0.238182 0.435087 0.011016 0.004622
0 0.355880 0.514793 0.004731 0.004412
0 0.152178 0.485164 0.004731 0.004412
0 0.165679 0.417078 0.010064 0.004380
0 0.322228 0.613163 0.010522 0.005865
0 0.212445 0.621252 0.010524 0.005868
0 0.239621 0.368203 0.010522 0.005868
0 0.164175 0.368009 0.010522 0.005868
0 0.148291 0.622180 0.014838 0.005808
0 0.279803 0.770271 0.015209 0.008732
0 0.749473 0.770479 0.015207 0.008732
0 0.729630 0.770339 0.019925 0.008732
0 0.260028 0.770262 0.019927 0.008732
0 0.240195 0.770370 0.016559 0.008732
0 0.214510 0.670413 0.009061 0.006395
0 0.643245 0.364470 0.011193 0.006483
0 0.723012 0.340301 0.012166 0.006489
0 0.682255 0.576357 0.012166 0.006489
0 0.791968 0.572301 0.012168 0.006489
0 0.761686 0.387960 0.009599 0.004412
0 0.809619 0.607881 0.012166 0.006489
0 0.619624 0.440841 0.004604 0.004360