0 0.716306 0.169149 0.007860 0.005218
0 0.279457 0.788683 0.003387 0.005546
0 0.199987 0.788106 0.003157 0.005566
0 0.733037 0.794994 0.003315 0.005594
0 0.660815 0.788683 0.003387 0.005546
0 0.581207 0.788169 0.003272 0.006010
0 0.584677 0.723160 0.007238 0.005882
0 0.750649 0.697548 0.007508 0.005811
0 0.724327 0.669070 0.007860 0.005218
0 0.654605 0.646951 0.017645 0.005808
0 0.576521 0.649759 0.003480 0.005611
0 0.203875 0.723004 0.007238 0.005882
0 0.195275 0.649289 0.003482 0.005611
0 0.273901 0.647221 0.017647 0.005808
0 0.343265 0.669007 0.007860 0.005218
0 0.369410 0.697610 0.007508 0.005811
0 0.568315 0.149431 0.003480 0.005611
0 0.576914 0.223146 0.007240 0.005882
0 0.274322 0.166150 0.017651 0.006794
0 0.322920 0.166352 0.007753 0.005671
0 0.345939 0.191537 0.007272 0.005822
0 0.270487 0.281713 0.003145 0.005266
0 0.338152 0.281667 0.003595 0.005534
0 0.204812 0.281579 0.003796 0.005375
0 0.573026 0.288249 0.003155 0.005566
0 0.652497 0.288826 0.003387 0.005546
0 0.742448 0.197753 0.007508 0.005811
0 0.725016 0.295242 0.003315 0.005594
0 0.351976 0.795100 0.003315 0.005594
0 0.646941 0.147364 0.017647 0.005808
0 0.677710 0.442665 0.017177 0.008943
0 0.300990 0.442441 0.017177 0.008940
0 0.304474 0.942274 0.017177 0.008943
0 0.676905 0.942210 0.017179 0.008940