0 0.638553 0.391221 0.020766 0.007129
0 0.677879 0.330403 0.020071 0.007215
0 0.670577 0.386918 0.009800 0.007286
0 0.884571 0.417717 0.009802 0.007286
0 0.812737 0.408131 0.015079 0.007255
0 0.750459 0.374515 0.023293 0.007343
0 0.275363 0.561706 0.011520 0.007283
0 0.292240 0.500281 0.022783 0.008099
0 0.270985 0.803220 0.033176 0.011867
0 0.348169 0.580684 0.019990 0.007509
0 0.305136 0.803013 0.025173 0.011454
0 0.232675 0.346492 0.009756 0.006804
0 0.216909 0.380450 0.012060 0.007189
0 0.289247 0.352859 0.009881 0.007269
0 0.162648 0.403951 0.016328 0.008244
0 0.214502 0.481256 0.009960 0.007101
0 0.204828 0.547139 0.009514 0.007705
0 0.183010 0.594781 0.015359 0.007748
0 0.249271 0.622574 0.014851 0.007588
0 0.344104 0.506844 0.014907 0.008067
0 0.319962 0.397567 0.012277 0.007591
0 0.818563 0.329862 0.021040 0.007318
0 0.857205 0.365054 0.012173 0.007098
0 0.749804 0.497697 0.011667 0.007480
0 0.627005 0.575515 0.020109 0.007209
0 0.766559 0.633016 0.015121 0.007263
0 0.760887 0.802858 0.032717 0.011936
0 0.794729 0.803107 0.024911 0.011944
0 0.794450 0.570458 0.014809 0.007312
0 0.644025 0.543285 0.014809 0.007312
0 0.819884 0.517258 0.009688 0.007229
0 0.657134 0.482922 0.009686 0.007229
0 0.289247 0.429879 0.009599 0.007323
0 0.871321 0.517138 0.009688 0.007229
0 0.637781 0.336482 0.020766 0.007292