0 0.686371 0.716727 0.019812 0.007441
0 0.430708 0.656131 0.013552 0.006794
0 0.514698 0.660889 0.011510 0.006957
0 0.502118 0.546340 0.021951 0.007623
0 0.661917 0.474592 0.019855 0.006776
0 0.620325 0.354174 0.009157 0.006836
0 0.435768 0.718953 0.019350 0.007175
0 0.623941 0.713636 0.013907 0.006836
0 0.567154 0.230774 0.011639 0.006897
0 0.613393 0.162371 0.020282 0.007018
0 0.640749 0.585805 0.009114 0.007423
0 0.492319 0.299909 0.009114 0.007683
0 0.492236 0.422907 0.009196 0.007544
0 0.661532 0.211283 0.010869 0.005989
0 0.188519 0.908518 0.044544 0.017689
0 0.234525 0.908642 0.034869 0.017683
0 0.241669 0.925765 0.009585 0.007780