0 0.842936 0.348077 0.012076 0.007147
0 0.760255 0.802923 0.032852 0.011856
0 0.794116 0.802992 0.024855 0.011582
0 0.745039 0.634692 0.015270 0.007292
0 0.895893 0.571733 0.020310 0.007383
0 0.879557 0.536203 0.014954 0.007144
0 0.700585 0.563727 0.014952 0.007147
0 0.302186 0.336525 0.009756 0.007144
0 0.732843 0.498349 0.011594 0.007212
0 0.867600 0.489051 0.009565 0.007144
0 0.877680 0.430613 0.009754 0.007320
0 0.651294 0.402520 0.009754 0.007320
0 0.641150 0.486847 0.009567 0.007144
0 0.309195 0.498807 0.023166 0.007283
0 0.290021 0.596579 0.011634 0.007326
0 0.805305 0.501668 0.009567 0.007144
0 0.202904 0.584250 0.009754 0.007144
0 0.271055 0.803033 0.032888 0.011938
0 0.304757 0.802886 0.025040 0.011690
0 0.356846 0.640275 0.020270 0.007198
0 0.244202 0.645529 0.014829 0.007403
0 0.302155 0.427825 0.009756 0.007144
0 0.354611 0.531834 0.014829 0.007403
0 0.336421 0.379743 0.014829 0.007400
0 0.230257 0.319270 0.009893 0.007326
0 0.214368 0.507842 0.009893 0.007326
0 0.186837 0.508969 0.020603 0.007329
0 0.191713 0.464629 0.020721 0.007229
0 0.231794 0.403885 0.012152 0.007206
0 0.189960 0.332148 0.016227 0.007318
0 0.622330 0.402848 0.020705 0.007429
0 0.627206 0.337654 0.020840 0.007241
0 0.668939 0.333884 0.020191 0.007323
0 0.724123 0.361645 0.022999 0.007617
0 0.797472 0.334662 0.020929 0.007261