0 0.519367 0.231400 0.012491 0.008415
0 0.549584 0.349031 0.015540 0.008826
0 0.449798 0.500697 0.028783 0.009866
0 0.547534 0.279524 0.015540 0.008826
0 0.586719 0.451853 0.012491 0.008415
0 0.570943 0.828089 0.030302 0.015579
0 0.545959 0.436303 0.024768 0.009094
0 0.461300 0.567786 0.014563 0.009461
0 0.612178 0.423100 0.025081 0.009826
0 0.373650 0.655510 0.024607 0.008221
0 0.551123 0.591316 0.012080 0.009598
0 0.628353 0.561973 0.012088 0.009407
0 0.529375 0.828023 0.041298 0.015864
0 0.450018 0.321633 0.013378 0.009641
0 0.377766 0.599441 0.024859 0.008415