0 0.845154 0.365540 0.009780 0.006412
0 0.891423 0.385879 0.014068 0.006737
0 0.891502 0.336743 0.019934 0.006794
0 0.700727 0.563981 0.009095 0.006771
0 0.645819 0.532622 0.009095 0.006737
0 0.706281 0.467626 0.009226 0.006720
0 0.748023 0.467447 0.009905 0.006349
0 0.800536 0.476730 0.019565 0.006620
0 0.789624 0.539087 0.023190 0.006780
0 0.792573 0.338961 0.020177 0.006432
0 0.814768 0.604430 0.015013 0.006831
0 0.876134 0.474084 0.009400 0.006828
0 0.170836 0.511918 0.009756 0.006475
0 0.162401 0.396180 0.020147 0.006449
0 0.232522 0.538327 0.009142 0.006788
0 0.291250 0.410380 0.023250 0.006808
0 0.299904 0.511934 0.009601 0.006842
0 0.233155 0.410403 0.014870 0.006791
0 0.425786 0.538316 0.009105 0.006788
0 0.336708 0.441520 0.019726 0.006614
0 0.369819 0.436783 0.009905 0.006423
0 0.193122 0.381449 0.019821 0.006763
0 0.427156 0.436932 0.009214 0.006757
0 0.162469 0.432249 0.020079 0.006669
0 0.793492 0.363260 0.020218 0.006623
0 0.297053 0.707521 0.029387 0.010043
0 0.328844 0.707706 0.022424 0.010043
0 0.322429 0.719303 0.007207 0.005338
0 0.766991 0.707677 0.029387 0.010043
0 0.798522 0.707675 0.022380 0.010043
0 0.792056 0.719305 0.006820 0.005563