0 0.677893 0.510844 0.024469 0.007725
0 0.636738 0.519349 0.013846 0.007734
0 0.770458 0.775194 0.015384 0.007149
0 0.625877 0.575951 0.010073 0.007101
0 0.608423 0.680696 0.009694 0.007429
0 0.537896 0.682218 0.009942 0.007423
0 0.612179 0.757286 0.026728 0.007047
0 0.820548 0.773139 0.021770 0.007429
0 0.477042 0.112936 0.078285 0.036739
0 0.430084 0.317772 0.048029 0.018977
0 0.694275 0.714282 0.010401 0.007469
0 0.787355 0.687962 0.012743 0.007429
0 0.807769 0.621209 0.021020 0.007320
0 0.808836 0.547000 0.010073 0.007677
0 0.765451 0.541790 0.009998 0.007868
0 0.636067 0.448552 0.021121 0.007503
0 0.567691 0.567357 0.014193 0.007018
0 0.501496 0.511659 0.014828 0.006727