0 0.351936 0.703183 0.013641 0.006726
0 0.252629 0.305557 0.019101 0.006669
0 0.252549 0.315617 0.028451 0.006669
0 0.302831 0.588586 0.012633 0.006697
0 0.315595 0.342263 0.010760 0.007011
0 0.387941 0.330151 0.019242 0.006783
0 0.251551 0.398290 0.013641 0.006726
0 0.403083 0.619236 0.021318 0.007011
0 0.511797 0.487461 0.013036 0.006669
0 0.287018 0.473699 0.010760 0.007011
0 0.562051 0.618361 0.010824 0.007011
0 0.608588 0.452870 0.010760 0.007011
0 0.438858 0.433897 0.011062 0.006808
0 0.395013 0.444144 0.010780 0.006726
0 0.503997 0.918155 0.006422 0.005298
0 0.487742 0.902013 0.029230 0.014098
0 0.449405 0.902016 0.038044 0.014098