0 0.470662 0.726271 0.017911 0.008359
0 0.448871 0.356543 0.011950 0.008777
0 0.585581 0.558240 0.017909 0.008359
0 0.523055 0.535118 0.028696 0.008743
0 0.580721 0.677075 0.025835 0.008586
0 0.367101 0.726278 0.025029 0.008413
0 0.526132 0.467484 0.018870 0.008834
0 0.397258 0.637903 0.012698 0.008663
0 0.376687 0.537448 0.025666 0.008672
0 0.433262 0.548592 0.011948 0.008777
0 0.503081 0.637873 0.012496 0.008575
0 0.525997 0.398108 0.011946 0.008755
0 0.525978 0.305740 0.011944 0.008755
0 0.443084 0.429065 0.012567 0.008453