0 0.216582 0.463287 0.005700 0.003444
0 0.208829 0.403082 0.005698 0.003444
0 0.414161 0.707778 0.019049 0.006548
0 0.267415 0.491548 0.005924 0.003444
0 0.209260 0.337538 0.006889 0.003446
0 0.710499 0.408684 0.005213 0.003196
0 0.265155 0.526793 0.005700 0.003444
0 0.259190 0.386542 0.005698 0.003444
0 0.293243 0.334746 0.007042 0.003677
0 0.433838 0.707778 0.014483 0.005989
0 0.278570 0.615956 0.005982 0.003692
0 0.272485 0.440081 0.009420 0.003595
0 0.782515 0.726911 0.025702 0.009746
0 0.716850 0.591662 0.007078 0.003506
0 0.717170 0.522501 0.010834 0.003686
0 0.758952 0.383224 0.005215 0.003563
0 0.716571 0.463268 0.005384 0.003623
0 0.767141 0.491442 0.005513 0.003660
0 0.773040 0.434879 0.009591 0.003446
0 0.778424 0.616489 0.005311 0.003566
0 0.765139 0.531006 0.005366 0.003609
0 0.708493 0.339869 0.006951 0.003501
0 0.732766 0.649776 0.007084 0.003583
0 0.701838 0.659877 0.007044 0.003449
0 0.753954 0.727325 0.025479 0.009638
0 0.807969 0.727566 0.019198 0.009293
0 0.217402 0.522395 0.010967 0.003683
0 0.216977 0.591508 0.008376 0.003883
0 0.249016 0.655452 0.007465 0.003806
0 0.437464 0.716078 0.005487 0.004464