0 0.178246 0.629099 0.010685 0.005865
0 0.729526 0.770199 0.019770 0.009045
0 0.749514 0.770228 0.015015 0.009273
0 0.259816 0.769979 0.019772 0.009048
0 0.279790 0.770118 0.015015 0.009276
0 0.240161 0.770352 0.015015 0.009276
0 0.152099 0.477843 0.004733 0.004412
0 0.148291 0.622180 0.014838 0.005808
0 0.639066 0.482524 0.004749 0.004602
0 0.776391 0.550537 0.005831 0.004654
0 0.749430 0.314122 0.005690 0.004591
0 0.686798 0.437970 0.007447 0.004637
0 0.749505 0.384497 0.005720 0.004674
0 0.659947 0.550529 0.005607 0.004734
0 0.674800 0.605594 0.010748 0.005968
0 0.741177 0.436542 0.008406 0.004688
0 0.776471 0.465073 0.011374 0.004696
0 0.687185 0.484451 0.010276 0.004810
0 0.685486 0.388373 0.005869 0.004503
0 0.642001 0.611057 0.015092 0.005985
0 0.295550 0.378927 0.010109 0.004813
0 0.163813 0.552944 0.005765 0.004776
0 0.237565 0.553008 0.005817 0.004734
0 0.238092 0.406016 0.011263 0.004850
0 0.165635 0.403736 0.010064 0.004622
0 0.355790 0.514698 0.004910 0.004602
0 0.291711 0.432464 0.007641 0.004682
0 0.345836 0.572154 0.005515 0.004668
0 0.299246 0.572085 0.005787 0.004642
0 0.327628 0.473631 0.005972 0.004543