0 0.238247 0.381097 0.012395 0.007930
0 0.309910 0.393723 0.010427 0.006887
0 0.400733 0.379551 0.016289 0.007711
0 0.454596 0.364176 0.008712 0.007212
0 0.642532 0.416394 0.012139 0.007788
0 0.734680 0.413870 0.016523 0.007067
0 0.471446 0.585995 0.010540 0.007092
0 0.403278 0.586055 0.010699 0.007212
0 0.310839 0.559056 0.012340 0.007788
0 0.594076 0.300181 0.016360 0.007112
0 0.594373 0.591043 0.010427 0.006887
0 0.671172 0.591043 0.010427 0.006887
0 0.513329 0.376763 0.010427 0.006884
0 0.576949 0.371395 0.008710 0.007209
0 0.583987 0.439473 0.008712 0.007212
0 0.534216 0.628811 0.012395 0.007930
0 0.513251 0.871576 0.078113 0.015285
0 0.559504 0.885771 0.008748 0.006736