0 0.497647 0.683938 0.013778 0.007078
0 0.299508 0.683938 0.019726 0.006594
0 0.336521 0.596158 0.009029 0.006957
0 0.320261 0.435269 0.009029 0.006897
0 0.368015 0.434906 0.014677 0.007623
0 0.394929 0.340744 0.013821 0.006473
0 0.301540 0.356019 0.019341 0.006897
0 0.317030 0.515850 0.019855 0.006897
0 0.443089 0.438566 0.021908 0.007441
0 0.590672 0.381488 0.020282 0.006776
0 0.533355 0.459740 0.011682 0.006231
0 0.574476 0.506957 0.009029 0.007502
0 0.456098 0.580732 0.011297 0.007441
0 0.561125 0.594918 0.009114 0.007018
0 0.551861 0.924023 0.010270 0.007368
0 0.543261 0.907151 0.035344 0.017641
0 0.497246 0.906915 0.045473 0.017641