0 0.583458 0.183431 0.006919 0.004155
0 0.560184 0.105150 0.011870 0.004258
0 0.559595 0.343236 0.011823 0.004278
0 0.598340 0.313960 0.006851 0.004260
0 0.669243 0.157623 0.005644 0.004178
0 0.707127 0.157063 0.005646 0.004175
0 0.679408 0.235128 0.007060 0.004249
0 0.645003 0.234705 0.005747 0.004246
0 0.637536 0.324902 0.005654 0.004303
0 0.623876 0.149119 0.013308 0.004406
0 0.355659 0.193381 0.007074 0.004055
0 0.317594 0.200264 0.005698 0.004249
0 0.193303 0.177240 0.012027 0.004198
0 0.204326 0.249912 0.006891 0.004075
0 0.559135 0.262690 0.008549 0.004229
0 0.260825 0.201736 0.013329 0.004372
0 0.212354 0.193889 0.005684 0.004192
0 0.190049 0.146300 0.008485 0.004181
0 0.691309 0.119624 0.008565 0.004298
0 0.255088 0.140452 0.008414 0.004181
0 0.260906 0.302992 0.008396 0.004184
0 0.187534 0.302960 0.011916 0.004238
0 0.218635 0.147442 0.011817 0.004198
0 0.337621 0.265073 0.005567 0.004212
0 0.593999 0.105858 0.008521 0.004243
0 0.540147 0.192784 0.008575 0.004263
0 0.591112 0.258001 0.008858 0.004289
0 0.260763 0.262069 0.006667 0.004195
0 0.212276 0.656633 0.011793 0.004238
0 0.206805 0.715228 0.005624 0.004346
0 0.183678 0.822432 0.011773 0.004243
0 0.253988 0.708022 0.013222 0.004320
0 0.319236 0.783807 0.005585 0.004235
0 0.366370 0.783826 0.005591 0.004238
0 0.263279 0.775987 0.006675 0.004229
0 0.362503 0.709137 0.007113 0.004075
0 0.248638 0.662481 0.008414 0.004192
0 0.199887 0.772382 0.006923 0.004075
0 0.638929 0.292652 0.012063 0.004232
0 0.324234 0.712908 0.005716 0.004243
0 0.185945 0.694573 0.012116 0.004238
0 0.580018 0.822486 0.008442 0.004221
0 0.581759 0.663906 0.011880 0.004209
0 0.553336 0.822425 0.011930 0.004218
0 0.555794 0.678799 0.011979 0.004192
0 0.569569 0.772384 0.006774 0.004050
0 0.688888 0.783830 0.005569 0.004218
0 0.694464 0.712913 0.005664 0.004235
0 0.736089 0.783802 0.005569 0.004218
0 0.634161 0.622724 0.008366 0.004178
0 0.633000 0.775987 0.006637 0.004184
0 0.731506 0.709152 0.007086 0.004095
0 0.577148 0.715463 0.005664 0.004184
0 0.631643 0.713843 0.013421 0.004317
0 0.290037 0.429372 0.021771 0.008216
0 0.312461 0.429380 0.016544 0.008216
0 0.313351 0.437793 0.004610 0.003696
0 0.661364 0.444776 0.021773 0.008219
0 0.683782 0.444959 0.016679 0.008230
0 0.676425 0.929138 0.021771 0.008216
0 0.698744 0.929201 0.016818 0.008216
0 0.699546 0.937737 0.004697 0.003579
0 0.290150 0.929226 0.021771 0.008216
0 0.312399 0.929226 0.016589 0.008216
0 0.313288 0.937702 0.004654 0.003822
0 0.261723 0.829172 0.008414 0.004192