0 0.687548 0.172249 0.007254 0.004343
0 0.556036 0.207874 0.008904 0.004349
0 0.634979 0.314528 0.008584 0.004434
0 0.578571 0.308749 0.012392 0.004674
0 0.635560 0.246661 0.013413 0.004865
0 0.680861 0.243253 0.005970 0.004659
0 0.355730 0.193259 0.007217 0.004300
0 0.317830 0.200135 0.005767 0.004545
0 0.193443 0.177102 0.012307 0.004474
0 0.204440 0.249785 0.007119 0.004329
0 0.260852 0.261949 0.006847 0.004434
0 0.590509 0.237213 0.006853 0.004434
0 0.212443 0.193746 0.005861 0.004477
0 0.190173 0.146181 0.008733 0.004417
0 0.255180 0.140365 0.008600 0.004355
0 0.261072 0.302799 0.008906 0.004571
0 0.187574 0.302853 0.011997 0.004451
0 0.218708 0.147313 0.012150 0.004457
0 0.337598 0.264909 0.005843 0.004540
0 0.594066 0.145056 0.007153 0.004332
0 0.260911 0.201590 0.013500 0.004662
0 0.650709 0.129883 0.012142 0.004537
0 0.260067 0.764463 0.006925 0.004446
0 0.217921 0.649809 0.012194 0.004491
0 0.211612 0.696327 0.005791 0.004508
0 0.192480 0.679543 0.012218 0.004454
0 0.354693 0.695768 0.007229 0.004417
0 0.189378 0.648718 0.008751 0.004417
0 0.557418 0.127170 0.012184 0.004355
0 0.254523 0.642201 0.008906 0.004437
0 0.638928 0.792340 0.012533 0.004571
0 0.707062 0.656805 0.005783 0.004406
0 0.679317 0.734828 0.007234 0.004565
0 0.260135 0.805419 0.008644 0.004454
0 0.560185 0.604850 0.012089 0.004571
0 0.593955 0.605671 0.008745 0.004332
0 0.540077 0.692542 0.009107 0.004463
0 0.591074 0.757773 0.008987 0.004460
0 0.559135 0.762411 0.008549 0.004503
0 0.583592 0.683093 0.007187 0.004545
0 0.637564 0.824612 0.005710 0.004597
0 0.203556 0.752271 0.007032 0.004457
0 0.353587 0.768780 0.005823 0.004474
0 0.316828 0.702551 0.005918 0.004417
0 0.635920 0.157566 0.005896 0.004446
0 0.559595 0.843093 0.011823 0.004278
0 0.645003 0.734563 0.005747 0.004246
0 0.259967 0.704298 0.013244 0.004349
0 0.290149 0.429131 0.022378 0.008424
0 0.312385 0.429327 0.016859 0.008424
0 0.313367 0.437714 0.004892 0.003625
0 0.663000 0.429168 0.022378 0.008424
0 0.661042 0.944637 0.022378 0.008424
0 0.289698 0.929148 0.022378 0.008424
0 0.685060 0.429282 0.016859 0.008424
0 0.683785 0.944728 0.016859 0.008424
0 0.311950 0.929213 0.016857 0.008424
0 0.686250 0.437803 0.004892 0.003625
0 0.313248 0.937541 0.004892 0.003625
0 0.732299 0.196724 0.005642 0.004620
0 0.186727 0.805420 0.011918 0.004514
0 0.311646 0.768803 0.005722 0.004406
0 0.691255 0.619436 0.008785 0.004389
0 0.623904 0.648816 0.013365 0.004728
0 0.598217 0.813688 0.007113 0.004520
0 0.669212 0.657371 0.005884 0.004397
0 0.728088 0.243310 0.005843 0.004602