0 0.668158 0.485359 0.008047 0.006408
0 0.543979 0.680881 0.008047 0.006408
0 0.452530 0.588994 0.008047 0.006408
0 0.380054 0.585844 0.008047 0.006408
0 0.241349 0.418181 0.008047 0.006408
0 0.177551 0.368079 0.021274 0.007651
0 0.431300 0.895358 0.038077 0.016314
0 0.377295 0.895284 0.049776 0.016343
0 0.744406 0.735378 0.004072 0.015237
0 0.420198 0.460961 0.010925 0.006471
0 0.372858 0.469806 0.012800 0.006323
0 0.308023 0.613498 0.019633 0.006300
0 0.207039 0.705666 0.010554 0.005516
0 0.176716 0.565009 0.012219 0.006243
0 0.241844 0.590650 0.010607 0.006613
0 0.295273 0.436958 0.017234 0.006756
0 0.298078 0.382497 0.017551 0.006271
0 0.252296 0.291437 0.008047 0.006408
0 0.312508 0.300713 0.017275 0.006328
0 0.341100 0.245408 0.010887 0.006323
0 0.459686 0.342973 0.004717 0.007611
0 0.585578 0.278207 0.015299 0.007668
0 0.437472 0.262742 0.022213 0.006499
0 0.419397 0.262724 0.008656 0.006462
0 0.432253 0.199454 0.003949 0.015231
0 0.493613 0.262888 0.022215 0.006499
0 0.507182 0.766629 0.021032 0.007660
0 0.475404 0.262692 0.008656 0.006462
0 0.508497 0.566301 0.017474 0.006280
0 0.603566 0.368499 0.017275 0.006331
0 0.653068 0.684148 0.010494 0.006619
0 0.687814 0.588791 0.017881 0.006545
0 0.583544 0.494805 0.012800 0.006320
0 0.560316 0.604883 0.017234 0.006756
0 0.739361 0.603019 0.012219 0.006243
0 0.634843 0.773426 0.012221 0.006243
0 0.308210 0.690222 0.012219 0.006243
0 0.463272 0.500180 0.017275 0.006328
0 0.574072 0.431702 0.010978 0.006266
0 0.670919 0.394082 0.008047 0.006408
0 0.423759 0.272752 0.006704 0.005522
0 0.479675 0.272749 0.006704 0.005522