0 0.326621 0.437787 0.005082 0.004141
0 0.699729 0.437998 0.004971 0.004032
0 0.326676 0.937514 0.004769 0.004124
0 0.303109 0.429175 0.022503 0.009105
0 0.676314 0.429038 0.022670 0.009402
0 0.303575 0.929185 0.022235 0.008772
0 0.674778 0.944580 0.022557 0.009045
0 0.697264 0.944651 0.017026 0.008527
0 0.325284 0.429563 0.017229 0.008906
0 0.698935 0.429313 0.017229 0.008749
0 0.325848 0.929146 0.016899 0.008826
0 0.421792 0.660705 0.020401 0.006238
0 0.573867 0.842987 0.012130 0.004879
0 0.374496 0.801956 0.012241 0.004751
0 0.346377 0.803336 0.009119 0.004728
0 0.254955 0.640228 0.008849 0.004583
0 0.345716 0.690576 0.005968 0.004543
0 0.186525 0.718555 0.006115 0.004611
0 0.693515 0.734882 0.007369 0.004845
0 0.608184 0.605839 0.009182 0.004907
0 0.574414 0.604974 0.012406 0.004927
0 0.371506 0.664497 0.012418 0.004719
0 0.659167 0.734514 0.006147 0.004953
0 0.612544 0.813716 0.007272 0.004885
0 0.721361 0.656838 0.006119 0.004705
0 0.683530 0.657549 0.005980 0.004993
0 0.190264 0.763752 0.005972 0.004728
0 0.653014 0.792444 0.012408 0.004739
0 0.605218 0.757875 0.009190 0.004853
0 0.597797 0.683320 0.007389 0.005204
0 0.572329 0.804956 0.009119 0.005021
0 0.651738 0.824535 0.006055 0.004734
0 0.214058 0.688551 0.007387 0.004488
0 0.638249 0.649042 0.013810 0.004850
0 0.237001 0.763873 0.005950 0.004771
0 0.294682 0.755987 0.007054 0.004696
0 0.357887 0.744726 0.007417 0.004648
0 0.296857 0.681922 0.013580 0.004694
0 0.343042 0.627999 0.012043 0.004588
0 0.581730 0.163769 0.011938 0.004768
0 0.553461 0.322447 0.012321 0.004865
0 0.555794 0.178706 0.011979 0.004662
0 0.569500 0.272398 0.007080 0.004420
0 0.688839 0.283765 0.005880 0.004543
0 0.694494 0.212918 0.006015 0.004372
0 0.736080 0.283738 0.005898 0.004540
0 0.634143 0.122965 0.008886 0.004967
0 0.731432 0.209105 0.007457 0.004702
0 0.577312 0.215460 0.006004 0.005044
0 0.631643 0.213743 0.013421 0.004802
0 0.314552 0.275573 0.005771 0.004551
0 0.193371 0.177957 0.012291 0.004588
0 0.261817 0.264594 0.006851 0.004537
0 0.188631 0.305472 0.012100 0.004674
0 0.261862 0.204309 0.013331 0.004685
0 0.217269 0.305234 0.008743 0.004483
0 0.301073 0.156643 0.008856 0.004810
0 0.219672 0.149979 0.012158 0.004574
0 0.633000 0.276130 0.006637 0.004184
0 0.580036 0.322533 0.008898 0.004919
0 0.205318 0.252629 0.006881 0.004095
0 0.318597 0.202747 0.006047 0.004480
0 0.213455 0.196341 0.005934 0.004583
0 0.356699 0.196015 0.007457 0.004437
0 0.356589 0.275597 0.005904 0.004486