0 0.230071 0.636535 0.024592 0.008703
0 0.406236 0.297919 0.018567 0.009042
0 0.353477 0.623808 0.018504 0.009453
0 0.241985 0.381733 0.012098 0.009190
0 0.559378 0.406243 0.011923 0.009190
0 0.502957 0.397970 0.014864 0.008826
0 0.467388 0.404346 0.012252 0.009148
0 0.387597 0.393589 0.028377 0.009413
0 0.300126 0.390889 0.011681 0.009031
0 0.481653 0.538615 0.011764 0.009031
0 0.556104 0.538620 0.011683 0.009031
0 0.380591 0.524058 0.014517 0.009353
0 0.267388 0.553324 0.011856 0.009031
0 0.249229 0.454356 0.025219 0.008312
0 0.385678 0.712530 0.018516 0.009279
0 0.595880 0.330499 0.023532 0.009042
0 0.418408 0.897893 0.062056 0.022799
0 0.481427 0.897735 0.046543 0.022186
0 0.547880 0.252359 0.009411 0.006075
0 0.526898 0.920036 0.009756 0.009552