0 0.810176 0.584249 0.011221 0.006526
0 0.631044 0.473591 0.004739 0.004645
0 0.834064 0.441300 0.004739 0.004645
0 0.235167 0.508408 0.005515 0.004272
0 0.235077 0.405509 0.011124 0.004412
0 0.287818 0.344719 0.009591 0.004229
0 0.285968 0.405450 0.007242 0.004363
0 0.286016 0.448829 0.007183 0.004412
0 0.318411 0.448829 0.005817 0.004337
0 0.298329 0.534434 0.005434 0.004337
0 0.344818 0.534497 0.005456 0.004337
0 0.176473 0.391774 0.010133 0.004380
0 0.162864 0.508485 0.005515 0.004300
0 0.147188 0.577193 0.014671 0.005939
0 0.840101 0.577102 0.015092 0.006703
0 0.177131 0.584280 0.010719 0.005939
0 0.352120 0.473464 0.004848 0.004397
0 0.148916 0.441127 0.004848 0.004397
0 0.576277 0.352566 0.009081 0.005098
0 0.259796 0.770509 0.019194 0.009020
0 0.279860 0.770261 0.014610 0.008524
0 0.729570 0.770341 0.019442 0.009020
0 0.749520 0.770199 0.014681 0.008532
0 0.811164 0.391698 0.010113 0.004634
0 0.821815 0.508274 0.005654 0.004540
0 0.751893 0.405474 0.011507 0.004440
0 0.669469 0.447800 0.005612 0.004543
0 0.698323 0.344662 0.009722 0.004434
0 0.639642 0.530643 0.005543 0.004602
0 0.650526 0.609534 0.011138 0.005839
0 0.700726 0.405477 0.007332 0.004548
0 0.866998 0.507038 0.010675 0.006044
0 0.700774 0.447838 0.007318 0.004466
0 0.751853 0.508205 0.005503 0.004280
0 0.686138 0.530724 0.005358 0.004725