0 0.593457 0.568433 0.011809 0.004201
0 0.688031 0.712207 0.008471 0.004198
0 0.599747 0.866207 0.008517 0.004195
0 0.371517 0.664450 0.011956 0.004146
0 0.599879 0.634266 0.005674 0.004218
0 0.214016 0.688529 0.006939 0.003990
0 0.421731 0.660806 0.020854 0.006515
0 0.190121 0.763901 0.005545 0.004144
0 0.236826 0.763887 0.005543 0.004144
0 0.294713 0.756080 0.006629 0.004141
0 0.357895 0.744808 0.006853 0.003990
0 0.296735 0.681976 0.013268 0.004312
0 0.342983 0.628081 0.011753 0.004175
0 0.776854 0.929031 0.022859 0.009137
0 0.798934 0.929363 0.017493 0.009134
0 0.800190 0.937653 0.005297 0.004431
0 0.303303 0.929454 0.022859 0.009134
0 0.289927 0.429028 0.022861 0.009137
0 0.763285 0.429325 0.022859 0.009137
0 0.325873 0.929454 0.017493 0.009134
0 0.311453 0.429621 0.017493 0.009137
0 0.785438 0.429621 0.017493 0.009137
0 0.326717 0.937851 0.005297 0.004434
0 0.313345 0.437702 0.005299 0.004431
0 0.786858 0.437793 0.005297 0.004431
0 0.374363 0.801954 0.011854 0.004175
0 0.346261 0.803381 0.008444 0.004135
0 0.254799 0.640174 0.008336 0.004132
0 0.345639 0.690742 0.005612 0.004135
0 0.186355 0.718716 0.005614 0.004135
0 0.569531 0.868025 0.011888 0.004246
0 0.580117 0.816127 0.006798 0.004041
0 0.661611 0.833785 0.006696 0.004189
0 0.658934 0.754895 0.013298 0.004420
0 0.594027 0.749836 0.005672 0.004226
0 0.572383 0.731074 0.012063 0.004246
0 0.599249 0.687273 0.007099 0.004109
0 0.652651 0.593431 0.005595 0.004246
0 0.648414 0.660093 0.005569 0.004243
0 0.221031 0.145064 0.006768 0.004058
0 0.184237 0.127243 0.011900 0.004209
0 0.355108 0.243504 0.005569 0.004215
0 0.567315 0.231248 0.012079 0.004172
0 0.572981 0.312001 0.006768 0.004098
0 0.565657 0.365637 0.011801 0.004172
0 0.635300 0.065611 0.008461 0.004144
0 0.636691 0.250939 0.013321 0.004346
0 0.646643 0.370597 0.008459 0.004141
0 0.588647 0.068753 0.011789 0.004192
0 0.592964 0.188011 0.006980 0.004075
0 0.646996 0.098710 0.005610 0.004158
0 0.646994 0.155949 0.005610 0.004158
0 0.589918 0.250675 0.005736 0.004206
0 0.597948 0.130224 0.005664 0.004203
0 0.637102 0.322150 0.006679 0.004192
0 0.308021 0.243475 0.005569 0.004215
0 0.262543 0.246928 0.013367 0.004332
0 0.205625 0.309000 0.011850 0.004172
0 0.217374 0.237347 0.006663 0.004166
0 0.261985 0.314641 0.008507 0.004209
0 0.182850 0.207945 0.008614 0.004206
0 0.314568 0.172387 0.007133 0.004067
0 0.359277 0.196902 0.005674 0.004263
0 0.262761 0.157667 0.005660 0.004243
0 0.277527 0.130078 0.011858 0.004146