0 0.336206 0.232328 0.006694 0.004907
0 0.236536 0.125587 0.006694 0.004950
0 0.603700 0.124922 0.010282 0.004976
0 0.714585 0.255067 0.006744 0.004959
0 0.759106 0.255152 0.006744 0.004959
0 0.216059 0.736298 0.007935 0.004976
0 0.272570 0.755030 0.006422 0.004976
0 0.316985 0.755090 0.006422 0.004976
0 0.146769 0.736287 0.006422 0.004976
0 0.137407 0.663656 0.014165 0.004930
0 0.134407 0.620402 0.014523 0.004930
0 0.161574 0.624819 0.010127 0.004896
0 0.140531 0.791357 0.010129 0.004896
0 0.170863 0.791743 0.014211 0.005235
0 0.579538 0.163736 0.014006 0.005101
0 0.598860 0.175496 0.007761 0.004950
0 0.766871 0.202256 0.007907 0.004950
0 0.745724 0.174986 0.008289 0.004887
0 0.644384 0.169225 0.018545 0.004896
0 0.390657 0.180345 0.007927 0.004714
0 0.276627 0.119279 0.013983 0.004930
0 0.269145 0.267737 0.010129 0.005078
0 0.227848 0.212217 0.007935 0.004976
0 0.317004 0.118795 0.008426 0.004759
0 0.382107 0.232229 0.006692 0.004907
0 0.280711 0.211109 0.018710 0.005711
0 0.200920 0.154719 0.010129 0.004896
0 0.200503 0.113062 0.014469 0.004711
0 0.593283 0.237019 0.006744 0.004959
0 0.201982 0.669265 0.018708 0.005711
0 0.159420 0.675403 0.007927 0.005249
0 0.251906 0.677569 0.007927 0.005135
0 0.283563 0.667555 0.008424 0.004759
0 0.307081 0.677628 0.014247 0.005190
0 0.329940 0.665215 0.008426 0.004759
0 0.726941 0.645212 0.008426 0.004759
0 0.685815 0.612083 0.007927 0.005135
0 0.671255 0.649184 0.007927 0.005138
0 0.611131 0.623408 0.006422 0.004976
0 0.716267 0.718606 0.006422 0.004976
0 0.761884 0.698433 0.006420 0.004976
0 0.664636 0.718793 0.018710 0.005708
0 0.651101 0.782875 0.010129 0.004896
0 0.573712 0.639977 0.010129 0.004896
0 0.575132 0.598641 0.014523 0.004930
0 0.602342 0.718624 0.008251 0.005044
0 0.650623 0.610199 0.014165 0.004930
0 0.312214 0.386552 0.024493 0.008772
0 0.337762 0.386442 0.019136 0.008421
0 0.330489 0.393857 0.004789 0.003394
0 0.696111 0.400071 0.045295 0.008772
0 0.700016 0.407334 0.004787 0.003394
0 0.700084 0.906946 0.004789 0.003394
0 0.259958 0.907432 0.004787 0.003397
0 0.696470 0.899590 0.045295 0.008772
0 0.256353 0.899835 0.045295 0.008772
0 0.613023 0.292026 0.014211 0.005232
0 0.582769 0.291271 0.010282 0.004976
0 0.658392 0.236925 0.008181 0.004976
0 0.576564 0.120627 0.014433 0.005255