0 0.346478 0.473542 0.004763 0.004355
0 0.292634 0.523411 0.005430 0.004337
0 0.339080 0.523434 0.005507 0.004337
0 0.660428 0.465063 0.004600 0.004403
0 0.770827 0.384608 0.005313 0.004332
0 0.681280 0.550559 0.005398 0.004332
0 0.714566 0.462492 0.007217 0.004392
0 0.729647 0.770474 0.019404 0.008512
0 0.749601 0.770393 0.014644 0.008487
0 0.770776 0.318696 0.005557 0.004488
0 0.706668 0.308044 0.004705 0.003149
0 0.707654 0.388491 0.005668 0.004363
0 0.708466 0.493299 0.010085 0.004420
0 0.762192 0.550774 0.005404 0.004357
0 0.663227 0.611191 0.014658 0.005819
0 0.776528 0.462059 0.011130 0.004523
0 0.693107 0.618541 0.010486 0.005848
0 0.157039 0.508467 0.005430 0.004337
0 0.358010 0.401386 0.007985 0.004631
0 0.317105 0.608686 0.010522 0.005893
0 0.229492 0.508433 0.005428 0.004337
0 0.141529 0.577345 0.014874 0.005805
0 0.171460 0.584540 0.010580 0.005848
0 0.173134 0.405483 0.010069 0.004320
0 0.229475 0.405590 0.011157 0.004540
0 0.143254 0.441284 0.004638 0.004357
0 0.283375 0.345138 0.009591 0.004355
0 0.280243 0.405529 0.007256 0.004412
0 0.280233 0.448897 0.007316 0.004412
0 0.312282 0.448852 0.005833 0.004355
0 0.637891 0.394166 0.008924 0.005056
0 0.259849 0.770313 0.019460 0.008834
0 0.279814 0.770316 0.014945 0.008834