0 0.695411 0.453478 0.011024 0.004198
0 0.634111 0.547254 0.006760 0.004454
0 0.285471 0.526137 0.006800 0.004403
0 0.146940 0.453237 0.008170 0.004258
0 0.219916 0.526174 0.007917 0.004295
0 0.220315 0.433850 0.013341 0.004434
0 0.116388 0.545795 0.006752 0.004329
0 0.281677 0.421044 0.012140 0.004221
0 0.163447 0.545801 0.006784 0.004329
0 0.266188 0.569161 0.008652 0.004203
0 0.109459 0.454839 0.006752 0.004241
0 0.268158 0.458454 0.006754 0.004238
0 0.299799 0.570011 0.011888 0.004184
0 0.180767 0.410313 0.008573 0.004292
0 0.299886 0.576449 0.018386 0.004184
0 0.770359 0.406388 0.008721 0.004203
0 0.800567 0.514724 0.006893 0.004426
0 0.780996 0.573172 0.008590 0.004229
0 0.814344 0.565023 0.011912 0.004295
0 0.814525 0.571315 0.018187 0.004221
0 0.791011 0.451156 0.006798 0.004186
0 0.639238 0.462050 0.008112 0.004232
0 0.664644 0.430048 0.006891 0.004212
0 0.816569 0.442397 0.012110 0.004229
0 0.735062 0.528237 0.007937 0.004278
0 0.738417 0.450663 0.013329 0.004437
0 0.675429 0.547256 0.006760 0.004434
0 0.393640 0.421007 0.012140 0.004221
0 0.392453 0.525958 0.006800 0.004403
0 0.406700 0.569897 0.011888 0.004184
0 0.406304 0.576332 0.018386 0.004184
0 0.249407 0.743207 0.023379 0.008547
0 0.273461 0.743095 0.018052 0.008321
0 0.289364 0.753386 0.003738 0.003038
0 0.717583 0.743179 0.023524 0.008672
0 0.741660 0.743140 0.018001 0.008749
0 0.751656 0.753333 0.003756 0.003046