0 0.464539 0.751602 0.005386 0.004618
0 0.123912 0.431656 0.004298 0.003746
0 0.123870 0.559661 0.004298 0.003746
0 0.112713 0.498793 0.004507 0.003680
0 0.189419 0.451787 0.005805 0.003723
0 0.266529 0.490968 0.004507 0.003680
0 0.277759 0.435080 0.008358 0.003643
0 0.241988 0.448196 0.006865 0.003615
0 0.183617 0.571318 0.005239 0.003771
0 0.922968 0.741770 0.022700 0.008997
0 0.945580 0.741893 0.016996 0.009401
0 0.694742 0.467251 0.005821 0.003988
0 0.964378 0.751636 0.005650 0.004863
0 0.259745 0.571280 0.004298 0.003746
0 0.307918 0.601243 0.010500 0.003717
0 0.122345 0.613327 0.006879 0.003803
0 0.309847 0.523240 0.005702 0.003623
0 0.225751 0.497231 0.007403 0.003794
0 0.189433 0.488800 0.005616 0.003826
0 0.282664 0.416189 0.008197 0.002970
0 0.289406 0.416177 0.004264 0.002765
0 0.375709 0.441655 0.002279 0.003977
0 0.330997 0.515328 0.002120 0.003723
0 0.355190 0.570751 0.002172 0.003937
0 0.903221 0.741723 0.011483 0.009125
0 0.423936 0.741696 0.022569 0.009082
0 0.446486 0.741794 0.017002 0.009170
0 0.346846 0.589541 0.002259 0.003700
0 0.368954 0.524994 0.001684 0.002691
0 0.806413 0.461846 0.006798 0.003617