0 0.681062 0.243475 0.005569 0.004215
0 0.363049 0.783802 0.005569 0.004218
0 0.321424 0.712913 0.005664 0.004235
0 0.315847 0.783830 0.005569 0.004218
0 0.196528 0.772384 0.006774 0.004050
0 0.182753 0.678799 0.011979 0.004192
0 0.180295 0.822425 0.011930 0.004218
0 0.208719 0.663906 0.011880 0.004209
0 0.206978 0.822486 0.008442 0.004221
0 0.682474 0.743284 0.005529 0.004135
0 0.636909 0.738693 0.013294 0.004317
0 0.689050 0.672192 0.007014 0.004007
0 0.733763 0.696728 0.005636 0.004155
0 0.637224 0.657491 0.005636 0.004135
0 0.261120 0.622724 0.008366 0.004178
0 0.591727 0.737179 0.006637 0.004109
0 0.580019 0.808775 0.011749 0.004121
0 0.607595 0.802002 0.008449 0.004175
0 0.557316 0.669089 0.008346 0.004175
0 0.595450 0.644924 0.006810 0.004007
0 0.558638 0.627076 0.011751 0.004166
0 0.729580 0.743296 0.005567 0.004135
0 0.258603 0.713843 0.013421 0.004317
0 0.204107 0.715463 0.005664 0.004184
0 0.358467 0.709152 0.007088 0.004095
0 0.259960 0.775987 0.006637 0.004184
0 0.639998 0.629954 0.011944 0.004178
0 0.732316 0.196902 0.005676 0.004263
0 0.635802 0.157667 0.005660 0.004243
0 0.650567 0.130078 0.011858 0.004146
0 0.594070 0.145064 0.006770 0.004058
0 0.185945 0.194715 0.012116 0.004238
0 0.324234 0.213051 0.005716 0.004243
0 0.261594 0.329560 0.008414 0.004192
0 0.199887 0.272525 0.006923 0.004075
0 0.699651 0.937548 0.004945 0.004175
0 0.675999 0.929072 0.022359 0.008769
0 0.698299 0.929118 0.016740 0.008769
0 0.303505 0.928827 0.022359 0.008769
0 0.325862 0.929122 0.016742 0.008772
0 0.326713 0.937665 0.004943 0.004175
0 0.290170 0.429067 0.022359 0.008769
0 0.662722 0.429149 0.022357 0.008769
0 0.312451 0.429280 0.016742 0.008769
0 0.684902 0.429047 0.016740 0.008769
0 0.313323 0.437793 0.004945 0.004175
0 0.686381 0.437915 0.004945 0.004175
0 0.248638 0.162623 0.008414 0.004192
0 0.362503 0.209279 0.007113 0.004075
0 0.263279 0.276130 0.006675 0.004229
0 0.366370 0.283968 0.005591 0.004238
0 0.687607 0.172387 0.007131 0.004067
0 0.253988 0.208165 0.013222 0.004320
0 0.183678 0.322575 0.011773 0.004243
0 0.206805 0.215370 0.005624 0.004346
0 0.212276 0.156775 0.011793 0.004238
0 0.557277 0.127243 0.011902 0.004209
0 0.728148 0.243504 0.005569 0.004215
0 0.635583 0.246928 0.013367 0.004332
0 0.578665 0.309000 0.011850 0.004172
0 0.590414 0.237347 0.006663 0.004166
0 0.635025 0.314641 0.008507 0.004209
0 0.555891 0.207945 0.008614 0.004206
0 0.319236 0.283950 0.005585 0.004235