0 0.268937 0.670499 0.010714 0.003324
0 0.459838 0.793592 0.004638 0.003341
0 0.272202 0.192366 0.010677 0.003341
0 0.375328 0.793730 0.004959 0.003532
0 0.381950 0.730066 0.004735 0.003609
0 0.349499 0.702717 0.005779 0.003518
0 0.310683 0.657214 0.007216 0.003646
0 0.383143 0.653067 0.007027 0.003330
0 0.226959 0.647290 0.010101 0.003595
0 0.210588 0.760895 0.005836 0.003580
0 0.190725 0.816660 0.009722 0.003737
0 0.579843 0.658764 0.009756 0.003452
0 0.649979 0.652824 0.011028 0.003817
0 0.694791 0.636234 0.007313 0.003700
0 0.714865 0.303322 0.005747 0.003446
0 0.726660 0.229133 0.009853 0.003706
0 0.643908 0.152339 0.004826 0.003646
0 0.596858 0.260133 0.007049 0.003509
0 0.726912 0.074369 0.006930 0.003429
0 0.223820 0.195706 0.004568 0.003458
0 0.198931 0.182556 0.009476 0.003646
0 0.145676 0.639806 0.020601 0.005849
0 0.102046 0.747497 0.020601 0.005849
0 0.483846 0.727497 0.020601 0.005849
0 0.526806 0.621807 0.020603 0.005849
0 0.656890 0.936559 0.020347 0.007383
0 0.677706 0.936457 0.015642 0.007246
0 0.283221 0.436535 0.020347 0.007380
0 0.656686 0.442841 0.020347 0.007380
0 0.283118 0.936656 0.020347 0.007383
0 0.303900 0.436499 0.015642 0.007560
0 0.677460 0.442741 0.015836 0.007243
0 0.303933 0.936518 0.015642 0.007243
0 0.190653 0.316682 0.009583 0.003466
0 0.300050 0.324544 0.007277 0.003592
0 0.274929 0.281311 0.005594 0.003512
0 0.330072 0.281584 0.004723 0.003538
0 0.226925 0.147379 0.009806 0.003760
0 0.375338 0.281418 0.004939 0.003697
0 0.381962 0.230023 0.004711 0.003580
0 0.223889 0.695945 0.004953 0.003606
0 0.349467 0.202802 0.005844 0.003518
0 0.210648 0.260874 0.005755 0.003623
0 0.383098 0.153059 0.006954 0.003233
0 0.202204 0.150986 0.007162 0.003843
0 0.310661 0.157403 0.007261 0.003723
0 0.603928 0.329924 0.009601 0.003606
0 0.644307 0.088636 0.004957 0.003515
0 0.644647 0.197764 0.007299 0.003560
0 0.695015 0.172905 0.004769 0.003620
0 0.647187 0.246327 0.010968 0.003697
0 0.701418 0.237829 0.004945 0.003874
0 0.699862 0.125687 0.005840 0.003757
0 0.666505 0.359686 0.007285 0.003717
0 0.730806 0.364397 0.010147 0.003532
0 0.722451 0.630255 0.009885 0.003743
0 0.604829 0.678235 0.005017 0.003791
0 0.719227 0.683632 0.004723 0.003888
0 0.756232 0.775775 0.004973 0.003694
0 0.752626 0.692132 0.005975 0.003649
0 0.591500 0.742953 0.005713 0.003603
0 0.571608 0.798861 0.009536 0.003589
0 0.793631 0.694692 0.007174 0.003432
0 0.655922 0.767940 0.005834 0.003629
0 0.711024 0.776068 0.004842 0.003851
0 0.599371 0.799545 0.007023 0.003817
0 0.218368 0.817400 0.007126 0.003740
0 0.198881 0.676592 0.009655 0.003657
0 0.274882 0.785952 0.005438 0.003751
0 0.330066 0.793787 0.005178 0.003532
0 0.650861 0.310832 0.005434 0.003341