0 0.460774 0.713855 0.015366 0.006975
0 0.587587 0.445811 0.012164 0.008868
0 0.118231 0.308941 0.014999 0.007352
0 0.116262 0.327869 0.010272 0.006947
0 0.121394 0.347137 0.020516 0.007015
0 0.138840 0.347090 0.010056 0.006864
0 0.994168 0.610463 0.011664 0.008503
0 0.587633 0.411343 0.012583 0.008586
0 0.593743 0.423032 0.024189 0.008863
0 0.587379 0.456759 0.012021 0.008791
0 0.584541 0.434289 0.006184 0.008663
0 0.113556 0.318491 0.004941 0.007027
0 0.587130 0.377655 0.011967 0.008623
0 0.118385 0.337534 0.014912 0.007178
0 0.584851 0.389169 0.006236 0.008703
0 0.587773 0.400147 0.012696 0.008903
0 0.967996 0.610385 0.012599 0.008820