0 0.555560 0.665284 0.008046 0.003460
0 0.309016 0.707135 0.006962 0.003240
0 0.696614 0.257773 0.010600 0.003320
0 0.310853 0.815725 0.005374 0.003254
0 0.251922 0.821654 0.005662 0.003371
0 0.310380 0.862784 0.006849 0.003311
0 0.423081 0.797164 0.006964 0.003414
0 0.196334 0.821667 0.005329 0.003403
0 0.194805 0.746821 0.005543 0.003280
0 0.264604 0.667184 0.009543 0.003363
0 0.412235 0.888639 0.009655 0.003326
0 0.378283 0.811787 0.005384 0.003363
0 0.386098 0.778594 0.005337 0.003354
0 0.323573 0.757630 0.010600 0.003320
0 0.277634 0.754219 0.008688 0.003309
0 0.684391 0.718230 0.010584 0.003283
0 0.785330 0.888628 0.009537 0.003337
0 0.759347 0.778635 0.005388 0.003482
0 0.182573 0.665271 0.008140 0.003371
0 0.785123 0.388567 0.009653 0.003602
0 0.555614 0.165413 0.008140 0.003371
0 0.683889 0.815705 0.005493 0.003249
0 0.637355 0.667200 0.009492 0.003531
0 0.605801 0.785355 0.005493 0.003283
0 0.569461 0.829018 0.005458 0.003571
0 0.567806 0.746897 0.005601 0.003283
0 0.736118 0.862796 0.006901 0.003283
0 0.624981 0.829145 0.005569 0.003528
0 0.816807 0.757729 0.009690 0.003266
0 0.787621 0.819622 0.009448 0.003212
0 0.747031 0.811728 0.005386 0.003257
0 0.759139 0.278736 0.005337 0.003354
0 0.751324 0.311929 0.005384 0.003363
0 0.637644 0.167327 0.009545 0.003363
0 0.567844 0.246964 0.005545 0.003280
0 0.569374 0.321810 0.005329 0.003403
0 0.796120 0.297307 0.006962 0.003414
0 0.683420 0.362927 0.006849 0.003311
0 0.624962 0.321797 0.005664 0.003371
0 0.683893 0.315868 0.005372 0.003254
0 0.682056 0.207277 0.006962 0.003240
0 0.376846 0.265376 0.005390 0.003178
0 0.212721 0.203671 0.005624 0.003266
0 0.261944 0.280191 0.005436 0.003277
0 0.169808 0.186926 0.007921 0.003502
0 0.208694 0.280160 0.005525 0.003465
0 0.254071 0.238474 0.005499 0.003366
0 0.274844 0.196401 0.005444 0.003294
0 0.322404 0.318589 0.006855 0.003403
0 0.323722 0.200896 0.010530 0.003406
0 0.248677 0.118005 0.009581 0.003368
0 0.408700 0.259444 0.007004 0.003403
0 0.382696 0.240474 0.005352 0.003195
0 0.391092 0.109815 0.009410 0.003329
0 0.322335 0.274769 0.005839 0.002904
0 0.330075 0.142847 0.006859 0.003431
0 0.650674 0.254362 0.008690 0.003309
0 0.137673 0.142649 0.005775 0.002989
0 0.580640 0.116006 0.005777 0.002989
0 0.207794 0.615901 0.005775 0.002989
0 0.580667 0.615777 0.005775 0.002987
0 0.232817 0.785117 0.005533 0.003605
0 0.605742 0.285372 0.005642 0.003779
0 0.285372 0.442371 0.024344 0.008618
0 0.310888 0.442494 0.018886 0.008373
0 0.800485 0.442572 0.024580 0.008672
0 0.826023 0.442531 0.018960 0.008242
0 0.800492 0.942474 0.024517 0.008618
0 0.826064 0.942412 0.019079 0.008250
0 0.427571 0.942347 0.024608 0.008609