0 0.764103 0.109739 0.009412 0.003252
0 0.248677 0.118005 0.009581 0.003368
0 0.408700 0.259444 0.007004 0.003403
0 0.528722 0.723136 0.009581 0.003411
0 0.567697 0.664269 0.009357 0.003403
0 0.545886 0.784649 0.005392 0.003024
0 0.728065 0.676926 0.008021 0.003531
0 0.723199 0.746828 0.005761 0.003192
0 0.719293 0.829005 0.005569 0.003545
0 0.663762 0.829017 0.005468 0.003465
0 0.309647 0.779040 0.005303 0.003152
0 0.509090 0.891489 0.009593 0.003195
0 0.172867 0.784618 0.005372 0.003343
0 0.285587 0.754201 0.008845 0.003283
0 0.194828 0.664322 0.009406 0.003411
0 0.237831 0.701707 0.006861 0.003283
0 0.240809 0.755752 0.010584 0.003326
0 0.541602 0.811775 0.005348 0.003403
0 0.526143 0.784639 0.009655 0.003465
0 0.234466 0.811241 0.005571 0.003309
0 0.153054 0.784628 0.009569 0.003391
0 0.233792 0.855289 0.006951 0.003403
0 0.136101 0.891489 0.009655 0.003149
0 0.168533 0.811661 0.005533 0.003414
0 0.155710 0.723118 0.009567 0.003425
0 0.290713 0.819775 0.005360 0.003528
0 0.346156 0.819775 0.005545 0.003528
0 0.355345 0.680975 0.008170 0.003500
0 0.350206 0.746837 0.005674 0.003351
0 0.682862 0.779088 0.005571 0.003203
0 0.662694 0.730446 0.005561 0.003320
0 0.606618 0.718179 0.010544 0.003414
0 0.606960 0.818993 0.005372 0.003343
0 0.553327 0.862840 0.006931 0.003371
0 0.382696 0.240474 0.005352 0.003195
0 0.391092 0.109815 0.009410 0.003329
0 0.322335 0.274769 0.005839 0.002904
0 0.330075 0.142847 0.006859 0.003431
0 0.755730 0.240460 0.005497 0.003343
0 0.647961 0.191120 0.005400 0.003329
0 0.755733 0.265359 0.005523 0.003463
0 0.750247 0.318601 0.006962 0.003357
0 0.695372 0.274846 0.005505 0.003292
0 0.694081 0.200930 0.010584 0.003371
0 0.621652 0.117964 0.009627 0.003178
0 0.376846 0.265376 0.005390 0.003178
0 0.634999 0.291425 0.005533 0.003414
0 0.581682 0.291414 0.005364 0.003431
0 0.585720 0.203682 0.005440 0.003209
0 0.542864 0.186793 0.007953 0.003502
0 0.773373 0.178069 0.009567 0.003428
0 0.773353 0.210643 0.009801 0.003428
0 0.212721 0.203671 0.005624 0.003266
0 0.627119 0.238444 0.005569 0.003317
0 0.261944 0.280191 0.005436 0.003277
0 0.169808 0.186926 0.007921 0.003502
0 0.208694 0.280160 0.005525 0.003465
0 0.254071 0.238474 0.005499 0.003366
0 0.274844 0.196401 0.005444 0.003294
0 0.322404 0.318589 0.006855 0.003403
0 0.323722 0.200896 0.010530 0.003406
0 0.427663 0.942462 0.025428 0.009228
0 0.285186 0.442561 0.025428 0.009225
0 0.658206 0.442304 0.025426 0.009225
0 0.310863 0.442552 0.019861 0.009225
0 0.684333 0.443062 0.019861 0.009225
0 0.696586 0.582566 0.006143 0.003531
0 0.323670 0.582638 0.006143 0.003531
0 0.137422 0.142686 0.006143 0.003531
0 0.510605 0.142501 0.006143 0.003531
0 0.800564 0.942267 0.025428 0.009225
0 0.825895 0.942315 0.019861 0.009225