0 0.842030 0.358169 0.009246 0.006831
0 0.773214 0.384211 0.009357 0.006837
0 0.733141 0.499548 0.009905 0.006512
0 0.705202 0.603319 0.009188 0.006785
0 0.672604 0.499759 0.020175 0.006432
0 0.829443 0.513814 0.023190 0.006780
0 0.652879 0.649810 0.014068 0.006803
0 0.643605 0.499795 0.020218 0.006623
0 0.642047 0.576329 0.009780 0.006412
0 0.842040 0.277502 0.009226 0.006882
0 0.873292 0.434605 0.014866 0.006828
0 0.827173 0.618618 0.009518 0.006828
0 0.618184 0.649815 0.019934 0.006794
0 0.782268 0.471988 0.019708 0.006620
0 0.323816 0.363260 0.020218 0.006623
0 0.375479 0.365540 0.009780 0.006412
0 0.421747 0.385879 0.014068 0.006737
0 0.421827 0.336743 0.019934 0.006794
0 0.231052 0.563981 0.009095 0.006771
0 0.176143 0.532622 0.009095 0.006737
0 0.236606 0.467626 0.009226 0.006720
0 0.278348 0.467447 0.009905 0.006349
0 0.330860 0.476730 0.019565 0.006620
0 0.319949 0.539087 0.023190 0.006780
0 0.322897 0.338961 0.020177 0.006432
0 0.406459 0.474084 0.009400 0.006828
0 0.345093 0.604430 0.015013 0.006831
0 0.296812 0.707571 0.030832 0.010239
0 0.328834 0.707844 0.023468 0.009692
0 0.322358 0.719262 0.007510 0.005443