0 0.577876 0.602613 0.012271 0.008931
0 0.285394 0.294762 0.012271 0.008931
0 0.611752 0.362105 0.012168 0.009456
0 0.392158 0.654051 0.012734 0.009008
0 0.328442 0.721682 0.018517 0.009036
0 0.179154 0.340525 0.018352 0.009036
0 0.253970 0.548258 0.012394 0.009036
0 0.392585 0.270111 0.012331 0.008979
0 0.392717 0.282527 0.012591 0.008743
0 0.525426 0.372147 0.012883 0.009014
0 0.392184 0.666445 0.012694 0.009322
0 0.489065 0.598712 0.018835 0.009441
0 0.391256 0.365634 0.012168 0.009456
0 0.707636 0.509728 0.012273 0.008931