0 0.569156 0.472434 0.011868 0.023216
0 0.611869 0.579557 0.011813 0.025670
0 0.605886 0.685536 0.009917 0.024475
0 0.747241 0.688521 0.009915 0.024475
0 0.749310 0.375014 0.009915 0.024475
0 0.590994 0.367238 0.009915 0.024475
0 0.747724 0.519798 0.010762 0.025074
0 0.293336 0.307399 0.009915 0.024478
0 0.820840 0.540438 0.011138 0.037249
0 0.300720 0.515143 0.010762 0.025074
0 0.551019 0.349031 0.011140 0.037252
0 0.378275 0.418234 0.011138 0.037249
0 0.556132 0.580410 0.012458 0.037252
0 0.904940 0.658143 0.010842 0.022072
0 0.905085 0.589534 0.010842 0.022072
0 0.904778 0.526752 0.010842 0.022072
0 0.904472 0.452926 0.010842 0.033332
0 0.904013 0.379420 0.010842 0.033127