0 0.218359 0.817308 0.006785 0.003327
0 0.599402 0.799420 0.006803 0.003338
0 0.711122 0.775954 0.004634 0.003338
0 0.655955 0.767881 0.005376 0.003338
0 0.571641 0.798723 0.009401 0.003312
0 0.591588 0.742794 0.005446 0.003227
0 0.752745 0.691894 0.005567 0.003173
0 0.756427 0.775684 0.004678 0.003341
0 0.719378 0.683513 0.004582 0.003196
0 0.604854 0.677968 0.004584 0.003198
0 0.722640 0.630140 0.009698 0.003341
0 0.694910 0.636103 0.006906 0.003324
0 0.650062 0.652734 0.010712 0.003295
0 0.579877 0.658702 0.009405 0.003327
0 0.190652 0.816575 0.009415 0.003281
0 0.210564 0.760668 0.005467 0.003184
0 0.223758 0.695755 0.004489 0.003341
0 0.198882 0.676425 0.009375 0.003324
0 0.226889 0.647175 0.009766 0.003295
0 0.268937 0.670499 0.010714 0.003324
0 0.683826 0.157094 0.006962 0.003332
0 0.599960 0.147196 0.009688 0.003395
0 0.310605 0.657145 0.006777 0.003338
0 0.349503 0.702564 0.005586 0.003213
0 0.381964 0.729924 0.004562 0.003327
0 0.375315 0.793592 0.004572 0.003312
0 0.330082 0.793663 0.004646 0.003398
0 0.274955 0.785733 0.005293 0.003312
0 0.575255 0.150721 0.006878 0.003255
0 0.583668 0.260674 0.005444 0.003224
0 0.645294 0.192366 0.010677 0.003341
0 0.722584 0.202521 0.005567 0.003184
0 0.755009 0.229875 0.004459 0.003341
0 0.748450 0.281212 0.004612 0.003341
0 0.703177 0.281477 0.004604 0.003324
0 0.648016 0.281204 0.005376 0.003298
0 0.673024 0.324413 0.006878 0.003330
0 0.563734 0.316589 0.009355 0.003281
0 0.571965 0.182376 0.009357 0.003287
0 0.596856 0.195621 0.004457 0.003290
0 0.378357 0.236874 0.004519 0.003355
0 0.344431 0.207838 0.005580 0.003184
0 0.291071 0.321735 0.006787 0.003367
0 0.196374 0.321860 0.009349 0.003315
0 0.275020 0.193097 0.010730 0.003355
0 0.202996 0.190383 0.009407 0.003355
0 0.215107 0.266099 0.005469 0.003207
0 0.284724 0.147194 0.006799 0.003401
0 0.230280 0.151202 0.009776 0.003275
0 0.202259 0.151183 0.006904 0.003381
0 0.371160 0.283515 0.004602 0.003312
0 0.225012 0.200986 0.004533 0.003295
0 0.328597 0.283529 0.004644 0.003341
0 0.274968 0.279685 0.005428 0.003355
0 0.377274 0.170485 0.007113 0.003387
0 0.656830 0.936525 0.020534 0.007509
0 0.677716 0.936519 0.016106 0.007509
0 0.283214 0.936412 0.020534 0.007506
0 0.283400 0.436645 0.020534 0.007509
0 0.656155 0.436575 0.020534 0.007506
0 0.303923 0.936616 0.016106 0.007509
0 0.304015 0.436498 0.016106 0.007506
0 0.676872 0.436522 0.016106 0.007509
0 0.756151 0.153016 0.007113 0.003387
0 0.793498 0.694675 0.007113 0.003387
0 0.383148 0.653025 0.007113 0.003387
0 0.434416 0.864865 0.020585 0.005733
0 0.483963 0.727510 0.020585 0.005733
0 0.526640 0.621702 0.020585 0.005735
0 0.102422 0.747627 0.020583 0.005733
0 0.145599 0.639661 0.020583 0.005735
0 0.807336 0.365033 0.020583 0.005733
0 0.840330 0.365033 0.020583 0.005733
0 0.474860 0.247473 0.020585 0.005733
0 0.518688 0.139714 0.020585 0.005733