0 0.616012 0.689592 0.005412 0.003323
0 0.593891 0.676528 0.009567 0.003360
0 0.663398 0.689105 0.010596 0.003494
0 0.672578 0.774983 0.005495 0.003394
0 0.733379 0.783488 0.007113 0.003357
0 0.603734 0.755309 0.005404 0.003539
0 0.160882 0.134585 0.009520 0.003323
0 0.210791 0.333254 0.006800 0.003351
0 0.231724 0.203695 0.005511 0.003406
0 0.160273 0.180819 0.006800 0.003354
0 0.192112 0.152898 0.005412 0.003494
0 0.253537 0.198602 0.005515 0.003394
0 0.338191 0.210312 0.005525 0.003525
0 0.185752 0.275862 0.006297 0.003346
0 0.314984 0.290711 0.005535 0.003531
0 0.177856 0.218391 0.005400 0.003537
0 0.289876 0.225439 0.006498 0.003371
0 0.228172 0.146884 0.009623 0.003445
0 0.719597 0.174446 0.006911 0.003351
0 0.331830 0.790365 0.005396 0.003494
0 0.270421 0.698417 0.005513 0.003394
0 0.355025 0.707874 0.005364 0.003494
0 0.469470 0.223718 0.009623 0.003337
0 0.511412 0.263592 0.005404 0.003508
0 0.599549 0.282076 0.005404 0.003508
0 0.638505 0.282059 0.005404 0.003508
0 0.464556 0.288247 0.007008 0.003351
0 0.823808 0.262857 0.005404 0.003508
0 0.559955 0.179842 0.007006 0.003349
0 0.559955 0.302154 0.007006 0.003351
0 0.701151 0.295054 0.007076 0.003388
0 0.839408 0.160083 0.007028 0.003351
0 0.508249 0.175845 0.005384 0.003397
0 0.645675 0.216528 0.005382 0.003394
0 0.677479 0.215194 0.005593 0.003366
0 0.235747 0.291136 0.010723 0.003497
0 0.160668 0.139600 0.014183 0.003326
0 0.194734 0.718256 0.005362 0.003494
0 0.306779 0.725115 0.006498 0.003323
0 0.252589 0.790801 0.010627 0.003494
0 0.177055 0.680667 0.006800 0.003351
0 0.245041 0.646703 0.009591 0.003380
0 0.208978 0.652739 0.005364 0.003494
0 0.202616 0.775523 0.006297 0.003340
0 0.617519 0.805774 0.006740 0.003294
0 0.628849 0.660013 0.006738 0.003297
0 0.177552 0.639457 0.014181 0.003326
0 0.177592 0.634443 0.009522 0.003323
0 0.227093 0.832646 0.006800 0.003354
0 0.248566 0.703524 0.005374 0.003354
0 0.798259 0.162093 0.006871 0.003394
0 0.810588 0.307278 0.006798 0.003386
0 0.770891 0.262362 0.005384 0.003323
0 0.763498 0.200861 0.005686 0.003311
0 0.811513 0.216022 0.005291 0.003397
0 0.835371 0.194877 0.009621 0.003337
0 0.839534 0.307123 0.009492 0.003354
0 0.839589 0.301704 0.014604 0.003340
0 0.463530 0.162667 0.007008 0.003351
0 0.593949 0.800617 0.014463 0.003212
0 0.594232 0.806371 0.009500 0.003354
0 0.771521 0.780172 0.005509 0.003537
0 0.756704 0.706492 0.005553 0.003351
0 0.779413 0.704393 0.005394 0.003320
0 0.681680 0.939685 0.003055 0.002647
0 0.649865 0.931475 0.018892 0.007270
0 0.669028 0.931500 0.014393 0.007270
0 0.275657 0.931522 0.018890 0.007273
0 0.275837 0.431604 0.018892 0.007273
0 0.654603 0.431774 0.018890 0.007270
0 0.294943 0.931461 0.014390 0.007270
0 0.294763 0.431899 0.014390 0.007270
0 0.673894 0.431461 0.014393 0.007270
0 0.302937 0.939620 0.003053 0.002647
0 0.302871 0.439933 0.003055 0.002647
0 0.681745 0.439782 0.003055 0.002647
0 0.503407 0.806136 0.009627 0.003631
0 0.502848 0.800342 0.014493 0.003591
0 0.512768 0.755212 0.005533 0.003682
0 0.502664 0.676442 0.009801 0.003628