0 0.421545 0.898740 0.041030 0.015068
0 0.463854 0.898662 0.030998 0.015852
0 0.599030 0.327601 0.010764 0.008281
0 0.577825 0.376622 0.010764 0.008278
0 0.500175 0.302034 0.023814 0.008315
0 0.625315 0.680107 0.017154 0.009039
0 0.554720 0.736475 0.023034 0.007950
0 0.487695 0.679845 0.016817 0.007871
0 0.606807 0.539431 0.011357 0.008167
0 0.412977 0.387442 0.011623 0.008412
0 0.337669 0.566752 0.011379 0.008743
0 0.252651 0.514970 0.011369 0.008942
0 0.492893 0.918550 0.009659 0.008281
0 0.352848 0.460038 0.011764 0.008560
0 0.410961 0.534820 0.023898 0.008888
0 0.485096 0.543932 0.027099 0.009296