0 0.363356 0.576790 0.010030 0.007440
0 0.431249 0.571375 0.010032 0.007437
0 0.619438 0.583092 0.010030 0.007437
0 0.872021 0.608485 0.013342 0.008144
0 0.837866 0.608513 0.012895 0.008401
0 0.804386 0.608525 0.013219 0.008435
0 0.813831 0.855942 0.042683 0.015180
0 0.805079 0.556683 0.011371 0.006326
0 0.804385 0.620932 0.011250 0.006157
0 0.508285 0.453692 0.023906 0.007611
0 0.802195 0.461471 0.008224 0.006157
0 0.802058 0.473324 0.008224 0.006157
0 0.802332 0.484986 0.008224 0.006157
0 0.801645 0.520747 0.008325 0.006328
0 0.805016 0.568362 0.003985 0.005830
0 0.805277 0.656249 0.011675 0.007275
0 0.805175 0.644498 0.003985 0.005832
0 0.387619 0.657142 0.015178 0.007152
0 0.639518 0.430265 0.009938 0.007098
0 0.855839 0.856013 0.032403 0.015037
0 0.358169 0.433341 0.015176 0.007149
0 0.856107 0.407091 0.016950 0.012386
0 0.804507 0.425792 0.013219 0.008831
0 0.837798 0.425734 0.012895 0.007916
0 0.874881 0.425620 0.013342 0.008144
0 0.804404 0.438156 0.011268 0.006072
0 0.802360 0.449467 0.008224 0.006157
0 0.804394 0.633130 0.012917 0.006192
0 0.652293 0.678295 0.021667 0.007389
0 0.516767 0.559173 0.013739 0.007149
0 0.589735 0.423109 0.010032 0.007437
0 0.642149 0.482155 0.021697 0.007115
0 0.820852 0.589879 0.044646 0.012557
0 0.377746 0.413227 0.012780 0.006100
0 0.433612 0.394299 0.012276 0.006956
0 0.502328 0.351212 0.015057 0.007041
0 0.170316 0.107503 0.039016 0.014863
0 0.347083 0.480479 0.014312 0.007223
0 0.514988 0.676946 0.015176 0.007283
0 0.591422 0.357235 0.015176 0.007423
0 0.801542 0.508837 0.008325 0.006328
0 0.431798 0.451126 0.009938 0.007098
0 0.820788 0.407011 0.044644 0.012557
0 0.805253 0.497155 0.019375 0.006397
0 0.805350 0.532526 0.017827 0.006055
0 0.805059 0.544840 0.011933 0.006271