0 0.862274 0.426563 0.009819 0.005751
0 0.258065 0.424741 0.023278 0.005970
0 0.622754 0.342140 0.018066 0.005785
0 0.795688 0.686318 0.023542 0.010151
0 0.326048 0.686054 0.023746 0.010279
0 0.293717 0.686295 0.030822 0.010710
0 0.763567 0.686300 0.031036 0.010359
0 0.786392 0.695497 0.005817 0.004332
0 0.316884 0.695417 0.005684 0.004377
0 0.623252 0.394349 0.013520 0.006469
0 0.793788 0.491753 0.008991 0.007364
0 0.851380 0.491999 0.008991 0.007361
0 0.769313 0.349330 0.011082 0.007125
0 0.727012 0.394776 0.010723 0.006594
0 0.207417 0.560534 0.018549 0.006164
0 0.723746 0.465160 0.023998 0.007036
0 0.709198 0.536577 0.013520 0.006469
0 0.323569 0.345278 0.018527 0.006252
0 0.198220 0.416728 0.010451 0.007638
0 0.168536 0.430908 0.018346 0.006848
0 0.184173 0.498247 0.009813 0.007381
0 0.169340 0.559590 0.013313 0.006612
0 0.657274 0.466607 0.011098 0.006683
0 0.264225 0.510212 0.010216 0.006575
0 0.327944 0.507177 0.008900 0.006432
0 0.385079 0.506666 0.009444 0.006851
0 0.394711 0.447179 0.010014 0.006640
0 0.367602 0.416871 0.011142 0.006498
0 0.668245 0.357476 0.009510 0.007361
0 0.718980 0.349583 0.019061 0.007247