0 0.141669 0.453190 0.006655 0.004521
0 0.211918 0.596906 0.009539 0.004524
0 0.272399 0.596938 0.009541 0.004521
0 0.309236 0.596879 0.013250 0.004521
0 0.210457 0.469490 0.013238 0.004521
0 0.761782 0.507544 0.006119 0.004473
0 0.804740 0.507526 0.006119 0.004475
0 0.709414 0.386063 0.009680 0.004470
0 0.698542 0.441117 0.006800 0.004475
0 0.649943 0.409728 0.013228 0.004473
0 0.813975 0.447476 0.013230 0.004473
0 0.742489 0.423017 0.013228 0.004473
0 0.782714 0.434495 0.006657 0.004475
0 0.705861 0.501726 0.006303 0.004473
0 0.659492 0.566890 0.009680 0.004470
0 0.735549 0.567042 0.009680 0.004473
0 0.643777 0.501712 0.006119 0.004473
0 0.742358 0.730111 0.019821 0.008438
0 0.815103 0.386304 0.006555 0.004473
0 0.301991 0.471559 0.013238 0.004521
0 0.265515 0.354113 0.009539 0.004521
0 0.225944 0.537700 0.006428 0.004521
0 0.248741 0.406197 0.006839 0.004521
0 0.435288 0.729964 0.025829 0.008749
0 0.290679 0.537529 0.006150 0.004521
0 0.299595 0.415869 0.006150 0.004521
0 0.172034 0.541519 0.006147 0.004521
0 0.161279 0.496189 0.006657 0.004521
0 0.625345 0.566907 0.013296 0.004470
0 0.752995 0.741381 0.005595 0.004182
0 0.715453 0.729984 0.025781 0.009074