0 0.874060 0.482261 0.007681 0.005832
0 0.874139 0.490094 0.007898 0.005616
0 0.740238 0.386568 0.011545 0.005798
0 0.265120 0.448566 0.006008 0.004350
0 0.254754 0.552132 0.005781 0.004236
0 0.359661 0.487604 0.005803 0.004313
0 0.359731 0.493428 0.005946 0.004102
0 0.232883 0.394162 0.008664 0.004145
0 0.317252 0.396196 0.008664 0.004245
0 0.287694 0.613716 0.008666 0.004245
0 0.186270 0.605436 0.008664 0.004247
0 0.155993 0.461370 0.008582 0.004245
0 0.108288 0.490054 0.005994 0.004333
0 0.357090 0.437003 0.005803 0.004085
0 0.327543 0.553273 0.005732 0.004219
0 0.202524 0.541337 0.005732 0.004219
0 0.152713 0.540869 0.005732 0.004219
0 0.265164 0.442710 0.006061 0.004119
0 0.832702 0.390656 0.011384 0.005804
0 0.691911 0.600951 0.011423 0.005795
0 0.315440 0.444042 0.005734 0.004219
0 0.623513 0.491621 0.007921 0.005670
0 0.874137 0.431812 0.007620 0.005647
0 0.673067 0.460465 0.011545 0.005798
0 0.713099 0.448542 0.007620 0.005647
0 0.667939 0.538565 0.007528 0.005619
0 0.717991 0.538938 0.007528 0.005619
0 0.842604 0.609212 0.011423 0.005795
0 0.842900 0.550951 0.007526 0.005619
0 0.879260 0.604971 0.007671 0.005650
0 0.879237 0.612982 0.007671 0.005650
0 0.872647 0.385744 0.007671 0.005650
0 0.872568 0.393743 0.007671 0.005650
0 0.835427 0.437513 0.007526 0.005619
0 0.778362 0.435569 0.007874 0.005516
0 0.198221 0.450706 0.005803 0.004085
0 0.778391 0.443422 0.007917 0.005773
0 0.767802 0.561629 0.007677 0.005790