0 0.577222 0.349014 0.013635 0.006822
0 0.579603 0.627955 0.013653 0.006854
0 0.594014 0.429762 0.009023 0.006489
0 0.630286 0.367347 0.018743 0.006469
0 0.625442 0.614017 0.018719 0.006848
0 0.359270 0.447444 0.011906 0.006583
0 0.410056 0.565637 0.009023 0.006498
0 0.300451 0.527769 0.009055 0.006498
0 0.434444 0.441701 0.009089 0.006480
0 0.599266 0.528903 0.008989 0.006498
0 0.500195 0.565859 0.011215 0.006783
0 0.358169 0.565674 0.014098 0.006594
0 0.514426 0.362770 0.021517 0.006583
0 0.550633 0.859585 0.008930 0.007190
0 0.515387 0.841026 0.032978 0.014380
0 0.469697 0.840831 0.041912 0.014383