0 0.137512 0.471770 0.006794 0.004400
0 0.648166 0.430524 0.006778 0.004184
0 0.731512 0.585234 0.008525 0.004192
0 0.623692 0.459307 0.008142 0.004206
0 0.185673 0.478485 0.006780 0.004221
0 0.298818 0.610127 0.008662 0.004186
0 0.202247 0.577874 0.013363 0.004423
0 0.264774 0.484410 0.008183 0.004295
0 0.324952 0.451020 0.006953 0.004434
0 0.144986 0.593525 0.008561 0.004303
0 0.103296 0.369004 0.011989 0.004232
0 0.103091 0.375319 0.017856 0.004135
0 0.147926 0.541985 0.007929 0.004203
0 0.339326 0.500634 0.008561 0.004255
0 0.144323 0.388062 0.006800 0.004400
0 0.188099 0.384409 0.012120 0.004258
0 0.101101 0.482977 0.008561 0.004221
0 0.220025 0.449488 0.006917 0.004272
0 0.297316 0.551054 0.006794 0.004400
0 0.251032 0.554052 0.008511 0.004121
0 0.613562 0.538119 0.006802 0.004417
0 0.829271 0.395653 0.007620 0.004283
0 0.654489 0.538183 0.011078 0.004203
0 0.619713 0.412278 0.008525 0.004192
0 0.683138 0.453528 0.006889 0.004417
0 0.755462 0.531961 0.007967 0.004275
0 0.740105 0.398874 0.008559 0.004280
0 0.844175 0.434651 0.012081 0.004286
0 0.843596 0.580564 0.011975 0.004292
0 0.843714 0.586931 0.018285 0.004041
0 0.691123 0.538988 0.006929 0.004417
0 0.823824 0.520762 0.006802 0.004420
0 0.741500 0.445282 0.013373 0.004431
0 0.810359 0.453406 0.006899 0.004235
0 0.775607 0.463065 0.008801 0.004203
0 0.281942 0.753321 0.003941 0.002938
0 0.751705 0.753390 0.003941 0.002938
0 0.741737 0.743128 0.018449 0.008997
0 0.272161 0.742903 0.018451 0.008997
0 0.717661 0.743143 0.023990 0.009091
0 0.247981 0.743032 0.023990 0.009091