0 0.218829 0.565808 0.013379 0.004400
0 0.611608 0.484520 0.006754 0.004184
0 0.749709 0.474620 0.006804 0.004417
0 0.680026 0.556748 0.008837 0.004275
0 0.209326 0.384380 0.012075 0.004258
0 0.688202 0.474709 0.006929 0.004238
0 0.689639 0.398341 0.008793 0.004275
0 0.163923 0.391981 0.006754 0.004400
0 0.241281 0.449490 0.006943 0.004275
0 0.213765 0.455920 0.006764 0.004221
0 0.347803 0.461396 0.006752 0.004400
0 0.124406 0.368944 0.011987 0.004186
0 0.124355 0.375258 0.017854 0.004184
0 0.155913 0.546573 0.007929 0.004203
0 0.123729 0.427143 0.008561 0.004221
0 0.287058 0.483106 0.008181 0.004184
0 0.145987 0.474469 0.006752 0.004400
0 0.318597 0.565258 0.006792 0.004400
0 0.186731 0.618492 0.008561 0.004223
0 0.247853 0.743019 0.023182 0.008256
0 0.271993 0.742961 0.017594 0.008373
0 0.282082 0.753240 0.003919 0.003146
0 0.719120 0.743354 0.023169 0.008190
0 0.743039 0.743108 0.017834 0.008188
0 0.759195 0.753510 0.003822 0.003274
0 0.864047 0.474765 0.006804 0.004417