0 0.317594 0.200264 0.005698 0.004249
0 0.193303 0.177240 0.012027 0.004198
0 0.204326 0.249912 0.006891 0.004075
0 0.190049 0.146300 0.008485 0.004181
0 0.260763 0.262069 0.006667 0.004195
0 0.260825 0.201736 0.013329 0.004372
0 0.355659 0.193381 0.007074 0.004055
0 0.212354 0.193889 0.005684 0.004192
0 0.260906 0.302992 0.008396 0.004184
0 0.187534 0.302960 0.011916 0.004238
0 0.277527 0.629936 0.011858 0.004146
0 0.262761 0.657525 0.005660 0.004243
0 0.314568 0.672244 0.007133 0.004067
0 0.182850 0.707803 0.008614 0.004206
0 0.255088 0.140452 0.008414 0.004181
0 0.261985 0.814498 0.008507 0.004209
0 0.217374 0.737204 0.006663 0.004166
0 0.205625 0.808857 0.011850 0.004172
0 0.262543 0.746785 0.013367 0.004332
0 0.308021 0.743333 0.005569 0.004215
0 0.637102 0.822008 0.006679 0.004192
0 0.597948 0.630081 0.005664 0.004203
0 0.589918 0.750533 0.005736 0.004206
0 0.646994 0.655806 0.005610 0.004158
0 0.359277 0.696760 0.005674 0.004263
0 0.646996 0.598568 0.005610 0.004158
0 0.592964 0.687868 0.006980 0.004075
0 0.588647 0.568611 0.011789 0.004192
0 0.646643 0.870455 0.008459 0.004141
0 0.636691 0.750797 0.013321 0.004346
0 0.635300 0.565469 0.008461 0.004144
0 0.565657 0.865494 0.011801 0.004172
0 0.572981 0.811858 0.006768 0.004098
0 0.567315 0.731106 0.012079 0.004172
0 0.355108 0.743361 0.005569 0.004215
0 0.184237 0.627100 0.011900 0.004209
0 0.221031 0.644922 0.006768 0.004058
0 0.218635 0.147442 0.011817 0.004198
0 0.337621 0.265073 0.005567 0.004212
0 0.637102 0.322150 0.006679 0.004192
0 0.589918 0.250675 0.005736 0.004206
0 0.597948 0.130224 0.005664 0.004203
0 0.646994 0.155949 0.005610 0.004158
0 0.646996 0.098710 0.005610 0.004158
0 0.592964 0.188011 0.006980 0.004075
0 0.588647 0.068753 0.011789 0.004192
0 0.646643 0.370597 0.008459 0.004141
0 0.636691 0.250939 0.013321 0.004346
0 0.635300 0.065611 0.008461 0.004144
0 0.565657 0.365637 0.011801 0.004172
0 0.572981 0.312001 0.006768 0.004098
0 0.567315 0.231248 0.012079 0.004172
0 0.290058 0.429417 0.021761 0.008433
0 0.312349 0.429471 0.016768 0.008433
0 0.313294 0.437928 0.004562 0.003767
0 0.763345 0.429367 0.021761 0.008435
0 0.786833 0.437774 0.004614 0.003448
0 0.785587 0.429641 0.016454 0.008435
0 0.763230 0.929158 0.021761 0.008433
0 0.785580 0.929443 0.016548 0.008433
0 0.786880 0.937586 0.004963 0.003710
0 0.289541 0.929434 0.021761 0.008433
0 0.313336 0.937710 0.004761 0.003691
0 0.312032 0.929238 0.016839 0.008433