0 0.498121 0.274930 0.014961 0.006851
0 0.584034 0.562300 0.008789 0.006469
0 0.541993 0.435346 0.008745 0.006765
0 0.512422 0.562320 0.008531 0.007221
0 0.323864 0.347325 0.015553 0.006871
0 0.499983 0.352532 0.011273 0.006694
0 0.279311 0.633433 0.022422 0.009407
0 0.414569 0.527196 0.008521 0.006976
0 0.414728 0.368341 0.017113 0.006851
0 0.595418 0.473601 0.007395 0.006364
0 0.302879 0.527571 0.008471 0.006871
0 0.489818 0.948019 0.009778 0.009119
0 0.461677 0.932247 0.031193 0.015415
0 0.492647 0.931794 0.023855 0.015415
0 0.281728 0.423639 0.007892 0.007780
0 0.613702 0.352841 0.014344 0.008424