0 0.618184 0.649815 0.019934 0.006794
0 0.842030 0.358169 0.009246 0.006831
0 0.773214 0.384211 0.009357 0.006837
0 0.733141 0.499548 0.009905 0.006512
0 0.851696 0.618626 0.015013 0.006828
0 0.705202 0.603319 0.009188 0.006785
0 0.829443 0.513814 0.023190 0.006780
0 0.672604 0.499759 0.020175 0.006432
0 0.643605 0.499795 0.020218 0.006623
0 0.642047 0.576329 0.009780 0.006412
0 0.782597 0.618646 0.009398 0.006828
0 0.842040 0.277502 0.009226 0.006882
0 0.775745 0.509773 0.019706 0.006620
0 0.170836 0.511918 0.009756 0.006475
0 0.162401 0.396180 0.020147 0.006449
0 0.232522 0.538327 0.009142 0.006788
0 0.291250 0.410380 0.023250 0.006808
0 0.299904 0.511934 0.009601 0.006842
0 0.233155 0.410403 0.014870 0.006791
0 0.425786 0.538316 0.009105 0.006788
0 0.336708 0.441520 0.019726 0.006614
0 0.369819 0.436783 0.009905 0.006423
0 0.193122 0.381449 0.019821 0.006763
0 0.427156 0.436932 0.009214 0.006757
0 0.162469 0.432249 0.020079 0.006669
0 0.652879 0.649810 0.014068 0.006803
0 0.322471 0.719134 0.007506 0.005962
0 0.297037 0.707348 0.030625 0.011009
0 0.328738 0.707556 0.023403 0.011009