0 0.386060 0.754990 0.007409 0.005380
0 0.341365 0.754822 0.007300 0.005437
0 0.285310 0.736848 0.009391 0.004503
0 0.534737 0.125147 0.010840 0.005164
0 0.656712 0.167469 0.008656 0.005318
0 0.689832 0.255103 0.007199 0.005098
0 0.589173 0.236528 0.008799 0.005144
0 0.282919 0.154944 0.008372 0.004902
0 0.276639 0.119577 0.014644 0.005474
0 0.269088 0.267743 0.010927 0.005238
0 0.227795 0.212382 0.008444 0.005614
0 0.200916 0.154779 0.010419 0.005118
0 0.336301 0.232203 0.006746 0.004902
0 0.382035 0.232370 0.006915 0.005480
0 0.390749 0.180456 0.008187 0.005745
0 0.316903 0.118894 0.008628 0.004902
0 0.280637 0.211124 0.018739 0.005566
0 0.200133 0.113029 0.014967 0.005232
0 0.543755 0.292116 0.014525 0.005965
0 0.510445 0.163793 0.014773 0.005728
0 0.574967 0.169091 0.018473 0.005563
0 0.532608 0.175569 0.008892 0.005261
0 0.507100 0.120687 0.014614 0.005249
0 0.240012 0.791871 0.014274 0.005372
0 0.761743 0.698247 0.007685 0.005215
0 0.727050 0.645084 0.008805 0.005985
0 0.602563 0.718579 0.008616 0.005247
0 0.664498 0.718488 0.018817 0.005429
0 0.573900 0.639976 0.010451 0.004802
0 0.575096 0.598883 0.014588 0.005768
0 0.651007 0.783048 0.011062 0.005292
0 0.671489 0.649067 0.008700 0.004825
0 0.716405 0.718891 0.007286 0.006104
0 0.206855 0.663688 0.014378 0.004964
0 0.271220 0.668806 0.018390 0.005278
0 0.226089 0.675426 0.008753 0.005261
0 0.231054 0.624959 0.011066 0.005067
0 0.393879 0.701865 0.008656 0.005674
0 0.372519 0.674865 0.009144 0.005016
0 0.209736 0.791335 0.010590 0.004905
0 0.330357 0.393850 0.004610 0.003340
0 0.337931 0.386535 0.019404 0.008293
0 0.312456 0.386489 0.025259 0.008783
0 0.632897 0.407307 0.004610 0.003340
0 0.700034 0.907167 0.004610 0.003448
0 0.327177 0.907169 0.005005 0.003730
0 0.642057 0.399996 0.019404 0.007965
0 0.709516 0.899809 0.019404 0.008475
0 0.336131 0.899818 0.019404 0.008458
0 0.618921 0.400063 0.025257 0.008783
0 0.686372 0.899832 0.025257 0.008783
0 0.312843 0.899873 0.025259 0.008786
0 0.203451 0.620341 0.015102 0.005771
0 0.220532 0.736230 0.007298 0.005437
0 0.685745 0.611992 0.008700 0.004828
0 0.611474 0.623340 0.007284 0.006104
0 0.650770 0.610217 0.014378 0.004964
0 0.645622 0.255091 0.007197 0.005098
0 0.519878 0.236446 0.007199 0.005095
0 0.625088 0.177797 0.008894 0.005261
0 0.702774 0.165301 0.008654 0.005318
0 0.680059 0.177529 0.014251 0.005318
0 0.513508 0.291469 0.010840 0.005167
0 0.236582 0.125668 0.006748 0.004902