0 0.285968 0.405450 0.007242 0.004363
0 0.776528 0.462059 0.011130 0.004523
0 0.693107 0.618541 0.010486 0.005848
0 0.663227 0.611191 0.014658 0.005819
0 0.762192 0.550774 0.005404 0.004357
0 0.708466 0.493299 0.010085 0.004420
0 0.707654 0.388491 0.005668 0.004363
0 0.706668 0.308044 0.004705 0.003149
0 0.770776 0.318696 0.005557 0.004488
0 0.749601 0.770393 0.014644 0.008487
0 0.714566 0.462492 0.007217 0.004392
0 0.681280 0.550559 0.005398 0.004332
0 0.770827 0.384608 0.005313 0.004332
0 0.660428 0.465063 0.004600 0.004403
0 0.147188 0.577193 0.014671 0.005939
0 0.162864 0.508485 0.005515 0.004300
0 0.176473 0.391774 0.010133 0.004380
0 0.344818 0.534497 0.005456 0.004337
0 0.298329 0.534434 0.005434 0.004337
0 0.318411 0.448829 0.005817 0.004337
0 0.286016 0.448829 0.007183 0.004412
0 0.287818 0.344719 0.009591 0.004229
0 0.235077 0.405509 0.011124 0.004412
0 0.235167 0.508408 0.005515 0.004272
0 0.637846 0.394094 0.008974 0.004688
0 0.729647 0.770366 0.019404 0.008729
0 0.148837 0.441166 0.004723 0.004588
0 0.352047 0.473501 0.004912 0.004437
0 0.177161 0.584340 0.010699 0.005842
0 0.322977 0.610700 0.011108 0.005788
0 0.259869 0.770332 0.019404 0.008729
0 0.279800 0.770378 0.014933 0.008729