0 0.219690 0.149976 0.012001 0.004483
0 0.205301 0.252478 0.007209 0.004420
0 0.193344 0.177895 0.012116 0.004352
0 0.213389 0.196384 0.005863 0.004565
0 0.262869 0.657368 0.005755 0.004785
0 0.359340 0.696516 0.005882 0.004346
0 0.314588 0.672253 0.007375 0.004597
0 0.183005 0.707737 0.008884 0.004645
0 0.262001 0.814347 0.008821 0.004591
0 0.217438 0.737082 0.007034 0.004434
0 0.205665 0.808658 0.012164 0.004514
0 0.262566 0.746718 0.013574 0.004825
0 0.308038 0.743126 0.005644 0.004429
0 0.355148 0.743146 0.005843 0.004674
0 0.220967 0.644946 0.007028 0.004380
0 0.184393 0.627036 0.012154 0.004577
0 0.563148 0.263901 0.005801 0.004543
0 0.301040 0.156659 0.008882 0.004608
0 0.217168 0.305245 0.008783 0.004386
0 0.261952 0.204430 0.013593 0.004762
0 0.559384 0.218712 0.005793 0.004526
0 0.718647 0.190745 0.005664 0.004431
0 0.627794 0.140342 0.008608 0.004355
0 0.715964 0.128072 0.011997 0.004386
0 0.669761 0.182173 0.013530 0.004762
0 0.318516 0.202693 0.005926 0.004531
0 0.586926 0.188531 0.007086 0.004528
0 0.188546 0.305557 0.011930 0.004503
0 0.261821 0.264630 0.007004 0.004397
0 0.744385 0.164488 0.012257 0.004394
0 0.667702 0.256030 0.006808 0.004326
0 0.609862 0.263846 0.005583 0.004597
0 0.730798 0.244835 0.007113 0.004374
0 0.314641 0.275617 0.005696 0.004537
0 0.356631 0.275613 0.005779 0.004488
0 0.356651 0.195999 0.007270 0.004526
0 0.277457 0.629939 0.012243 0.004642
0 0.583458 0.683093 0.006919 0.004545
0 0.559125 0.762448 0.008972 0.004543
0 0.591100 0.757881 0.009297 0.005070
0 0.540142 0.692683 0.008856 0.004830
0 0.560139 0.604987 0.012424 0.004788
0 0.593892 0.605801 0.008993 0.004927
0 0.559574 0.842948 0.012063 0.004614
0 0.638855 0.792404 0.012357 0.004591
0 0.637504 0.824655 0.005952 0.004437
0 0.644942 0.734416 0.005946 0.004523
0 0.679325 0.734798 0.007298 0.004557
0 0.707129 0.656827 0.006012 0.004614
0 0.669138 0.657314 0.005855 0.004511
0 0.598308 0.813673 0.007252 0.004628
0 0.623805 0.648879 0.013603 0.004893
0 0.691228 0.619478 0.008839 0.004702
0 0.289635 0.929255 0.021898 0.008404
0 0.312079 0.929198 0.016865 0.008575
0 0.313330 0.937690 0.004773 0.003787
0 0.661406 0.944588 0.021898 0.008407
0 0.683786 0.944726 0.016865 0.008575
0 0.698839 0.429255 0.016865 0.008575
0 0.325372 0.429248 0.016865 0.008572
0 0.303079 0.429360 0.022091 0.008404
0 0.676532 0.429387 0.021898 0.008407
0 0.326545 0.437786 0.004773 0.003785
0 0.699515 0.437824 0.004773 0.003787
0 0.794779 0.160844 0.020435 0.005985
0 0.835811 0.267945 0.020435 0.005985
0 0.719302 0.303524 0.008444 0.004135
0 0.747404 0.302096 0.011854 0.004175