0 0.348293 0.239179 0.006798 0.003380
0 0.338191 0.710170 0.005525 0.003525
0 0.289876 0.725296 0.006498 0.003371
0 0.160827 0.134632 0.009520 0.003360
0 0.765023 0.718307 0.005533 0.003984
0 0.275736 0.431899 0.019492 0.007720
0 0.294926 0.431788 0.014467 0.007350
0 0.302853 0.439630 0.003639 0.003186
0 0.648794 0.431751 0.019494 0.007720
0 0.667955 0.431783 0.014467 0.007350
0 0.675845 0.440014 0.003639 0.003186
0 0.302809 0.939645 0.003639 0.003183
0 0.681666 0.939963 0.003639 0.003186
0 0.275681 0.931546 0.019494 0.007720
0 0.294776 0.931565 0.014759 0.007353
0 0.668975 0.931428 0.014469 0.007353
0 0.650080 0.931754 0.019494 0.007720
0 0.289117 0.226173 0.006613 0.003853
0 0.253615 0.198373 0.005565 0.003824
0 0.671601 0.217315 0.007191 0.003557
0 0.235845 0.790718 0.010840 0.003631
0 0.160774 0.639322 0.014298 0.003602
0 0.160958 0.634270 0.009577 0.003730
0 0.210919 0.832931 0.007056 0.003787
0 0.231724 0.703354 0.005511 0.003802
0 0.160463 0.680623 0.007141 0.003816
0 0.626515 0.657667 0.007296 0.003901
0 0.625331 0.718299 0.005714 0.003585
0 0.618811 0.783614 0.007270 0.003762
0 0.674183 0.718356 0.005533 0.003984
0 0.564579 0.726156 0.005559 0.003773
0 0.192249 0.652669 0.005589 0.003867
0 0.253537 0.698340 0.005515 0.003634
0 0.315107 0.790492 0.005571 0.003571
0 0.177856 0.718188 0.005400 0.003659
0 0.228223 0.646619 0.009764 0.003599
0 0.185882 0.775573 0.006557 0.003639
0 0.632998 0.168759 0.007346 0.003947
0 0.576180 0.297932 0.014556 0.003508
0 0.576199 0.292734 0.009371 0.003292
0 0.637557 0.261778 0.006651 0.003659
0 0.636692 0.212180 0.010840 0.003853
0 0.718408 0.268195 0.005497 0.003879
0 0.683472 0.268102 0.005614 0.003722
0 0.584819 0.252850 0.005499 0.003961
0 0.661938 0.305980 0.007173 0.003827
0 0.697903 0.216563 0.006732 0.003693
0 0.228306 0.146821 0.009919 0.003822
0 0.159183 0.225057 0.007002 0.003548
0 0.193522 0.149769 0.005622 0.003494
0 0.725479 0.210928 0.005622 0.003679
0 0.589688 0.212401 0.005352 0.003810
0 0.572069 0.204288 0.009680 0.003793
0 0.196371 0.271882 0.006492 0.003799
0 0.160790 0.139592 0.014507 0.003688
0 0.194027 0.312739 0.007151 0.003876
0 0.336924 0.199719 0.005620 0.003867
0 0.315050 0.279078 0.005603 0.003827
0 0.188133 0.216208 0.005599 0.003833
0 0.239513 0.300361 0.010758 0.003725
0 0.316183 0.326002 0.007248 0.003796
0 0.226368 0.221416 0.005616 0.003790
0 0.278275 0.281394 0.007060 0.003756