0 0.626492 0.259464 0.006287 0.003408
0 0.665303 0.701043 0.010623 0.003511
0 0.662629 0.757504 0.006287 0.003380
0 0.630897 0.708510 0.006899 0.003351
0 0.201111 0.706214 0.006466 0.003343
0 0.286747 0.806231 0.006772 0.003331
0 0.220549 0.683351 0.005382 0.003323
0 0.321769 0.709198 0.006992 0.003337
0 0.349371 0.701525 0.005481 0.003363
0 0.294680 0.695073 0.010621 0.003522
0 0.360065 0.755023 0.005402 0.003508
0 0.254669 0.769500 0.005505 0.003508
0 0.375864 0.807578 0.014521 0.003209
0 0.375769 0.802521 0.009510 0.003411
0 0.376229 0.686630 0.009597 0.003406
0 0.293572 0.658213 0.006798 0.003397
0 0.305770 0.763917 0.006329 0.003394
0 0.248326 0.701623 0.005472 0.003508
0 0.197950 0.668860 0.006772 0.003329
0 0.225571 0.768861 0.008797 0.003337
0 0.193065 0.768810 0.005404 0.003508
0 0.364391 0.655654 0.006051 0.003403
0 0.603382 0.712459 0.006510 0.003351
0 0.648860 0.796726 0.006851 0.003408
0 0.714716 0.751743 0.005382 0.003508
0 0.617645 0.759571 0.005485 0.003508
0 0.582436 0.759571 0.005392 0.003480
0 0.705721 0.707231 0.005495 0.003354
0 0.666306 0.659480 0.006768 0.003309
0 0.725704 0.796841 0.014475 0.003263
0 0.727582 0.699688 0.009571 0.003360
0 0.663243 0.293606 0.006873 0.003337
0 0.595397 0.167442 0.006808 0.003411
0 0.177552 0.139600 0.014181 0.003326
0 0.177592 0.134585 0.009522 0.003323
0 0.227093 0.332789 0.006800 0.003354
0 0.248566 0.203666 0.005374 0.003354
0 0.270421 0.198559 0.005513 0.003394
0 0.355025 0.208017 0.005364 0.003494
0 0.331830 0.290507 0.005396 0.003494
0 0.194734 0.218398 0.005362 0.003494
0 0.306779 0.225258 0.006498 0.003323
0 0.252589 0.290943 0.010627 0.003494
0 0.177055 0.180809 0.006800 0.003351
0 0.245041 0.146845 0.009591 0.003380
0 0.208978 0.152881 0.005364 0.003494
0 0.202616 0.275665 0.006297 0.003340
0 0.581640 0.275053 0.005388 0.003437
0 0.675546 0.175965 0.009641 0.003351
0 0.544266 0.275047 0.005364 0.003437
0 0.626809 0.186136 0.010596 0.003522
0 0.568531 0.201535 0.006488 0.003383
0 0.678559 0.259434 0.005404 0.003497
0 0.664808 0.205677 0.005364 0.003368
0 0.538761 0.202806 0.005364 0.003366
0 0.689939 0.294282 0.009440 0.003326
0 0.575114 0.705895 0.005356 0.003468
0 0.725708 0.791775 0.009486 0.003557
0 0.689860 0.299259 0.014900 0.004161
0 0.675794 0.939637 0.003653 0.002630
0 0.648670 0.931641 0.019202 0.007620
0 0.667797 0.931399 0.014638 0.007620
0 0.275898 0.931556 0.019202 0.007620
0 0.275840 0.431607 0.019200 0.007620
0 0.649942 0.431661 0.019202 0.007620
0 0.294846 0.931485 0.014640 0.007620
0 0.294656 0.431471 0.014640 0.007620
0 0.669118 0.431559 0.014638 0.007620
0 0.303003 0.939642 0.003653 0.002630
0 0.303014 0.439883 0.003651 0.002633
0 0.681735 0.439839 0.003651 0.002630
0 0.810069 0.796701 0.014600 0.003748
0 0.810205 0.791827 0.009613 0.003750
0 0.803449 0.751697 0.005382 0.003508
0 0.810719 0.699524 0.009631 0.003745
0 0.500383 0.759453 0.005521 0.003750
0 0.492026 0.705938 0.005632 0.004027
0 0.774502 0.299165 0.014900 0.003779
0 0.774628 0.294288 0.009760 0.003787
0 0.763106 0.259414 0.005805 0.003941
0 0.764263 0.175643 0.009807 0.003802