0 0.219923 0.687868 0.006980 0.004075
0 0.215609 0.568611 0.011789 0.004192
0 0.273604 0.870455 0.008461 0.004141
0 0.263650 0.750797 0.013321 0.004346
0 0.645003 0.734563 0.005747 0.004246
0 0.560184 0.605007 0.011870 0.004258
0 0.559595 0.843093 0.011823 0.004278
0 0.638929 0.792509 0.012063 0.004232
0 0.637536 0.824759 0.005654 0.004303
0 0.262260 0.565469 0.008461 0.004144
0 0.679408 0.734986 0.007060 0.004249
0 0.707127 0.656921 0.005646 0.004175
0 0.669243 0.657481 0.005644 0.004178
0 0.598340 0.813817 0.006851 0.004260
0 0.623876 0.648977 0.013308 0.004406
0 0.691309 0.619481 0.008565 0.004298
0 0.192616 0.865494 0.011801 0.004172
0 0.199941 0.811858 0.006768 0.004098
0 0.194275 0.731106 0.012079 0.004172
0 0.540147 0.692642 0.008575 0.004263
0 0.296724 0.181361 0.013250 0.004152
0 0.369107 0.167874 0.012009 0.004155
0 0.583458 0.683289 0.006919 0.004155
0 0.559135 0.762548 0.008549 0.004229
0 0.591112 0.757858 0.008858 0.004289
0 0.593999 0.605715 0.008521 0.004243
0 0.264061 0.822008 0.006679 0.004192
0 0.216879 0.750533 0.005734 0.004206
0 0.224908 0.630081 0.005666 0.004203
0 0.273953 0.655806 0.005610 0.004158
0 0.273955 0.598568 0.005610 0.004158
0 0.342985 0.125970 0.011745 0.004132
0 0.371443 0.125975 0.008447 0.004175
0 0.294620 0.308659 0.008447 0.004175
0 0.299938 0.122834 0.008447 0.004175
0 0.345640 0.190305 0.005630 0.004138
0 0.188752 0.215553 0.005628 0.004141
0 0.583458 0.183431 0.006919 0.004155
0 0.559135 0.262690 0.008549 0.004229
0 0.591112 0.258001 0.008858 0.004289
0 0.540147 0.192784 0.008575 0.004263
0 0.593999 0.105858 0.008521 0.004243
0 0.638929 0.292652 0.012063 0.004232
0 0.637536 0.324902 0.005654 0.004303
0 0.645003 0.234705 0.005747 0.004246
0 0.679408 0.235128 0.007060 0.004249
0 0.707127 0.157063 0.005646 0.004175
0 0.669243 0.157623 0.005644 0.004178
0 0.598340 0.313960 0.006851 0.004260
0 0.623876 0.149119 0.013308 0.004406
0 0.691309 0.119624 0.008565 0.004298
0 0.560184 0.105150 0.011870 0.004258
0 0.559595 0.343236 0.011823 0.004278
0 0.374372 0.301409 0.011872 0.004175
0 0.357892 0.244357 0.006839 0.004007
0 0.294709 0.255648 0.006641 0.004121
0 0.236812 0.263480 0.005545 0.004189
0 0.190099 0.263463 0.005545 0.004121
0 0.215372 0.187961 0.007040 0.003964
0 0.421844 0.160806 0.020294 0.006053
0 0.290101 0.429309 0.021898 0.008245
0 0.312476 0.429390 0.016720 0.008190
0 0.313244 0.437687 0.004679 0.003850
0 0.413846 0.937665 0.004679 0.003850
0 0.683689 0.444682 0.016720 0.008190
0 0.683756 0.944631 0.016720 0.008190
0 0.412610 0.929108 0.016722 0.008190
0 0.661347 0.444724 0.021896 0.008245
0 0.661446 0.944516 0.021896 0.008245
0 0.390327 0.929121 0.021896 0.008245