0 0.244604 0.771653 0.005485 0.003522
0 0.292251 0.701059 0.010623 0.003508
0 0.289584 0.769571 0.006317 0.003394
0 0.352664 0.792023 0.009502 0.003351
0 0.327856 0.796995 0.006871 0.003326
0 0.582427 0.776064 0.005370 0.003539
0 0.631113 0.701584 0.008755 0.003334
0 0.615242 0.776066 0.005370 0.003520
0 0.665271 0.699347 0.010586 0.003522
0 0.662606 0.760962 0.006305 0.003400
0 0.727343 0.692781 0.009617 0.003357
0 0.606677 0.682972 0.005472 0.003346
0 0.586499 0.708391 0.006442 0.003360
0 0.707044 0.699739 0.005400 0.003326
0 0.725721 0.795175 0.014445 0.003351
0 0.725576 0.790177 0.009460 0.003408
0 0.699091 0.796650 0.006822 0.003360
0 0.714633 0.750228 0.005475 0.003517
0 0.690641 0.664182 0.006923 0.003337
0 0.258720 0.664047 0.006760 0.003380
0 0.257857 0.708504 0.006917 0.003363
0 0.230330 0.712183 0.006508 0.003357
0 0.341671 0.751871 0.005394 0.003537
0 0.330683 0.672854 0.008890 0.003354
0 0.209386 0.771639 0.005394 0.003522
0 0.332703 0.707214 0.005470 0.003343
0 0.665303 0.201186 0.010623 0.003511
0 0.662629 0.257646 0.006287 0.003380
0 0.630897 0.208652 0.006899 0.003351
0 0.201111 0.206357 0.006466 0.003343
0 0.354537 0.690731 0.009593 0.003394
0 0.286747 0.306374 0.006772 0.003331
0 0.220549 0.183494 0.005382 0.003323
0 0.321769 0.209340 0.006992 0.003337
0 0.349371 0.201667 0.005481 0.003363
0 0.294680 0.195215 0.010621 0.003522
0 0.360065 0.255165 0.005402 0.003508
0 0.254669 0.269642 0.005505 0.003508
0 0.375864 0.307720 0.014521 0.003209
0 0.375769 0.302663 0.009510 0.003411
0 0.376229 0.186773 0.009597 0.003406
0 0.293572 0.158356 0.006798 0.003397
0 0.305770 0.264060 0.006329 0.003394
0 0.248326 0.201765 0.005472 0.003508
0 0.197950 0.169003 0.006772 0.003329
0 0.225571 0.269004 0.008797 0.003337
0 0.193065 0.268953 0.005404 0.003508
0 0.364391 0.155797 0.006051 0.003403
0 0.603382 0.212602 0.006510 0.003351
0 0.648860 0.296868 0.006851 0.003408
0 0.714716 0.251885 0.005382 0.003508
0 0.617645 0.259714 0.005485 0.003508
0 0.582436 0.259714 0.005392 0.003480
0 0.352681 0.796915 0.014509 0.003463
0 0.202073 0.705774 0.005356 0.003625
0 0.575063 0.205938 0.005456 0.003668
0 0.725704 0.296800 0.014475 0.003631
0 0.725708 0.291818 0.009486 0.003756
0 0.675768 0.939571 0.003560 0.002647
0 0.648653 0.931452 0.019289 0.007486
0 0.667787 0.931489 0.014578 0.007486
0 0.275578 0.931714 0.019289 0.007486
0 0.275723 0.431701 0.019289 0.007484
0 0.648727 0.431347 0.019287 0.007486
0 0.294712 0.931714 0.014578 0.007486
0 0.294910 0.431533 0.014576 0.007484
0 0.667764 0.431572 0.014578 0.007486
0 0.302945 0.939725 0.003560 0.002647
0 0.302860 0.439771 0.003560 0.002647
0 0.675836 0.439830 0.003560 0.002647
0 0.705721 0.207374 0.005495 0.003354
0 0.666306 0.159622 0.006768 0.003309
0 0.727582 0.199830 0.009571 0.003360
0 0.810184 0.296842 0.014646 0.003631
0 0.810195 0.291909 0.009631 0.003756
0 0.803467 0.251917 0.005599 0.003947
0 0.810895 0.199647 0.009885 0.003956
0 0.500405 0.259765 0.005920 0.003924
0 0.492099 0.206052 0.005809 0.004084
0 0.127434 0.771489 0.006023 0.003958
0 0.119138 0.705916 0.005650 0.003956
0 0.437128 0.796744 0.014509 0.003463
0 0.437224 0.792013 0.009734 0.003947
0 0.427594 0.751798 0.005742 0.003899
0 0.437480 0.690684 0.009799 0.003756