0 0.718878 0.450168 0.017784 0.012851
0 0.729135 0.356981 0.035396 0.012189
0 0.611174 0.280745 0.023323 0.015852
0 0.633610 0.376073 0.046417 0.016303
0 0.556415 0.483245 0.023361 0.016012
0 0.344815 0.475579 0.034848 0.015787
0 0.389482 0.781636 0.022833 0.016220
0 0.274126 0.616338 0.046228 0.016212
0 0.347245 0.653200 0.017733 0.013281
0 0.345640 0.574759 0.023905 0.015744
0 0.439678 0.616089 0.022849 0.016676
0 0.600958 0.600771 0.036355 0.016303
0 0.695297 0.590175 0.047971 0.015841
0 0.706093 0.702774 0.058279 0.015992
0 0.494123 0.385325 0.068559 0.016368