0 0.589757 0.271639 0.005394 0.003465
0 0.575546 0.211329 0.006498 0.003366
0 0.199002 0.704232 0.009508 0.003311
0 0.216586 0.712304 0.005225 0.003326
0 0.352623 0.710903 0.005384 0.003340
0 0.259959 0.668581 0.006885 0.003386
0 0.288936 0.805942 0.006766 0.003351
0 0.211803 0.752750 0.005376 0.003471
0 0.310483 0.768093 0.005475 0.003477
0 0.345493 0.768095 0.005384 0.003508
0 0.263740 0.712125 0.010631 0.003480
0 0.264571 0.761771 0.006317 0.003360
0 0.203245 0.792880 0.009371 0.003292
0 0.203226 0.797960 0.014491 0.003192
0 0.298629 0.717321 0.006925 0.003340
0 0.717990 0.665701 0.005583 0.003480
0 0.728950 0.707677 0.006766 0.003329
0 0.707057 0.701968 0.005354 0.003309
0 0.650372 0.655956 0.006861 0.003311
0 0.641229 0.800150 0.006871 0.003314
0 0.666484 0.698508 0.010578 0.003502
0 0.628381 0.698158 0.008880 0.003354
0 0.665919 0.753569 0.006276 0.003354
0 0.707248 0.753482 0.005356 0.003500
0 0.617616 0.758586 0.005460 0.003471
0 0.582412 0.758591 0.005396 0.003485
0 0.584479 0.703843 0.006488 0.003366
0 0.603046 0.678661 0.005462 0.003289
0 0.581066 0.657223 0.009494 0.003337
0 0.324949 0.716584 0.006456 0.003337
0 0.580255 0.663360 0.014489 0.003237
0 0.209386 0.271781 0.005394 0.003522
0 0.330683 0.172997 0.008890 0.003354
0 0.341671 0.252013 0.005394 0.003537
0 0.230330 0.212325 0.006508 0.003357
0 0.257857 0.208646 0.006917 0.003363
0 0.258720 0.164189 0.006760 0.003380
0 0.671977 0.297686 0.006855 0.003357
0 0.671360 0.207347 0.005485 0.003340
0 0.602559 0.158770 0.006685 0.003423
0 0.698650 0.192434 0.009365 0.003374
0 0.675835 0.179507 0.008833 0.003340
0 0.637132 0.201312 0.010673 0.003485
0 0.554509 0.271646 0.005404 0.003508
0 0.634833 0.269565 0.006264 0.003394
0 0.327856 0.297137 0.006871 0.003326
0 0.545885 0.202779 0.005370 0.003329
0 0.352664 0.292166 0.009502 0.003351
0 0.352681 0.297144 0.014509 0.003289
0 0.289584 0.269714 0.006317 0.003394
0 0.292251 0.201201 0.010623 0.003508
0 0.244604 0.271795 0.005485 0.003522
0 0.354537 0.190873 0.009593 0.003394
0 0.202074 0.206067 0.005354 0.003323
0 0.602681 0.209205 0.006925 0.003363
0 0.332703 0.207357 0.005470 0.003343
0 0.686819 0.251878 0.005495 0.003494
0 0.697690 0.292011 0.009476 0.003366
0 0.275678 0.431857 0.018670 0.006860
0 0.294813 0.431800 0.014276 0.006973
0 0.302815 0.440031 0.003063 0.002485
0 0.675761 0.439792 0.003063 0.002485
0 0.675785 0.939755 0.003063 0.002485
0 0.302783 0.939638 0.003063 0.002485
0 0.667772 0.431573 0.014274 0.006971
0 0.667947 0.931438 0.014274 0.006973
0 0.294984 0.931500 0.014276 0.006973
0 0.648583 0.431669 0.018668 0.006860
0 0.648734 0.931539 0.018668 0.006857
0 0.275708 0.931592 0.018670 0.006860
0 0.697716 0.296734 0.014509 0.003289
0 0.781293 0.296831 0.014509 0.003289
0 0.781345 0.291939 0.009476 0.003366
0 0.771381 0.251935 0.005495 0.003494
0 0.783290 0.192334 0.009365 0.003374
0 0.119086 0.206147 0.005354 0.003323
0 0.127331 0.271838 0.005394 0.003522
0 0.437531 0.190896 0.009593 0.003394
0 0.427684 0.251954 0.005394 0.003537
0 0.437258 0.291884 0.009502 0.003351
0 0.437243 0.297011 0.014509 0.003289