0 0.400735 0.298108 0.009450 0.006919
0 0.470807 0.607694 0.010874 0.007142
0 0.501872 0.364457 0.013746 0.006737
0 0.490235 0.525017 0.021267 0.007344
0 0.294374 0.487293 0.015845 0.005808
0 0.333472 0.690242 0.013859 0.006993
0 0.459808 0.313545 0.009299 0.006936
0 0.564380 0.490710 0.013859 0.006993
0 0.366077 0.502365 0.009373 0.007011
0 0.352278 0.595968 0.009206 0.006868
0 0.325087 0.487947 0.019623 0.007367
0 0.459373 0.681156 0.013859 0.006991
0 0.459898 0.419769 0.009158 0.007142
0 0.357421 0.359407 0.011368 0.007227
0 0.467944 0.934118 0.009835 0.008709
0 0.428396 0.915077 0.038819 0.015215
0 0.467074 0.915456 0.029905 0.015215
0 0.296053 0.589265 0.015845 0.005808