0 0.538368 0.305774 0.017090 0.008185
0 0.552575 0.492952 0.009966 0.008133
0 0.622223 0.541223 0.009790 0.008150
0 0.434560 0.603602 0.009551 0.008139
0 0.614352 0.644263 0.009591 0.008179
0 0.536113 0.644337 0.009571 0.008122
0 0.432890 0.768410 0.014441 0.008407
0 0.269397 0.522893 0.014441 0.008054
0 0.330560 0.603631 0.009974 0.008150
0 0.289179 0.719256 0.014626 0.008071
0 0.383677 0.405838 0.014665 0.008170
0 0.441457 0.449011 0.022648 0.008435
0 0.338789 0.515204 0.009531 0.008321
0 0.800278 0.927941 0.030272 0.014565
0 0.831174 0.927884 0.023448 0.014166
0 0.837492 0.944175 0.007667 0.008088
0 0.346486 0.708180 0.020266 0.008148
0 0.601082 0.312266 0.012222 0.008185