0 0.726597 0.400523 0.015089 0.007238
0 0.690306 0.441100 0.012140 0.007144
0 0.831233 0.328097 0.020794 0.007295
0 0.733328 0.537214 0.011522 0.007261
0 0.725240 0.365529 0.018476 0.007397
0 0.767537 0.343954 0.022922 0.007189
0 0.770655 0.596797 0.014885 0.007215
0 0.848083 0.498801 0.014885 0.007215
0 0.795988 0.549411 0.009601 0.007255
0 0.830201 0.451290 0.009603 0.007255
0 0.661504 0.523972 0.009603 0.007255
0 0.737831 0.653639 0.015185 0.007323
0 0.178318 0.445064 0.009639 0.007261
0 0.650274 0.564360 0.014885 0.007215
0 0.643333 0.601551 0.013519 0.007452
0 0.318240 0.464029 0.009748 0.007261
0 0.374058 0.433576 0.009643 0.007352
0 0.386473 0.480810 0.014849 0.007446
0 0.349015 0.380938 0.009879 0.007263
0 0.220626 0.504900 0.014851 0.007446
0 0.319468 0.379956 0.012293 0.007141
0 0.248337 0.359852 0.023281 0.007446
0 0.248394 0.468485 0.011717 0.007340
0 0.268111 0.577152 0.015185 0.007377
0 0.397114 0.516844 0.013507 0.007275
0 0.276108 0.802909 0.032950 0.011918
0 0.309885 0.802995 0.024970 0.011822
0 0.169777 0.380445 0.009881 0.007263
0 0.829900 0.370121 0.009837 0.007238
0 0.651861 0.478508 0.009837 0.007238