0 0.292251 0.701059 0.010623 0.003508
0 0.289584 0.769571 0.006317 0.003394
0 0.352681 0.797002 0.014509 0.003289
0 0.327856 0.796995 0.006871 0.003326
0 0.294680 0.195215 0.010621 0.003522
0 0.360065 0.255165 0.005402 0.003508
0 0.254669 0.269642 0.005505 0.003508
0 0.375864 0.307720 0.014521 0.003209
0 0.375769 0.302663 0.009510 0.003411
0 0.376229 0.186773 0.009597 0.003406
0 0.293572 0.158356 0.006798 0.003397
0 0.305770 0.264060 0.006329 0.003394
0 0.248326 0.201765 0.005472 0.003508
0 0.197950 0.169003 0.006772 0.003329
0 0.225571 0.269004 0.008797 0.003337
0 0.193065 0.268953 0.005404 0.003508
0 0.364391 0.155797 0.006051 0.003403
0 0.651871 0.306201 0.006865 0.003380
0 0.662993 0.153940 0.006768 0.003383
0 0.593569 0.153805 0.006768 0.003380
0 0.756638 0.206649 0.005684 0.003323
0 0.734708 0.279942 0.007002 0.003337
0 0.671683 0.253391 0.005495 0.003340
0 0.665702 0.198062 0.010586 0.003511
0 0.779397 0.204501 0.005374 0.003326
0 0.615991 0.189290 0.005374 0.003323
0 0.594252 0.188173 0.009460 0.003397
0 0.770508 0.266801 0.005493 0.003508
0 0.593956 0.300816 0.014534 0.003383
0 0.603678 0.255459 0.005495 0.003497
0 0.209386 0.771639 0.005394 0.003522
0 0.332703 0.707214 0.005470 0.003343
0 0.258720 0.664047 0.006760 0.003380
0 0.759354 0.307053 0.006865 0.003380
0 0.257857 0.708504 0.006917 0.003363
0 0.230330 0.712183 0.006508 0.003357
0 0.341671 0.751871 0.005394 0.003537
0 0.330683 0.672854 0.008890 0.003354
0 0.201111 0.206357 0.006466 0.003343
0 0.286747 0.306374 0.006772 0.003331
0 0.220549 0.183494 0.005382 0.003323
0 0.321769 0.209340 0.006992 0.003337
0 0.349371 0.201667 0.005481 0.003363
0 0.725658 0.710913 0.005380 0.003377
0 0.571999 0.697994 0.009563 0.003351
0 0.596933 0.690750 0.008886 0.003294
0 0.589595 0.712331 0.005315 0.003380
0 0.584854 0.752739 0.005392 0.003511
0 0.683521 0.781421 0.005475 0.003514
0 0.718544 0.781445 0.005382 0.003448
0 0.642456 0.768435 0.006278 0.003374
0 0.576258 0.792881 0.009486 0.003357
0 0.576249 0.797984 0.014493 0.003337
0 0.600845 0.798273 0.006784 0.003380
0 0.669237 0.673646 0.006941 0.003292
0 0.636772 0.696928 0.010594 0.003534
0 0.699209 0.716569 0.006486 0.003351
0 0.671676 0.717296 0.006927 0.003334
0 0.202074 0.705925 0.005354 0.003323
0 0.354537 0.690731 0.009593 0.003394
0 0.244604 0.771653 0.005485 0.003522
0 0.302788 0.439832 0.003129 0.002924
0 0.681714 0.439712 0.003129 0.002924
0 0.675762 0.939563 0.003129 0.002927
0 0.302822 0.939823 0.003129 0.002924
0 0.294853 0.431641 0.014485 0.007164
0 0.668984 0.431681 0.014487 0.007164
0 0.667912 0.931525 0.014485 0.007164
0 0.295104 0.931657 0.014487 0.007167
0 0.275833 0.931500 0.019238 0.007167
0 0.275636 0.431686 0.019238 0.007167
0 0.649944 0.431737 0.019238 0.007167
0 0.648839 0.931456 0.019238 0.007164
0 0.502046 0.153539 0.007634 0.003836
0 0.503080 0.188093 0.009460 0.003397
0 0.512528 0.255356 0.005495 0.003497
0 0.502659 0.300654 0.014868 0.003708
0 0.503213 0.306348 0.009480 0.003502
0 0.119197 0.705774 0.005354 0.003323
0 0.127355 0.771579 0.005394 0.003522
0 0.437341 0.690483 0.009593 0.003394
0 0.427601 0.751780 0.005394 0.003537
0 0.437342 0.791720 0.009643 0.003531
0 0.437214 0.796874 0.014509 0.003289
0 0.352664 0.791934 0.009502 0.003531
0 0.594242 0.306425 0.009480 0.003502