0 0.613720 0.919423 0.043175 0.016708
0 0.657274 0.919615 0.032560 0.017309
0 0.710277 0.725821 0.012024 0.006328
0 0.312870 0.725797 0.011723 0.006377
0 0.317789 0.430131 0.011844 0.006608
0 0.710365 0.688426 0.007418 0.006608
0 0.405872 0.650402 0.007583 0.006551
0 0.203564 0.656038 0.007539 0.006397
0 0.399461 0.317346 0.009867 0.005787
0 0.225233 0.493686 0.007680 0.006499
0 0.311879 0.647127 0.010603 0.006471
0 0.174590 0.556460 0.017013 0.006420
0 0.181440 0.479045 0.007940 0.006899
0 0.419361 0.554826 0.007922 0.006710
0 0.382945 0.516525 0.011530 0.006528
0 0.298209 0.526112 0.019103 0.006956
0 0.444362 0.422271 0.016360 0.006525