0 0.396778 0.561053 0.008507 0.007004
0 0.435600 0.489913 0.008509 0.007004
0 0.355505 0.369334 0.008507 0.007004
0 0.745749 0.538883 0.030929 0.014709
0 0.551477 0.489538 0.013097 0.006511
0 0.296530 0.302306 0.042309 0.014664
0 0.327071 0.302330 0.009045 0.014609
0 0.347892 0.302296 0.020895 0.015094
0 0.213620 0.411641 0.031435 0.015624
0 0.267799 0.550033 0.031435 0.015624
0 0.284969 0.440465 0.030909 0.014795
0 0.341724 0.440735 0.030677 0.014880
0 0.341398 0.578660 0.030804 0.013603
0 0.508677 0.498761 0.031245 0.014678
0 0.617696 0.498753 0.053244 0.014638
0 0.778013 0.391404 0.021592 0.014940
0 0.455947 0.400232 0.019966 0.013914
0 0.326122 0.512581 0.008509 0.007004