0 0.337621 0.265073 0.005567 0.004212
0 0.371443 0.625832 0.008447 0.004175
0 0.342985 0.625828 0.011745 0.004132
0 0.296724 0.681218 0.013250 0.004152
0 0.215372 0.687818 0.007040 0.003964
0 0.190099 0.763320 0.005545 0.004121
0 0.299938 0.622692 0.008447 0.004175
0 0.236812 0.763337 0.005545 0.004189
0 0.294709 0.755506 0.006641 0.004121
0 0.374372 0.801267 0.011872 0.004175
0 0.357892 0.744215 0.006839 0.004007
0 0.637102 0.822008 0.006679 0.004192
0 0.589918 0.750533 0.005736 0.004206
0 0.597948 0.630081 0.005664 0.004203
0 0.646994 0.655806 0.005610 0.004158
0 0.646996 0.598568 0.005610 0.004158
0 0.592964 0.687868 0.006980 0.004075
0 0.588647 0.568611 0.011789 0.004192
0 0.646643 0.870455 0.008459 0.004141
0 0.636691 0.750797 0.013321 0.004346
0 0.635300 0.565469 0.008461 0.004144
0 0.565657 0.865494 0.011801 0.004172
0 0.572981 0.811858 0.006768 0.004098
0 0.567315 0.731106 0.012079 0.004172
0 0.294620 0.808517 0.008447 0.004175
0 0.355659 0.193381 0.007074 0.004055
0 0.558985 0.194715 0.012116 0.004238
0 0.697275 0.213051 0.005716 0.004243
0 0.634634 0.329560 0.008414 0.004192
0 0.572928 0.272525 0.006923 0.004075
0 0.621677 0.162623 0.008416 0.004192
0 0.735543 0.209279 0.007113 0.004075
0 0.636320 0.276130 0.006675 0.004229
0 0.739411 0.283968 0.005591 0.004238
0 0.692277 0.283950 0.005585 0.004235
0 0.627027 0.208165 0.013224 0.004320
0 0.556719 0.322575 0.011773 0.004243
0 0.579846 0.215370 0.005624 0.004346
0 0.585316 0.156775 0.011793 0.004238
0 0.317594 0.200264 0.005698 0.004249
0 0.193303 0.177240 0.012027 0.004198
0 0.204326 0.249912 0.006891 0.004075
0 0.260763 0.262069 0.006667 0.004195
0 0.260825 0.201736 0.013329 0.004372
0 0.212354 0.193889 0.005684 0.004192
0 0.190049 0.146300 0.008485 0.004181
0 0.255088 0.140452 0.008414 0.004181
0 0.260906 0.302992 0.008396 0.004184
0 0.187534 0.302960 0.011916 0.004238
0 0.218635 0.147442 0.011817 0.004198
0 0.188752 0.715410 0.005628 0.004141
0 0.345640 0.690162 0.005630 0.004138
0 0.663048 0.429229 0.022283 0.008284
0 0.685502 0.429172 0.016947 0.008284
0 0.763479 0.929196 0.022283 0.008282
0 0.785570 0.929196 0.016931 0.008282
0 0.290153 0.929048 0.022281 0.008282
0 0.312490 0.928990 0.017010 0.008284
0 0.290382 0.429288 0.022283 0.008282
0 0.312331 0.429412 0.017288 0.008284
0 0.313319 0.437714 0.004675 0.003796
0 0.686470 0.437783 0.004675 0.003796
0 0.786929 0.937541 0.004675 0.003796
0 0.313238 0.937666 0.004675 0.003796
0 0.421832 0.660916 0.020411 0.006466
0 0.369107 0.667506 0.012009 0.004605