0 0.215198 0.517126 0.006904 0.004740
0 0.177460 0.590484 0.007277 0.004744
0 0.171598 0.502509 0.007089 0.004825
0 0.216650 0.453459 0.003025 0.004780
0 0.215498 0.701910 0.033930 0.013356
0 0.212510 0.576121 0.003085 0.004683
0 0.680492 0.455466 0.007434 0.004720
0 0.679177 0.413322 0.012309 0.004845
0 0.684864 0.528169 0.007041 0.004849
0 0.716498 0.701979 0.033990 0.013356
0 0.669298 0.496420 0.007449 0.004659
0 0.720233 0.581402 0.003142 0.004845
0 0.675458 0.581372 0.003142 0.004849
0 0.716650 0.453413 0.003145 0.004849
0 0.719907 0.516240 0.006961 0.004849
0 0.176906 0.453524 0.003025 0.004780
0 0.194723 0.612618 0.006787 0.004744