0 0.728950 0.492290 0.011552 0.006964
0 0.633611 0.526864 0.014809 0.007246
0 0.773159 0.555479 0.014811 0.007246
0 0.621846 0.559340 0.020427 0.007249
0 0.755645 0.618005 0.015320 0.006956
0 0.756130 0.803123 0.032739 0.012141
0 0.789897 0.802913 0.025030 0.011784
0 0.725865 0.386274 0.023184 0.007286
0 0.634585 0.351980 0.016961 0.007289
0 0.630374 0.413103 0.020711 0.007283
0 0.672958 0.346260 0.016522 0.007286
0 0.648137 0.474729 0.009655 0.007332
0 0.802644 0.514890 0.009653 0.006953
0 0.292317 0.352105 0.009623 0.007255
0 0.863213 0.514967 0.009655 0.006981
0 0.874643 0.420542 0.009758 0.007332
0 0.344959 0.578774 0.016616 0.007258
0 0.239933 0.332330 0.009875 0.007426
0 0.228530 0.376435 0.012219 0.007198
0 0.219553 0.488988 0.009871 0.007229
0 0.172990 0.314538 0.016419 0.007623
0 0.211223 0.539759 0.009621 0.007255
0 0.288120 0.422052 0.009621 0.007258
0 0.325967 0.401217 0.014784 0.007258
0 0.343212 0.500335 0.014784 0.007255
0 0.269019 0.802970 0.032926 0.011842
0 0.302776 0.802982 0.024972 0.011642
0 0.290688 0.512658 0.011675 0.007255
0 0.285189 0.616834 0.014784 0.007255
0 0.203942 0.592205 0.014784 0.007255
0 0.659520 0.414014 0.009758 0.007332
0 0.839219 0.409745 0.012166 0.006799
0 0.281433 0.575334 0.023188 0.007258