0 0.269313 0.746095 0.019722 0.008330
0 0.171374 0.473653 0.013294 0.004570
0 0.656660 0.596964 0.009553 0.004590
0 0.688170 0.746142 0.026017 0.008737
0 0.714977 0.746048 0.019968 0.008367
0 0.787609 0.438914 0.006667 0.004590
0 0.640042 0.540143 0.006226 0.004612
0 0.242347 0.746227 0.026544 0.009125
0 0.250487 0.531478 0.006434 0.004575
0 0.197167 0.531216 0.006464 0.004792
0 0.179251 0.413468 0.006417 0.004530
0 0.312037 0.542825 0.006544 0.004692
0 0.293048 0.458415 0.006889 0.004629
0 0.241183 0.413425 0.006968 0.004786
0 0.165041 0.597705 0.013580 0.004989
0 0.263605 0.597548 0.009740 0.004732
0 0.215140 0.351381 0.009607 0.004815
0 0.318579 0.477072 0.013504 0.004943
0 0.318223 0.424058 0.006706 0.004558
0 0.643473 0.354086 0.013482 0.004467
0 0.766785 0.496060 0.006873 0.004835
0 0.703671 0.531365 0.006536 0.004749
0 0.621783 0.596860 0.013302 0.004666
0 0.631302 0.413528 0.006428 0.004820
0 0.753593 0.543016 0.006415 0.004732
0 0.685806 0.400100 0.006873 0.004761
0 0.202351 0.597791 0.009659 0.004704
0 0.724933 0.450895 0.013435 0.004698
0 0.280022 0.757540 0.006387 0.005616
0 0.725826 0.757697 0.005833 0.004960
0 0.634255 0.471417 0.013464 0.004590
0 0.716340 0.596917 0.009790 0.004781