0 0.158450 0.512774 0.006607 0.005674
0 0.763431 0.530787 0.014241 0.006897
0 0.881933 0.607508 0.014082 0.006540
0 0.640319 0.475433 0.013699 0.006540
0 0.923339 0.527274 0.014350 0.006478
0 0.539824 0.644739 0.011201 0.006543
0 0.508868 0.493044 0.014028 0.006309
0 0.698174 0.353978 0.008285 0.004839
0 0.698249 0.406194 0.008285 0.004842
0 0.769566 0.353217 0.020772 0.006190
0 0.785412 0.353108 0.006690 0.005896
0 0.264375 0.753202 0.020594 0.009014
0 0.285454 0.752952 0.015632 0.008715
0 0.288042 0.764510 0.005138 0.004580
0 0.721234 0.773079 0.020594 0.009014
0 0.742377 0.773139 0.015751 0.009014
0 0.645298 0.530563 0.010451 0.006204
0 0.675860 0.562885 0.007256 0.006044
0 0.884066 0.437380 0.013975 0.005725
0 0.674087 0.527325 0.007526 0.006233
0 0.882314 0.528867 0.014030 0.006312
0 0.793251 0.530588 0.010451 0.006204
0 0.842536 0.625294 0.010915 0.006238
0 0.732275 0.476472 0.012484 0.007182
0 0.835096 0.519634 0.011223 0.006888
0 0.181078 0.587419 0.010163 0.005856
0 0.332006 0.548212 0.006655 0.005777
0 0.308771 0.418179 0.010429 0.005871
0 0.586639 0.491133 0.015789 0.006044
0 0.921596 0.587670 0.007189 0.006842
0 0.793550 0.613532 0.007189 0.006842
0 0.746559 0.613387 0.007189 0.006842
0 0.507676 0.639789 0.009057 0.004332
0 0.535605 0.472800 0.013516 0.006540
0 0.884124 0.478443 0.013877 0.006540
0 0.673697 0.625540 0.010913 0.006241
0 0.588481 0.597385 0.007802 0.006067
0 0.517997 0.586388 0.007189 0.006842
0 0.532551 0.521509 0.006960 0.006347
0 0.734968 0.537273 0.014280 0.006623
0 0.130782 0.431237 0.014133 0.005819
0 0.131059 0.586438 0.008739 0.003807
0 0.253568 0.523933 0.006577 0.005757
0 0.391209 0.548410 0.006673 0.005671
0 0.176576 0.422783 0.013893 0.005856
0 0.400136 0.471190 0.013921 0.005936
0 0.133515 0.363970 0.013937 0.005825
0 0.366700 0.444514 0.006851 0.005608
0 0.246737 0.389724 0.015561 0.006007
0 0.189324 0.367757 0.013687 0.005779