0 0.259117 0.586897 0.009633 0.007494
0 0.333436 0.571776 0.011632 0.007326
0 0.810513 0.497080 0.009869 0.007192
0 0.636567 0.663481 0.020300 0.007429
0 0.755535 0.803046 0.032658 0.011776
0 0.831610 0.473378 0.020907 0.007144
0 0.780727 0.412942 0.012090 0.007018
0 0.755375 0.317003 0.009867 0.007192
0 0.789377 0.803059 0.024913 0.011767
0 0.240111 0.458716 0.009714 0.007323
0 0.362223 0.479672 0.020270 0.007098
0 0.626008 0.503746 0.014784 0.007286
0 0.656018 0.382109 0.014784 0.007286
0 0.701327 0.328550 0.009534 0.007055
0 0.701391 0.432255 0.009532 0.007058
0 0.844680 0.586977 0.009532 0.007055
0 0.781636 0.610586 0.009532 0.007055
0 0.708461 0.591471 0.011574 0.007286
0 0.759800 0.663823 0.014784 0.007286
0 0.699206 0.537494 0.023180 0.007241
0 0.777610 0.484236 0.020806 0.007201
0 0.637684 0.617144 0.014784 0.007286
0 0.360384 0.439431 0.020191 0.007266
0 0.321489 0.437661 0.023241 0.007335
0 0.240390 0.402584 0.012042 0.007095
0 0.205405 0.449862 0.009714 0.007323
0 0.290351 0.340218 0.009633 0.007494
0 0.195002 0.557613 0.009633 0.007494
0 0.289678 0.628181 0.014885 0.007098
0 0.324053 0.388783 0.014885 0.007098
0 0.272202 0.802996 0.032739 0.011676
0 0.305787 0.802987 0.025177 0.011676
0 0.205811 0.484257 0.020752 0.007323
0 0.172152 0.475678 0.020730 0.007332