0 0.170987 0.500419 0.004820 0.004065
0 0.297582 0.581770 0.004525 0.003917
0 0.676974 0.581816 0.005545 0.003991
0 0.780896 0.400972 0.010137 0.003922
0 0.649986 0.443948 0.007411 0.003922
0 0.685136 0.476115 0.005976 0.003922
0 0.436519 0.755688 0.023963 0.009165
0 0.630588 0.500419 0.004820 0.004065
0 0.595331 0.530191 0.006105 0.004065
0 0.895520 0.755583 0.023963 0.009165
0 0.773083 0.479247 0.004820 0.004065
0 0.687929 0.423736 0.006109 0.003891
0 0.598279 0.598270 0.004525 0.003917
0 0.919316 0.755797 0.017677 0.009467
0 0.740286 0.463961 0.004525 0.003914
0 0.745029 0.635282 0.007411 0.003922
0 0.757152 0.581793 0.004528 0.003917
0 0.280576 0.464014 0.004525 0.003917
0 0.210063 0.581887 0.005547 0.003991
0 0.137759 0.493888 0.006105 0.004065
0 0.228309 0.423806 0.006109 0.003894
0 0.138893 0.587534 0.004528 0.003917
0 0.280272 0.632779 0.007411 0.004065
0 0.190144 0.444779 0.007409 0.004068
0 0.225247 0.481770 0.005956 0.004025
0 0.313482 0.479247 0.004820 0.004065
0 0.100504 0.467446 0.007572 0.004715
0 0.109043 0.467397 0.007411 0.004094
0 0.104470 0.442131 0.002779 0.004011
0 0.320681 0.389317 0.009889 0.003583
0 0.320700 0.402996 0.010492 0.004550
0 0.560021 0.505097 0.007921 0.004618
0 0.568601 0.505145 0.007848 0.004521
0 0.564076 0.479983 0.002712 0.004504
0 0.780195 0.389525 0.009986 0.003617
0 0.938381 0.765604 0.006002 0.005519