0 0.770891 0.262362 0.005384 0.003323
0 0.763498 0.200861 0.005686 0.003311
0 0.811513 0.216022 0.005291 0.003397
0 0.835371 0.194877 0.009621 0.003337
0 0.839534 0.307123 0.009492 0.003354
0 0.839589 0.301704 0.014604 0.003340
0 0.293572 0.658213 0.006798 0.003397
0 0.305770 0.763917 0.006329 0.003394
0 0.248326 0.701623 0.005472 0.003508
0 0.197950 0.668860 0.006772 0.003329
0 0.463530 0.162667 0.007008 0.003351
0 0.469470 0.223718 0.009623 0.003337
0 0.511412 0.263592 0.005404 0.003508
0 0.599549 0.282076 0.005404 0.003508
0 0.823808 0.262857 0.005404 0.003508
0 0.638505 0.282059 0.005404 0.003508
0 0.464556 0.288247 0.007008 0.003351
0 0.559955 0.179842 0.007006 0.003349
0 0.559955 0.302154 0.007006 0.003351
0 0.839408 0.160083 0.007028 0.003351
0 0.508249 0.175845 0.005384 0.003397
0 0.645675 0.216528 0.005382 0.003394
0 0.677479 0.215194 0.005593 0.003366
0 0.177055 0.180809 0.006800 0.003351
0 0.245041 0.146845 0.009591 0.003380
0 0.208978 0.152881 0.005364 0.003494
0 0.202616 0.275665 0.006297 0.003340
0 0.177552 0.139600 0.014181 0.003326
0 0.177592 0.134585 0.009522 0.003323
0 0.227093 0.332789 0.006800 0.003354
0 0.248566 0.203666 0.005374 0.003354
0 0.270421 0.198559 0.005513 0.003394
0 0.355025 0.208017 0.005364 0.003494
0 0.331830 0.290507 0.005396 0.003494
0 0.194734 0.218398 0.005362 0.003494
0 0.306779 0.225258 0.006498 0.003323
0 0.252589 0.290943 0.010627 0.003494
0 0.225571 0.768861 0.008797 0.003337
0 0.193065 0.768810 0.005404 0.003508
0 0.364391 0.655654 0.006051 0.003403
0 0.720737 0.804818 0.006770 0.003337
0 0.741929 0.674260 0.009573 0.003351
0 0.749437 0.807954 0.014521 0.003340
0 0.748819 0.802663 0.009510 0.003354
0 0.699058 0.668742 0.006768 0.003337
0 0.694810 0.709198 0.006992 0.003337
0 0.722412 0.701525 0.005481 0.003363
0 0.678910 0.766446 0.006287 0.003397
0 0.665150 0.689112 0.010727 0.003480
0 0.593590 0.683351 0.005382 0.003323
0 0.598812 0.777655 0.008759 0.003340
0 0.566260 0.777598 0.005404 0.003511
0 0.573331 0.708773 0.006468 0.003326
0 0.619769 0.695191 0.005470 0.003508
0 0.733317 0.757425 0.005404 0.003508
0 0.627888 0.778320 0.005505 0.003508
0 0.201111 0.706214 0.006466 0.003343
0 0.286747 0.806231 0.006772 0.003331
0 0.220549 0.683351 0.005382 0.003323
0 0.321769 0.709198 0.006992 0.003337
0 0.349371 0.701525 0.005481 0.003363
0 0.294680 0.695073 0.010621 0.003522
0 0.360065 0.755023 0.005402 0.003508
0 0.254669 0.769500 0.005505 0.003508
0 0.375864 0.807578 0.014521 0.003209
0 0.375769 0.802521 0.009510 0.003411
0 0.376229 0.686630 0.009597 0.003406
0 0.719597 0.174446 0.006911 0.003351
0 0.798259 0.162093 0.006871 0.003394
0 0.810588 0.307278 0.006798 0.003386
0 0.654710 0.431676 0.019414 0.007267
0 0.673711 0.431713 0.014616 0.007267
0 0.648652 0.931530 0.019416 0.007267
0 0.667916 0.931693 0.014562 0.007267
0 0.275779 0.931565 0.019416 0.007267
0 0.294783 0.931402 0.014503 0.007267
0 0.275710 0.431874 0.019416 0.007264
0 0.294782 0.431680 0.014546 0.007264
0 0.302829 0.439719 0.003167 0.002807
0 0.681583 0.439583 0.003165 0.002807
0 0.675782 0.939745 0.003165 0.002807
0 0.302860 0.939771 0.003165 0.002807
0 0.700863 0.294855 0.007651 0.003787