0 0.696855 0.676833 0.025074 0.013911
0 0.544350 0.679530 0.025074 0.013911
0 0.442225 0.388770 0.017516 0.014142
0 0.262200 0.551950 0.025074 0.013911
0 0.283711 0.381793 0.025074 0.013911
0 0.442490 0.403847 0.017820 0.014142
0 0.410314 0.688704 0.025074 0.013914
0 0.452125 0.602816 0.017782 0.014008
0 0.451971 0.587446 0.017784 0.014008
0 0.327803 0.554122 0.016964 0.014681
0 0.364153 0.364448 0.016962 0.013960
0 0.704285 0.583958 0.016964 0.013925
0 0.608249 0.580155 0.016962 0.013903
0 0.530808 0.580177 0.016962 0.013506