0 0.303425 0.547478 0.008624 0.007068
0 0.274320 0.275463 0.018880 0.006726
0 0.522785 0.519242 0.008777 0.007011
0 0.522597 0.640761 0.013198 0.006697
0 0.695117 0.639226 0.018366 0.007099
0 0.742421 0.493009 0.013244 0.007085
0 0.554911 0.262216 0.013047 0.007002
0 0.656187 0.520097 0.008803 0.007068
0 0.706417 0.335423 0.019081 0.006954
0 0.655470 0.388444 0.008946 0.007039
0 0.295168 0.441496 0.009019 0.007039
0 0.345053 0.391379 0.009148 0.006811
0 0.382672 0.461803 0.009369 0.006757
0 0.397040 0.547461 0.008781 0.007068
0 0.423419 0.384152 0.008781 0.007068
0 0.544729 0.348820 0.020818 0.007079
0 0.844423 0.871261 0.031727 0.011710
0 0.875166 0.871566 0.024199 0.011710
0 0.895828 0.882817 0.007860 0.007293