0 0.264972 0.556076 0.011717 0.007631
0 0.274665 0.383814 0.022862 0.007235
0 0.331522 0.566206 0.009569 0.007349
0 0.220144 0.484267 0.011949 0.007127
0 0.335201 0.490125 0.010091 0.007087
0 0.331825 0.450603 0.009817 0.007032
0 0.190289 0.472757 0.009732 0.007229
0 0.198216 0.566327 0.009742 0.007460
0 0.305477 0.803079 0.024827 0.011705
0 0.325644 0.347839 0.020457 0.007674
0 0.188431 0.407863 0.016278 0.007420
0 0.894648 0.571735 0.020312 0.007380
0 0.731393 0.498191 0.011596 0.007209
0 0.743675 0.634635 0.015270 0.007292
0 0.803958 0.501569 0.009565 0.007141
0 0.639804 0.486847 0.009567 0.007144
0 0.866315 0.489051 0.009567 0.007144
0 0.876310 0.430448 0.009754 0.007320
0 0.650133 0.402620 0.009754 0.007320
0 0.620992 0.402848 0.020705 0.007429
0 0.625812 0.337655 0.020838 0.007238
0 0.667546 0.333806 0.020191 0.007326
0 0.796050 0.334584 0.020931 0.007263
0 0.841639 0.348104 0.012074 0.007144
0 0.794117 0.802992 0.024853 0.011582
0 0.760255 0.802923 0.032848 0.011856
0 0.271775 0.802764 0.032547 0.011445
0 0.722758 0.361247 0.023001 0.007614