0 0.219916 0.526174 0.007917 0.004295
0 0.220315 0.433850 0.013341 0.004434
0 0.116388 0.545795 0.006752 0.004329
0 0.281677 0.421044 0.012140 0.004221
0 0.299799 0.570011 0.011888 0.004184
0 0.299886 0.576449 0.018386 0.004184
0 0.597754 0.541278 0.007929 0.004238
0 0.665268 0.458465 0.008211 0.004164
0 0.509598 0.439642 0.011745 0.004221
0 0.727320 0.465787 0.006778 0.003879
0 0.163447 0.545801 0.006784 0.004329
0 0.883898 0.418941 0.006889 0.004238
0 0.826189 0.408195 0.008852 0.004221
0 0.807550 0.463471 0.008672 0.004252
0 0.848363 0.574376 0.008940 0.004221
0 0.685951 0.558440 0.008852 0.004221
0 0.266188 0.569161 0.008652 0.004203
0 0.606292 0.440664 0.013341 0.004400
0 0.180767 0.410313 0.008573 0.004292
0 0.541230 0.418166 0.008662 0.004221
0 0.923952 0.461996 0.012087 0.004221
0 0.523603 0.514682 0.006790 0.004383
0 0.751164 0.554392 0.006877 0.004383
0 0.800283 0.554384 0.006820 0.004494
0 0.904014 0.541177 0.006972 0.004440
0 0.513663 0.561301 0.012001 0.004295
0 0.513917 0.567784 0.018255 0.004095
0 0.542931 0.567820 0.008521 0.004098
0 0.539138 0.465266 0.006778 0.004241
0 0.109459 0.454839 0.006752 0.004241
0 0.268158 0.458454 0.006754 0.004238
0 0.285471 0.526137 0.006800 0.004403
0 0.146940 0.453237 0.008170 0.004258
0 0.393467 0.420996 0.012140 0.004221
0 0.391891 0.526114 0.006829 0.004597
0 0.406436 0.569926 0.011888 0.004184
0 0.406418 0.576405 0.018394 0.004614
0 0.249388 0.743149 0.023286 0.008544
0 0.273417 0.743183 0.018106 0.008544
0 0.289369 0.753307 0.003732 0.002932
0 0.717538 0.743182 0.023284 0.008541
0 0.741784 0.743182 0.017741 0.008541
0 0.751520 0.753400 0.003790 0.002975