0 0.566788 0.172310 0.006859 0.003366
0 0.602742 0.708963 0.007048 0.003562
0 0.554437 0.771339 0.005549 0.003836
0 0.575434 0.711006 0.006722 0.003659
0 0.589628 0.771354 0.005652 0.003750
0 0.697486 0.791674 0.009883 0.003753
0 0.686868 0.751691 0.005591 0.003582
0 0.235745 0.790742 0.010840 0.003998
0 0.160689 0.639470 0.014548 0.003990
0 0.160984 0.634253 0.009726 0.003702
0 0.231853 0.703383 0.005769 0.003745
0 0.210729 0.832854 0.007999 0.003867
0 0.637011 0.701000 0.010915 0.003824
0 0.675750 0.679275 0.009005 0.003520
0 0.698704 0.692276 0.009881 0.003981
0 0.602610 0.658568 0.006788 0.003542
0 0.671368 0.707059 0.005642 0.003631
0 0.671942 0.797492 0.007113 0.003762
0 0.192204 0.652615 0.005597 0.003776
0 0.253589 0.698269 0.005618 0.003776
0 0.338246 0.710041 0.005636 0.003782
0 0.185932 0.775459 0.006657 0.003867
0 0.315085 0.790482 0.005736 0.003705
0 0.177987 0.718102 0.005662 0.003830
0 0.289865 0.725161 0.006690 0.003642
0 0.348338 0.239058 0.007092 0.003622
0 0.789704 0.232734 0.005722 0.003799
0 0.642808 0.211949 0.005700 0.003893
0 0.619716 0.266526 0.005622 0.003899
0 0.799893 0.279349 0.005670 0.003896
0 0.697731 0.796979 0.014548 0.003990
0 0.781402 0.796874 0.014548 0.003990
0 0.781278 0.791780 0.009883 0.003753
0 0.771339 0.751717 0.005591 0.003582
0 0.783304 0.692201 0.009881 0.003981
0 0.648620 0.431721 0.019194 0.007221
0 0.667888 0.431770 0.014818 0.007221
0 0.675848 0.439870 0.003198 0.002676
0 0.675750 0.939702 0.003198 0.002676
0 0.302818 0.939940 0.003198 0.002679
0 0.302866 0.439813 0.003198 0.002676
0 0.667809 0.931409 0.014816 0.007219
0 0.294880 0.931891 0.014818 0.007219
0 0.294949 0.431659 0.014818 0.007221
0 0.275928 0.431768 0.019194 0.007219
0 0.275465 0.931734 0.019196 0.007219
0 0.648795 0.931616 0.019194 0.007221
0 0.479337 0.174943 0.007072 0.003748
0 0.581408 0.266580 0.005509 0.003779
0 0.676270 0.292960 0.007628 0.003816
0 0.511679 0.180436 0.005374 0.003562
0 0.766008 0.321790 0.007052 0.003682
0 0.756422 0.180610 0.007020 0.003568
0 0.575428 0.216060 0.006992 0.003679
0 0.550927 0.206907 0.007113 0.003554
0 0.600121 0.307227 0.007213 0.003739
0 0.541467 0.273554 0.007375 0.003762
0 0.497169 0.314072 0.007153 0.003750
0 0.543778 0.303287 0.007242 0.003611
0 0.496661 0.259759 0.005549 0.003759
0 0.253585 0.198474 0.005585 0.003559
0 0.278209 0.281419 0.007072 0.003648
0 0.226388 0.221449 0.005656 0.003628
0 0.316260 0.326000 0.007294 0.003611
0 0.239462 0.300358 0.010860 0.003850
0 0.289128 0.226197 0.006593 0.003605
0 0.188078 0.216181 0.005549 0.003636
0 0.314990 0.279087 0.005523 0.003770
0 0.336954 0.199642 0.005680 0.003787
0 0.194080 0.312777 0.007084 0.003782
0 0.160997 0.134429 0.009861 0.003767
0 0.160768 0.139497 0.014390 0.003588
0 0.196391 0.271855 0.006532 0.003671
0 0.193472 0.149753 0.005521 0.003525
0 0.228257 0.146664 0.009776 0.003787
0 0.159233 0.225000 0.007103 0.003662
0 0.486494 0.213769 0.009684 0.003713
0 0.810095 0.327189 0.010034 0.003822
0 0.809795 0.321669 0.014743 0.003913
0 0.744993 0.273873 0.006649 0.003716
0 0.743961 0.227742 0.010808 0.003844
0 0.694993 0.212837 0.006951 0.003844
0 0.816855 0.228145 0.009974 0.003739
0 0.228253 0.646546 0.009784 0.003836
0 0.160383 0.680590 0.007060 0.003870
0 0.634787 0.769259 0.006750 0.003722
0 0.545839 0.702464 0.005722 0.003673