0 0.282545 0.351380 0.012625 0.005037
0 0.282506 0.408859 0.012417 0.005011
0 0.282581 0.476526 0.012325 0.005037
0 0.282556 0.544401 0.012374 0.004933
0 0.282563 0.598000 0.012474 0.005007
0 0.344906 0.598169 0.013294 0.004789
0 0.344879 0.544491 0.013235 0.004791
0 0.344823 0.476654 0.013294 0.004789
0 0.344822 0.408932 0.013292 0.004787
0 0.344778 0.351492 0.013294 0.004789
0 0.405573 0.351399 0.012793 0.005039
0 0.405559 0.408889 0.012793 0.005039
0 0.405526 0.476584 0.012796 0.005039
0 0.405601 0.544432 0.012793 0.005039
0 0.405586 0.598000 0.012796 0.005039
0 0.489735 0.598021 0.012494 0.005045
0 0.489729 0.544460 0.012494 0.005043
0 0.489706 0.476514 0.012437 0.005021
0 0.489739 0.408829 0.012485 0.004908
0 0.489765 0.351381 0.012434 0.004955
0 0.397241 0.877498 0.071958 0.012833