0 0.330856 0.806070 0.003877 0.002357
0 0.781524 0.893103 0.015094 0.007928
0 0.752713 0.901887 0.006397 0.004629
0 0.756686 0.893127 0.009799 0.007953
0 0.409437 0.393064 0.018455 0.008056
0 0.309305 0.251365 0.006085 0.002765
0 0.307373 0.263649 0.004550 0.002366
0 0.357642 0.255244 0.004556 0.002346
0 0.334893 0.283596 0.003742 0.002420
0 0.731327 0.263773 0.003061 0.002460
0 0.562307 0.253482 0.004030 0.002283
0 0.752715 0.401867 0.006434 0.004721
0 0.774158 0.393019 0.018628 0.008187
0 0.663355 0.246065 0.006121 0.002637
0 0.609133 0.257962 0.006208 0.002412
0 0.628927 0.222082 0.003061 0.002460
0 0.628967 0.216850 0.002883 0.002377
0 0.388558 0.401780 0.006365 0.004575
0 0.253223 0.308796 0.003794 0.002409
0 0.238698 0.258749 0.003889 0.002366
0 0.409437 0.893064 0.018455 0.008056
0 0.388558 0.901780 0.006365 0.004575
0 0.360119 0.816301 0.005154 0.002403
0 0.669355 0.806926 0.006266 0.002625
0 0.700055 0.794686 0.003173 0.002315
0 0.704774 0.755164 0.003101 0.002614
0 0.667989 0.749431 0.001543 0.002563
0 0.669349 0.761371 0.004546 0.002571
0 0.677097 0.714996 0.007757 0.002506
0 0.269967 0.214400 0.006224 0.002511
0 0.327931 0.219420 0.003889 0.002551
0 0.697818 0.302014 0.003051 0.002471
0 0.615587 0.302042 0.003006 0.002529
0 0.662260 0.298743 0.004592 0.002389
0 0.626923 0.258070 0.006287 0.002503
0 0.699300 0.216867 0.003032 0.002469
0 0.330794 0.306166 0.004002 0.002548
0 0.360199 0.316273 0.005154 0.002517
0 0.296608 0.219845 0.003895 0.002614
0 0.247468 0.222963 0.003903 0.002705
0 0.334927 0.783653 0.003931 0.002477
0 0.357642 0.755342 0.004556 0.002543
0 0.307373 0.763702 0.004550 0.002471
0 0.309305 0.751460 0.006085 0.002953
0 0.327903 0.719391 0.003943 0.002494
0 0.269987 0.714426 0.006184 0.002563
0 0.247438 0.722906 0.003963 0.002591
0 0.238667 0.758828 0.003951 0.002526
0 0.253223 0.808870 0.003794 0.002557
0 0.296618 0.719816 0.003875 0.002557
0 0.367605 0.136753 0.005591 0.003632
0 0.367587 0.636713 0.005591 0.003632
0 0.357575 0.665958 0.009283 0.003632
0 0.362665 0.721528 0.009283 0.003632
0 0.362717 0.221559 0.009283 0.003632
0 0.357668 0.165949 0.009283 0.003632