0 0.294680 0.695073 0.010621 0.003522
0 0.349371 0.701525 0.005481 0.003363
0 0.321769 0.709198 0.006992 0.003337
0 0.220549 0.683351 0.005382 0.003323
0 0.286747 0.806231 0.006772 0.003331
0 0.201111 0.706214 0.006466 0.003343
0 0.665547 0.750266 0.006299 0.003366
0 0.617889 0.759571 0.005394 0.003480
0 0.665663 0.704738 0.010705 0.003480
0 0.707439 0.700249 0.005432 0.003309
0 0.631855 0.704828 0.008799 0.003340
0 0.644963 0.797989 0.006871 0.003383
0 0.725983 0.790154 0.009416 0.003289
0 0.669937 0.656503 0.006800 0.003351
0 0.582347 0.672833 0.006794 0.003351
0 0.609365 0.682944 0.005364 0.003311
0 0.726056 0.795178 0.014594 0.003351
0 0.585510 0.708759 0.006498 0.003337
0 0.582642 0.759564 0.005364 0.003494
0 0.727637 0.700821 0.009510 0.003340
0 0.715067 0.750195 0.005485 0.003508
0 0.364391 0.655654 0.006051 0.003403
0 0.193065 0.768810 0.005404 0.003508
0 0.225571 0.768861 0.008797 0.003337
0 0.197950 0.668860 0.006772 0.003329
0 0.248326 0.701623 0.005472 0.003508
0 0.305770 0.763917 0.006329 0.003394
0 0.293572 0.658213 0.006798 0.003397
0 0.376229 0.686630 0.009597 0.003406
0 0.375769 0.802521 0.009510 0.003411
0 0.375864 0.807578 0.014521 0.003209
0 0.360065 0.755023 0.005402 0.003508
0 0.254669 0.769500 0.005505 0.003508
0 0.603734 0.255452 0.005404 0.003539
0 0.672578 0.275125 0.005495 0.003394
0 0.663398 0.189248 0.010596 0.003494
0 0.593891 0.176670 0.009567 0.003360
0 0.616012 0.189735 0.005412 0.003323
0 0.779413 0.204535 0.005394 0.003320
0 0.756704 0.206634 0.005553 0.003351
0 0.771521 0.280315 0.005509 0.003537
0 0.594232 0.306513 0.009500 0.003354
0 0.593949 0.300759 0.014463 0.003212
0 0.628849 0.160155 0.006738 0.003297
0 0.617519 0.305916 0.006740 0.003294
0 0.202616 0.275665 0.006297 0.003340
0 0.208978 0.152881 0.005364 0.003494
0 0.245041 0.146845 0.009591 0.003380
0 0.177055 0.180809 0.006800 0.003351
0 0.252589 0.290943 0.010627 0.003494
0 0.306779 0.225258 0.006498 0.003323
0 0.194734 0.218398 0.005362 0.003494
0 0.331830 0.290507 0.005396 0.003494
0 0.355025 0.208017 0.005364 0.003494
0 0.270421 0.198559 0.005513 0.003394
0 0.248566 0.203666 0.005374 0.003354
0 0.227093 0.332789 0.006800 0.003354
0 0.177592 0.134585 0.009522 0.003323
0 0.502815 0.176630 0.009567 0.003423
0 0.512685 0.255342 0.005499 0.003765
0 0.502819 0.300657 0.014463 0.003588
0 0.503277 0.306354 0.009500 0.003651
0 0.275688 0.431666 0.018501 0.006831
0 0.295222 0.431603 0.014836 0.006831
0 0.302898 0.439716 0.003109 0.002072
0 0.649897 0.431703 0.018501 0.006831
0 0.668956 0.431754 0.014213 0.006831
0 0.681731 0.439739 0.002914 0.002368
0 0.648681 0.931540 0.018656 0.006831
0 0.667875 0.931583 0.014280 0.006831
0 0.675754 0.939755 0.003008 0.002337
0 0.275655 0.931563 0.018499 0.006831
0 0.294891 0.931438 0.014207 0.006831
0 0.302872 0.939695 0.002964 0.002229
0 0.733204 0.283539 0.007419 0.003682
0 0.177552 0.139600 0.014181 0.003326