0 0.608696 0.702037 0.004820 0.003395
0 0.777899 0.893170 0.014848 0.007691
0 0.409572 0.893116 0.018434 0.007588
0 0.388570 0.901884 0.006248 0.004470
0 0.281578 0.742342 0.004610 0.003446
0 0.746200 0.893178 0.003667 0.007828
0 0.759396 0.893090 0.014826 0.007782
0 0.733195 0.901924 0.006329 0.004470
0 0.735883 0.893134 0.009283 0.007808
0 0.238636 0.242342 0.005102 0.003315
0 0.243647 0.180982 0.009954 0.003526
0 0.409572 0.393116 0.018434 0.007588
0 0.388570 0.401884 0.006248 0.004470
0 0.267164 0.170383 0.004818 0.003389
0 0.306405 0.170529 0.004896 0.003298
0 0.281578 0.242342 0.004610 0.003446
0 0.752701 0.401873 0.006280 0.004555
0 0.677885 0.199237 0.002210 0.003372
0 0.645244 0.274721 0.010189 0.003421
0 0.643270 0.199245 0.004800 0.003358
0 0.676323 0.291495 0.004876 0.003361
0 0.611424 0.291495 0.007336 0.003378
0 0.774075 0.393234 0.018539 0.007882
0 0.238587 0.742449 0.005200 0.003529
0 0.243554 0.680982 0.010139 0.003526
0 0.267106 0.670462 0.004935 0.003546
0 0.306331 0.670643 0.005045 0.003526