0 0.364835 0.480412 0.009738 0.008903
0 0.316763 0.506665 0.020536 0.008769
0 0.316843 0.456152 0.020464 0.008375
0 0.630381 0.733324 0.030808 0.008848
0 0.433174 0.701082 0.014552 0.008230
0 0.592508 0.580949 0.009393 0.008734
0 0.345097 0.608863 0.009395 0.008694
0 0.519514 0.279532 0.009821 0.008615
0 0.417947 0.318133 0.010282 0.008307
0 0.525444 0.407396 0.022959 0.008680
0 0.469981 0.590607 0.011641 0.008637
0 0.417935 0.480468 0.009540 0.008626
0 0.497835 0.910753 0.032751 0.015154
0 0.453231 0.910549 0.043326 0.014746
0 0.547939 0.928793 0.009020 0.006833
0 0.673510 0.614307 0.031609 0.008746
0 0.598537 0.429019 0.014860 0.009293
0 0.317828 0.803927 0.014991 0.008709
0 0.335470 0.803888 0.015334 0.008814
0 0.259229 0.128322 0.018611 0.008464
0 0.259641 0.224568 0.018553 0.008845