0 0.269359 0.707668 0.003433 0.002417
0 0.176401 0.702047 0.006726 0.002372
0 0.419116 0.893150 0.018410 0.007617
0 0.398652 0.901879 0.006343 0.004504
0 0.756734 0.893150 0.009563 0.007902
0 0.781534 0.893176 0.014808 0.007777
0 0.752669 0.901906 0.006268 0.004541
0 0.269359 0.207668 0.003433 0.002417
0 0.289326 0.246467 0.003395 0.002409
0 0.419116 0.393150 0.018410 0.007617
0 0.398652 0.401879 0.006343 0.004504
0 0.336940 0.187392 0.003254 0.002366
0 0.762782 0.401879 0.006341 0.004504
0 0.784730 0.393104 0.018410 0.007617
0 0.558310 0.249371 0.003310 0.002432
0 0.298616 0.303595 0.003558 0.002560
0 0.176332 0.202098 0.006865 0.002474
0 0.334515 0.278925 0.003264 0.002754
0 0.176341 0.175247 0.004465 0.002586
0 0.256175 0.153880 0.008662 0.002617
0 0.638756 0.207788 0.005217 0.002668
0 0.605371 0.284336 0.003310 0.002537
0 0.716893 0.284554 0.004368 0.002557
0 0.668562 0.262372 0.003496 0.002623
0 0.649318 0.328257 0.005225 0.002494
0 0.173360 0.854276 0.005285 0.003136
0 0.173354 0.354570 0.005285 0.003136
0 0.544085 0.350010 0.009069 0.002945
0 0.334485 0.778897 0.003325 0.002697
0 0.239498 0.714896 0.003518 0.002705
0 0.244986 0.762828 0.003222 0.002509
0 0.289306 0.746534 0.003435 0.002543
0 0.298724 0.803538 0.003560 0.002674
0 0.336940 0.687474 0.003254 0.002531
0 0.176457 0.675218 0.004532 0.002529
0 0.256222 0.653894 0.008567 0.002645
0 0.593759 0.816803 0.007203 0.002825
0 0.624903 0.761555 0.004395 0.002774
0 0.239525 0.214853 0.003464 0.002620
0 0.244898 0.262814 0.003397 0.002480