0 0.787237 0.877125 0.029819 0.014125
0 0.817800 0.876834 0.022312 0.014022
0 0.361191 0.553907 0.007228 0.006440
0 0.563240 0.239233 0.010835 0.006802
0 0.488049 0.253176 0.010784 0.006807
0 0.345078 0.442729 0.007398 0.006445
0 0.396672 0.367329 0.007873 0.007047
0 0.480621 0.355905 0.017255 0.007591
0 0.557660 0.324963 0.011631 0.006938
0 0.619659 0.354729 0.007257 0.006528
0 0.636691 0.452111 0.015398 0.007021
0 0.602047 0.553917 0.007279 0.006545
0 0.641578 0.658037 0.007515 0.006901
0 0.535469 0.736221 0.011357 0.006804
0 0.515177 0.659265 0.010903 0.006727
0 0.479124 0.553797 0.007202 0.006642
0 0.251455 0.231877 0.009986 0.006109
0 0.263850 0.231871 0.009462 0.005698
0 0.277770 0.231750 0.012979 0.005650
0 0.265823 0.332548 0.012961 0.006722
0 0.259772 0.225332 0.007833 0.005054