0 0.481476 0.531229 0.015863 0.014111
0 0.273835 0.637509 0.023726 0.014111
0 0.482094 0.691733 0.023726 0.014111
0 0.592077 0.599441 0.023728 0.014111
0 0.722341 0.365408 0.023728 0.014111
0 0.463080 0.321239 0.016669 0.013384
0 0.532111 0.299756 0.015867 0.013384
0 0.532386 0.285187 0.015869 0.013384
0 0.633188 0.357658 0.015869 0.013384
0 0.349412 0.622995 0.015869 0.013384
0 0.302162 0.366883 0.015869 0.013384
0 0.391103 0.765690 0.014505 0.012360
0 0.434458 0.765807 0.015166 0.012594
0 0.478061 0.765924 0.015331 0.012828
0 0.529740 0.765924 0.022748 0.012828
0 0.580925 0.766156 0.022583 0.013292
0 0.462918 0.306970 0.027790 0.014111