0 0.395382 0.817148 0.018586 0.012403
0 0.458113 0.666582 0.018108 0.012149
0 0.603109 0.506827 0.022869 0.011767
0 0.213411 0.527611 0.036962 0.012691
0 0.622730 0.623942 0.036869 0.012281
0 0.487792 0.823466 0.036353 0.012320
0 0.587379 0.878677 0.046440 0.012315
0 0.421498 0.148650 0.046454 0.012323
0 0.392851 0.569547 0.037074 0.012360
0 0.914937 0.893167 0.040604 0.020867
0 0.257464 0.326378 0.018257 0.012204
0 0.418390 0.326442 0.017360 0.012520
0 0.563434 0.326224 0.008400 0.012323
0 0.595460 0.752594 0.008515 0.012326
0 0.240760 0.708124 0.008499 0.012326
0 0.864275 0.893317 0.041054 0.021194
0 0.799166 0.917347 0.017884 0.012397