0 0.426345 0.351795 0.011304 0.008293
0 0.620016 0.430513 0.011304 0.008339
0 0.530316 0.381288 0.014072 0.008036
0 0.425714 0.514698 0.026669 0.008661
0 0.517123 0.523910 0.011090 0.008293
0 0.611623 0.523933 0.011169 0.008293
0 0.268689 0.290778 0.023576 0.008361
0 0.266039 0.375064 0.016744 0.008378
0 0.366904 0.641707 0.016947 0.008378
0 0.311583 0.655294 0.023572 0.008267
0 0.335071 0.511661 0.013317 0.008247
0 0.342542 0.326586 0.013663 0.008036
0 0.431909 0.296552 0.023963 0.008378
0 0.504357 0.897287 0.044600 0.017110
0 0.549087 0.897284 0.034648 0.017110
0 0.551582 0.914088 0.009792 0.008416