0 0.393391 0.723685 0.012049 0.008886
0 0.778254 0.570077 0.018366 0.009005
0 0.675076 0.718852 0.011969 0.008920
0 0.568245 0.692642 0.014588 0.008903
0 0.778252 0.730821 0.018430 0.008863
0 0.772093 0.809989 0.019021 0.008977
0 0.669375 0.613394 0.012110 0.008948
0 0.568104 0.601852 0.028773 0.009290
0 0.777463 0.645020 0.018811 0.009020
0 0.777137 0.654944 0.025364 0.009005
0 0.474773 0.723702 0.011928 0.008931
0 0.602146 0.792405 0.018396 0.008920
0 0.335781 0.333984 0.022454 0.009319
0 0.438142 0.594565 0.012734 0.008977
0 0.495468 0.566657 0.018582 0.008948
0 0.603174 0.515076 0.018438 0.009005
0 0.706041 0.583168 0.025356 0.008928
0 0.289336 0.872224 0.041094 0.019416
0 0.330096 0.872217 0.031326 0.019413
0 0.417234 0.326480 0.012908 0.006395
0 0.632659 0.166235 0.031963 0.010077
0 0.734208 0.166362 0.031963 0.010080
0 0.068226 0.223323 0.031963 0.010077
0 0.067796 0.408612 0.031961 0.010077
0 0.067581 0.539134 0.031963 0.010077
0 0.068011 0.686999 0.031961 0.010077
0 0.048243 0.841164 0.012049 0.009094
0 0.386591 0.630256 0.012231 0.009478
0 0.063647 0.841478 0.012231 0.009481
0 0.086548 0.841301 0.029402 0.009481
0 0.112508 0.841478 0.017580 0.009481
0 0.058732 0.090338 0.019107 0.011915