0 0.339484 0.432368 0.010615 0.008669
0 0.295424 0.580470 0.010159 0.008874
0 0.403361 0.436981 0.015805 0.009099
0 0.418807 0.385135 0.016063 0.008891
0 0.386497 0.580631 0.010161 0.009025
0 0.458301 0.659265 0.015696 0.008948
0 0.503760 0.567177 0.010062 0.008814
0 0.507429 0.412610 0.024086 0.009205
0 0.504241 0.315920 0.015656 0.009042
0 0.632709 0.545211 0.010161 0.009025
0 0.604879 0.422214 0.021433 0.008920
0 0.658291 0.415332 0.021801 0.008891
0 0.278984 0.481402 0.021358 0.009142
0 0.474150 0.905217 0.031435 0.012856
0 0.506795 0.905335 0.023681 0.012853
0 0.510639 0.922864 0.007641 0.006731
0 0.659927 0.657294 0.013665 0.005896