0 0.769580 0.511934 0.009601 0.006842
0 0.632145 0.432249 0.020079 0.006669
0 0.896832 0.436932 0.009214 0.006757
0 0.662798 0.381449 0.019821 0.006763
0 0.839494 0.436783 0.009905 0.006423
0 0.806383 0.441520 0.019726 0.006614
0 0.895461 0.538316 0.009105 0.006788
0 0.702831 0.410403 0.014870 0.006791
0 0.760926 0.410380 0.023250 0.006808
0 0.702197 0.538327 0.009142 0.006788
0 0.632076 0.396180 0.020147 0.006449
0 0.640512 0.511918 0.009756 0.006475
0 0.176502 0.383565 0.013992 0.005888
0 0.205678 0.583906 0.014233 0.006746
0 0.167986 0.583947 0.020232 0.006087
0 0.188894 0.534677 0.009531 0.006874
0 0.273559 0.534799 0.009428 0.006594
0 0.349270 0.534659 0.008924 0.006463
0 0.409784 0.534631 0.009188 0.006281
0 0.399725 0.439258 0.009887 0.006472
0 0.327534 0.440620 0.008926 0.006461
0 0.341860 0.394213 0.019678 0.006523
0 0.277147 0.383755 0.023163 0.007030
0 0.198056 0.442824 0.019770 0.006401
0 0.213388 0.383675 0.019780 0.006381
0 0.293040 0.707546 0.029228 0.010123
0 0.324960 0.707616 0.022819 0.010188
0 0.318383 0.719109 0.006877 0.005440
0 0.766920 0.707647 0.029226 0.010120
0 0.792080 0.719283 0.007014 0.005378
0 0.798838 0.707749 0.022674 0.009752