0 0.257645 0.465787 0.006778 0.003879
0 0.414222 0.418941 0.006889 0.004238
0 0.356513 0.408195 0.008852 0.004221
0 0.337874 0.463471 0.008672 0.004252
0 0.378687 0.574376 0.008940 0.004221
0 0.216275 0.558440 0.008852 0.004221
0 0.039922 0.439642 0.011745 0.004221
0 0.071555 0.418166 0.008662 0.004221
0 0.751718 0.425504 0.011120 0.004203
0 0.053927 0.514682 0.006790 0.004383
0 0.281488 0.554392 0.006877 0.004383
0 0.330607 0.554384 0.006820 0.004494
0 0.434338 0.541177 0.006972 0.004440
0 0.043988 0.561301 0.012001 0.004295
0 0.746860 0.574296 0.008630 0.004226
0 0.746082 0.460556 0.006905 0.004206
0 0.659460 0.399396 0.008418 0.004309
0 0.454277 0.461996 0.012087 0.004221
0 0.702987 0.452958 0.013437 0.004389
0 0.659612 0.462894 0.008719 0.004232
0 0.643342 0.541502 0.006792 0.004366
0 0.625448 0.465570 0.008181 0.004238
0 0.598962 0.541510 0.006802 0.004417
0 0.700094 0.538891 0.007888 0.004275
0 0.588103 0.454803 0.006760 0.004192
0 0.765548 0.516623 0.006917 0.004400
0 0.779233 0.567150 0.011930 0.004235
0 0.044241 0.567784 0.018255 0.004095
0 0.073255 0.567820 0.008521 0.004098
0 0.128079 0.541278 0.007929 0.004238
0 0.069462 0.465266 0.006778 0.004241
0 0.195592 0.458465 0.008211 0.004164
0 0.136616 0.440664 0.013341 0.004400
0 0.780442 0.441778 0.011789 0.004246
0 0.779283 0.573307 0.018545 0.004198
0 0.886930 0.441721 0.011789 0.004246
0 0.871931 0.516518 0.006917 0.004400
0 0.884349 0.567033 0.011930 0.004235
0 0.884689 0.573279 0.018545 0.004198
0 0.247908 0.743061 0.023286 0.008538
0 0.272033 0.743125 0.017892 0.008541
0 0.281927 0.753279 0.003786 0.002989
0 0.717535 0.743109 0.023286 0.008538
0 0.741784 0.743109 0.017862 0.008538
0 0.751584 0.753290 0.003824 0.003138