0 0.141574 0.577247 0.014826 0.005683
0 0.242600 0.340647 0.010492 0.005808
0 0.166229 0.360799 0.010451 0.006033
0 0.205748 0.576576 0.010596 0.005685
0 0.229485 0.508448 0.005350 0.004363
0 0.229504 0.405569 0.011110 0.004526
0 0.285323 0.387932 0.009587 0.004340
0 0.312308 0.448849 0.005833 0.004326
0 0.346487 0.473609 0.004733 0.004369
0 0.292656 0.523383 0.005392 0.004355
0 0.339077 0.523455 0.005412 0.004392
0 0.315397 0.571016 0.010588 0.005805
0 0.715418 0.340685 0.010554 0.005862
0 0.611217 0.577260 0.014826 0.005868
0 0.626733 0.508451 0.005430 0.004357
0 0.644357 0.405476 0.010165 0.004283
0 0.612901 0.441265 0.004646 0.004337
0 0.635136 0.360446 0.010554 0.005862
0 0.816180 0.473592 0.004779 0.004414
0 0.781615 0.448856 0.005676 0.004374
0 0.754996 0.387941 0.009617 0.004357
0 0.699152 0.405577 0.011146 0.004560
0 0.699174 0.508488 0.005428 0.004392
0 0.808717 0.523414 0.005585 0.004355
0 0.762349 0.523438 0.005428 0.004357
0 0.779355 0.574031 0.010554 0.005862
0 0.696242 0.581394 0.010554 0.005859
0 0.174683 0.405504 0.010115 0.004226
0 0.143248 0.441260 0.004679 0.004343
0 0.157052 0.508478 0.005412 0.004366
0 0.358425 0.401354 0.008920 0.005044
0 0.828047 0.395201 0.008920 0.005044
0 0.259858 0.770449 0.019474 0.009003
0 0.279942 0.770323 0.014850 0.008683
0 0.729586 0.770490 0.019474 0.009000
0 0.749609 0.770417 0.014850 0.008683