0 0.781228 0.796580 0.014763 0.004241
0 0.275759 0.431378 0.019073 0.007914
0 0.294729 0.431515 0.014681 0.007657
0 0.302821 0.439726 0.003308 0.002981
0 0.275595 0.931560 0.019073 0.007914
0 0.294849 0.931770 0.014679 0.007660
0 0.302936 0.939791 0.003308 0.002978
0 0.336944 0.199614 0.005660 0.003844
0 0.348369 0.239044 0.006949 0.003651
0 0.781234 0.177653 0.005587 0.003639
0 0.719983 0.211693 0.007123 0.003779
0 0.483135 0.201116 0.009752 0.003656
0 0.675623 0.270500 0.005607 0.003810
0 0.714567 0.270520 0.005720 0.003850
0 0.796951 0.259999 0.005710 0.003782
0 0.561274 0.194912 0.010879 0.003844
0 0.501449 0.208287 0.005384 0.003750
0 0.556478 0.163565 0.007133 0.003847
0 0.695276 0.301721 0.007115 0.003842
0 0.315090 0.790502 0.005686 0.003893
0 0.177967 0.718111 0.005622 0.003847
0 0.289876 0.725061 0.006498 0.003842
0 0.486830 0.293007 0.014763 0.004241
0 0.812454 0.208276 0.009958 0.003785
0 0.816490 0.166971 0.007197 0.003876
0 0.697629 0.796791 0.014763 0.004241
0 0.783319 0.692102 0.009599 0.003725
0 0.771449 0.751740 0.005763 0.004015
0 0.781168 0.791560 0.009641 0.003753
0 0.753734 0.262125 0.007286 0.003759
0 0.799097 0.308004 0.007141 0.003810
0 0.752427 0.202877 0.007090 0.003759
0 0.486794 0.287216 0.009647 0.003796
0 0.228172 0.646603 0.009623 0.003722
0 0.160407 0.680593 0.007052 0.003990
0 0.607080 0.205500 0.006706 0.003876
0 0.160663 0.139526 0.014181 0.003531
0 0.160887 0.134632 0.009639 0.003360
0 0.194040 0.312777 0.007004 0.003782
0 0.315030 0.279072 0.005603 0.003799
0 0.188118 0.216258 0.005630 0.003847
0 0.289080 0.226154 0.006498 0.003691
0 0.239418 0.300386 0.010615 0.003793
0 0.316119 0.325905 0.007173 0.003819
0 0.226253 0.221392 0.005386 0.003742
0 0.278285 0.281419 0.007000 0.003648
0 0.530312 0.301944 0.006770 0.003368
0 0.675753 0.939625 0.003308 0.002978
0 0.648656 0.931543 0.019073 0.007914
0 0.667923 0.931375 0.014681 0.007657
0 0.667759 0.431580 0.014681 0.007657
0 0.648788 0.431580 0.019071 0.007914
0 0.675785 0.439902 0.003308 0.002978
0 0.545814 0.702449 0.005511 0.003702
0 0.634699 0.769216 0.006532 0.003807
0 0.602608 0.708963 0.007070 0.003562
0 0.554366 0.771325 0.005690 0.003864
0 0.575404 0.710980 0.006782 0.003779
0 0.589709 0.771368 0.005491 0.003722
0 0.697607 0.791674 0.009641 0.003753
0 0.686714 0.751736 0.005706 0.003494
0 0.235847 0.790741 0.010876 0.003813
0 0.160750 0.639339 0.014346 0.003682
0 0.160882 0.634325 0.009520 0.003559
0 0.231853 0.703368 0.005769 0.003773
0 0.210879 0.832903 0.006976 0.003616
0 0.636991 0.700943 0.010955 0.003938
0 0.675639 0.679218 0.009226 0.003634
0 0.698533 0.692116 0.009599 0.003725
0 0.602497 0.658525 0.006808 0.003628
0 0.671234 0.706988 0.005736 0.003773
0 0.671825 0.797331 0.007159 0.003782
0 0.192245 0.652650 0.005678 0.003847
0 0.253639 0.698240 0.005718 0.003833
0 0.338191 0.710027 0.005525 0.003810
0 0.185922 0.775591 0.006637 0.004075
0 0.734815 0.165607 0.007369 0.003656
0 0.752459 0.297595 0.007393 0.003842
0 0.623471 0.284920 0.007288 0.003696
0 0.494680 0.250204 0.005442 0.003782
0 0.556175 0.262881 0.006297 0.003619
0 0.657536 0.207709 0.005509 0.003790
0 0.159213 0.224986 0.007062 0.003691
0 0.228227 0.146764 0.009716 0.003588
0 0.193542 0.149802 0.005662 0.003559
0 0.196482 0.271855 0.006714 0.003671
0 0.253538 0.198403 0.005493 0.003702