0 0.285894 0.754895 0.013298 0.004420
0 0.288570 0.833785 0.006696 0.004189
0 0.207076 0.816127 0.006798 0.004041
0 0.196490 0.868025 0.011888 0.004246
0 0.574450 0.604997 0.011854 0.004283
0 0.659233 0.734548 0.005612 0.004315
0 0.612557 0.813814 0.006960 0.004260
0 0.683509 0.657479 0.005636 0.004146
0 0.203432 0.252632 0.006784 0.004021
0 0.691555 0.202821 0.005640 0.004218
0 0.590140 0.305378 0.008404 0.004195
0 0.674058 0.156679 0.008515 0.004192
0 0.608145 0.605714 0.008549 0.004263
0 0.226839 0.634266 0.005674 0.004218
0 0.226707 0.866207 0.008517 0.004195
0 0.314991 0.712207 0.008471 0.004198
0 0.220416 0.568433 0.011809 0.004201
0 0.275376 0.660093 0.005569 0.004243
0 0.279610 0.593431 0.005595 0.004246
0 0.226210 0.687273 0.007101 0.004109
0 0.199342 0.731074 0.012063 0.004246
0 0.220987 0.749836 0.005674 0.004226
0 0.259943 0.264725 0.006675 0.004206
0 0.316696 0.202821 0.005654 0.004161
0 0.259967 0.204440 0.013244 0.004349
0 0.353601 0.269051 0.005573 0.004218
0 0.592645 0.150113 0.011834 0.004209
0 0.566384 0.177952 0.012116 0.004238
0 0.634785 0.264761 0.006690 0.004203
0 0.561587 0.305648 0.011930 0.004320
0 0.578357 0.252629 0.006881 0.004095
0 0.254435 0.142465 0.008539 0.004195
0 0.586382 0.196577 0.005640 0.004178
0 0.729687 0.196083 0.007099 0.004124
0 0.729603 0.275704 0.005561 0.004272
0 0.687676 0.275712 0.005603 0.004272
0 0.311721 0.269038 0.005573 0.004221
0 0.186687 0.305670 0.011840 0.004300
0 0.260017 0.305691 0.008408 0.004195
0 0.634902 0.204478 0.013331 0.004346
0 0.189207 0.148971 0.008408 0.004195
0 0.354773 0.196087 0.007068 0.004064
0 0.192432 0.179826 0.012122 0.004172
0 0.211543 0.196607 0.005654 0.004232
0 0.217773 0.150094 0.011898 0.004206
0 0.653084 0.792506 0.012063 0.004295
0 0.605261 0.757854 0.008870 0.004320
0 0.597718 0.683290 0.006732 0.004295
0 0.573794 0.843088 0.011775 0.004295
0 0.572395 0.804981 0.008582 0.004366
0 0.651795 0.824772 0.005638 0.004317
0 0.693614 0.734967 0.006929 0.004275
0 0.721381 0.656929 0.005636 0.004146
0 0.638049 0.648974 0.013409 0.004429
0 0.289648 0.429356 0.022033 0.008544
0 0.311936 0.429527 0.016869 0.008544
0 0.676118 0.429550 0.022033 0.008544
0 0.698283 0.429547 0.017296 0.008333
0 0.674969 0.944917 0.022035 0.008547
0 0.697240 0.944702 0.017046 0.008116
0 0.403765 0.929279 0.022033 0.008544
0 0.426076 0.929159 0.016879 0.008544
0 0.427129 0.937528 0.004699 0.003884
0 0.313244 0.437713 0.004699 0.003884
0 0.699639 0.437938 0.004699 0.003884