0 0.555891 0.707803 0.008614 0.004206
0 0.635025 0.814498 0.008507 0.004209
0 0.590414 0.737204 0.006663 0.004166
0 0.578665 0.808857 0.011850 0.004172
0 0.635583 0.746785 0.013367 0.004332
0 0.681062 0.743333 0.005569 0.004215
0 0.728148 0.743361 0.005569 0.004215
0 0.557277 0.627100 0.011902 0.004209
0 0.212276 0.656633 0.011793 0.004238
0 0.206805 0.715228 0.005624 0.004346
0 0.183678 0.822432 0.011773 0.004243
0 0.253988 0.708022 0.013222 0.004320
0 0.687607 0.672244 0.007131 0.004067
0 0.366370 0.783826 0.005591 0.004238
0 0.263279 0.775987 0.006675 0.004229
0 0.362503 0.709137 0.007113 0.004075
0 0.248638 0.662481 0.008414 0.004192
0 0.199887 0.772382 0.006923 0.004075
0 0.261594 0.829417 0.008414 0.004192
0 0.324234 0.712908 0.005716 0.004243
0 0.185945 0.694573 0.012116 0.004238
0 0.594070 0.644922 0.006770 0.004058
0 0.650567 0.629936 0.011858 0.004146
0 0.732316 0.696760 0.005676 0.004263
0 0.635802 0.657525 0.005660 0.004243
0 0.689050 0.172334 0.007014 0.004007
0 0.318514 0.202821 0.005640 0.004218
0 0.219605 0.150113 0.011832 0.004209
0 0.301018 0.156679 0.008515 0.004192
0 0.217100 0.305378 0.008404 0.004195
0 0.261862 0.204478 0.013331 0.004346
0 0.557316 0.169232 0.008346 0.004175
0 0.607595 0.302144 0.008449 0.004175
0 0.580019 0.308917 0.011749 0.004121
0 0.591727 0.237321 0.006637 0.004109
0 0.595450 0.145067 0.006810 0.004007
0 0.639998 0.130097 0.011944 0.004178
0 0.213342 0.196577 0.005640 0.004178
0 0.636909 0.238836 0.013294 0.004317
0 0.682474 0.243427 0.005529 0.004135
0 0.729580 0.243438 0.005567 0.004135
0 0.558638 0.127219 0.011751 0.004166
0 0.205318 0.252629 0.006881 0.004095
0 0.188546 0.305648 0.011930 0.004320
0 0.261745 0.264761 0.006690 0.004203
0 0.193344 0.177952 0.012116 0.004238
0 0.733763 0.196871 0.005636 0.004155
0 0.637224 0.157633 0.005636 0.004135
0 0.314635 0.275712 0.005603 0.004272
0 0.303228 0.429444 0.022317 0.008766
0 0.325462 0.429404 0.016897 0.008618
0 0.676117 0.429427 0.022317 0.008766
0 0.698272 0.429524 0.017036 0.008766
0 0.662609 0.929182 0.022317 0.008766
0 0.684996 0.929042 0.016790 0.008766
0 0.289979 0.929446 0.022315 0.008769
0 0.312501 0.929275 0.017554 0.008193
0 0.313244 0.937639 0.004904 0.004118
0 0.686250 0.937702 0.004904 0.004118
0 0.699673 0.437875 0.004906 0.004118
0 0.326686 0.437918 0.004906 0.004118
0 0.356563 0.275704 0.005561 0.004272
0 0.356646 0.196083 0.007099 0.004124
0 0.319236 0.783807 0.005585 0.004235