0 0.782834 0.347803 0.005950 0.004412
0 0.675765 0.463755 0.006133 0.004466
0 0.791545 0.517217 0.005690 0.004574
0 0.931448 0.579071 0.012027 0.004520
0 0.600762 0.534953 0.005638 0.004685
0 0.876922 0.584692 0.008606 0.004631
0 0.880479 0.503800 0.005769 0.004574
0 0.717546 0.534897 0.005747 0.004574
0 0.661185 0.534977 0.005714 0.004574
0 0.601768 0.340680 0.012200 0.004369
0 0.712887 0.407079 0.005638 0.004571
0 0.781992 0.413158 0.006087 0.004514
0 0.852165 0.343413 0.011765 0.004545
0 0.593063 0.453421 0.005662 0.004431
0 0.913071 0.425697 0.012368 0.004617
0 0.920702 0.365130 0.005773 0.004543
0 0.877779 0.394555 0.005869 0.004431
0 0.657908 0.420074 0.005902 0.004286
0 0.241360 0.422910 0.005690 0.004486
0 0.317586 0.330825 0.008588 0.004483
0 0.451485 0.348767 0.008588 0.004409
0 0.131088 0.527572 0.005690 0.004486
0 0.408230 0.403378 0.005817 0.004528
0 0.191598 0.527556 0.005690 0.004483
0 0.248009 0.527599 0.005702 0.004517
0 0.188325 0.428740 0.005801 0.004269
0 0.321748 0.509845 0.005640 0.004523
0 0.322113 0.583883 0.008561 0.004511
0 0.410750 0.507103 0.005638 0.004506
0 0.467935 0.483692 0.008563 0.004409
0 0.132133 0.349587 0.012241 0.004429
0 0.206198 0.472676 0.006000 0.004412
0 0.312882 0.403730 0.013530 0.004520
0 0.123589 0.461991 0.005815 0.004602
0 0.762135 0.731288 0.020135 0.007558
0 0.781937 0.731342 0.015211 0.007558
0 0.795264 0.738813 0.004999 0.003879