0 0.186756 0.586535 0.008535 0.004258
0 0.124771 0.460180 0.008535 0.004115
0 0.155636 0.471713 0.008535 0.004258
0 0.383657 0.427009 0.008535 0.004255
0 0.395660 0.604833 0.008535 0.004258
0 0.075349 0.426804 0.006740 0.004221
0 0.144746 0.416441 0.008638 0.004241
0 0.282939 0.568628 0.008908 0.004238
0 0.163089 0.535295 0.006802 0.004434
0 0.034592 0.419989 0.008535 0.004258
0 0.240317 0.466691 0.006897 0.004223
0 0.704948 0.452615 0.013308 0.004374
0 0.211395 0.535301 0.006800 0.004434
0 0.781063 0.455019 0.012051 0.004166
0 0.588075 0.454830 0.006728 0.004149
0 0.625481 0.464327 0.008144 0.004255
0 0.659594 0.463963 0.008666 0.004198
0 0.765580 0.513596 0.006917 0.004417
0 0.598974 0.528983 0.006778 0.004400
0 0.643356 0.529001 0.006784 0.004357
0 0.438405 0.551445 0.006804 0.004434
0 0.779354 0.567177 0.011963 0.004232
0 0.679781 0.575942 0.008521 0.004178
0 0.056349 0.526693 0.006778 0.004437
0 0.779433 0.573407 0.018422 0.004181
0 0.698925 0.513673 0.007941 0.004292
0 0.688372 0.402619 0.008495 0.004212
0 0.746111 0.460571 0.006891 0.004186
0 0.425555 0.492800 0.006907 0.004221
0 0.459763 0.486956 0.012087 0.004275
0 0.306027 0.467760 0.008132 0.004258
0 0.367780 0.486455 0.013536 0.004400
0 0.369165 0.544524 0.007904 0.004255
0 0.450956 0.611755 0.011950 0.004184
0 0.043576 0.468843 0.012037 0.004275
0 0.057001 0.595161 0.008537 0.004258
0 0.113014 0.544014 0.008535 0.004095
0 0.886012 0.573299 0.018811 0.004500
0 0.885822 0.567163 0.011963 0.004232
0 0.872147 0.516520 0.006917 0.004417
0 0.887051 0.460550 0.012051 0.004166
0 0.717555 0.743176 0.023564 0.008889
0 0.741570 0.743205 0.018009 0.008889
0 0.751598 0.753232 0.003957 0.003027
0 0.247952 0.742962 0.023564 0.008889
0 0.271968 0.743179 0.018426 0.008889
0 0.282067 0.753398 0.003957 0.003029
0 0.451004 0.604564 0.018104 0.004568
0 0.115779 0.581366 0.009111 0.004511