0 0.669764 0.681218 0.013250 0.004152
0 0.263279 0.775987 0.006675 0.004229
0 0.192430 0.179628 0.012118 0.004568
0 0.609788 0.763195 0.005674 0.004474
0 0.563128 0.763086 0.005841 0.004463
0 0.588370 0.687704 0.007125 0.004192
0 0.742081 0.667549 0.012311 0.004520
0 0.715888 0.625688 0.012029 0.004412
0 0.744419 0.625701 0.008845 0.004437
0 0.667505 0.808394 0.008755 0.004420
0 0.672930 0.622549 0.008805 0.004460
0 0.667592 0.755286 0.006955 0.004560
0 0.561711 0.715323 0.005791 0.004315
0 0.186015 0.694399 0.012255 0.004585
0 0.324389 0.712787 0.006027 0.004486
0 0.261728 0.829179 0.008682 0.004668
0 0.199956 0.772163 0.007060 0.004514
0 0.248792 0.662311 0.008723 0.004531
0 0.362427 0.709050 0.007264 0.004249
0 0.366444 0.783668 0.005738 0.004554
0 0.319232 0.783658 0.005863 0.004534
0 0.253988 0.707841 0.013222 0.004682
0 0.183738 0.822237 0.011892 0.004634
0 0.206883 0.715070 0.005779 0.004662
0 0.212287 0.656463 0.011815 0.004577
0 0.747388 0.801064 0.011922 0.004580
0 0.730827 0.744013 0.007050 0.004412
0 0.718783 0.690017 0.005835 0.004429
0 0.585230 0.156592 0.011967 0.004605
0 0.579846 0.215198 0.005624 0.004691
0 0.556691 0.322365 0.011830 0.004662
0 0.627027 0.207998 0.013224 0.004654
0 0.692215 0.283814 0.005708 0.004506
0 0.739361 0.283796 0.005702 0.004583
0 0.636299 0.275942 0.006911 0.004605
0 0.735447 0.209121 0.007304 0.004392
0 0.621610 0.162582 0.008725 0.004275
0 0.572871 0.272348 0.007036 0.004429
0 0.634656 0.329293 0.008745 0.004725
0 0.697275 0.212930 0.005716 0.004486
0 0.558985 0.194541 0.012116 0.004585
0 0.186757 0.305463 0.011979 0.004714
0 0.311781 0.268889 0.005694 0.004520
0 0.260004 0.305490 0.008785 0.004597
0 0.254490 0.142344 0.008650 0.004437
0 0.189318 0.148889 0.008630 0.004360
0 0.289743 0.429243 0.022021 0.008404
0 0.311851 0.429329 0.016960 0.008404
0 0.313387 0.437645 0.004731 0.003879
0 0.663009 0.429437 0.022021 0.008404
0 0.662943 0.929164 0.022021 0.008404
0 0.290283 0.929161 0.022021 0.008404
0 0.685529 0.429526 0.016957 0.008404
0 0.685367 0.929215 0.016960 0.008404
0 0.312276 0.929124 0.016960 0.008404
0 0.686203 0.437791 0.004733 0.003876
0 0.686302 0.937602 0.004733 0.003879
0 0.313325 0.937667 0.004731 0.003879
0 0.835684 0.767753 0.020391 0.005845
0 0.794683 0.660540 0.020391 0.005845
0 0.354836 0.195896 0.007193 0.004446
0 0.211582 0.196426 0.005730 0.004594
0 0.217741 0.150009 0.012029 0.004377
0 0.259997 0.264548 0.006784 0.004560
0 0.316717 0.202693 0.005696 0.004417
0 0.260049 0.204290 0.013409 0.004648
0 0.353601 0.268866 0.005573 0.004588
0 0.203506 0.252457 0.006931 0.004372