0 0.465949 0.360614 0.030334 0.017603
0 0.684817 0.519215 0.030334 0.017603
0 0.468043 0.637963 0.022432 0.019786
0 0.356561 0.408101 0.021040 0.019059
0 0.283953 0.633344 0.021040 0.019059
0 0.647433 0.679122 0.021040 0.019059
0 0.467543 0.751792 0.030334 0.017603
0 0.185039 0.636073 0.030332 0.017603
0 0.220226 0.454351 0.030332 0.017603
0 0.462775 0.474669 0.021342 0.018387
0 0.220986 0.529330 0.021030 0.016767
0 0.462797 0.455373 0.021342 0.018387
0 0.220648 0.511400 0.021030 0.016767