0 0.180150 0.449216 0.013776 0.005899
0 0.798690 0.530637 0.010115 0.005794
0 0.769951 0.527160 0.006901 0.005617
0 0.770085 0.562883 0.006802 0.005645
0 0.650879 0.530633 0.010066 0.005757
0 0.561884 0.528749 0.014024 0.005420
0 0.558588 0.436992 0.013838 0.005908
0 0.857532 0.491133 0.015616 0.006027
0 0.711732 0.476170 0.011616 0.005711
0 0.709347 0.537136 0.013754 0.006121
0 0.609071 0.519317 0.010264 0.005851
0 0.380923 0.559644 0.006577 0.005722
0 0.370782 0.328796 0.011743 0.005708
0 0.141324 0.592471 0.009047 0.003876
0 0.558159 0.478361 0.013744 0.006401
0 0.520816 0.526867 0.014068 0.006204
0 0.801531 0.475294 0.013955 0.006027
0 0.734627 0.354084 0.008481 0.005614
0 0.734699 0.406252 0.008483 0.005614
0 0.768236 0.625105 0.010459 0.006096
0 0.935047 0.492743 0.014322 0.005891
0 0.923782 0.586129 0.006702 0.005999
0 0.911442 0.521201 0.006796 0.005930
0 0.906328 0.472293 0.013784 0.005799
0 0.904138 0.644424 0.010330 0.006204
0 0.855512 0.597227 0.006974 0.006195
0 0.599856 0.625124 0.010310 0.006190
0 0.520853 0.586971 0.006591 0.005973
0 0.562113 0.607172 0.013969 0.005851
0 0.648437 0.613179 0.006647 0.006010
0 0.695359 0.613220 0.006756 0.005979
0 0.253908 0.533064 0.006748 0.006053
0 0.184376 0.591523 0.010292 0.006073
0 0.321886 0.559558 0.006778 0.005979
0 0.160905 0.517096 0.006577 0.005979
0 0.261858 0.399345 0.015551 0.006270
0 0.208240 0.394860 0.013820 0.005537
0 0.665638 0.416711 0.029349 0.005819
0 0.203818 0.336609 0.013907 0.005848
0 0.394266 0.478806 0.013915 0.006401
0 0.359086 0.446049 0.006990 0.005919
0 0.314402 0.449815 0.010125 0.006156
0 0.680840 0.530323 0.014100 0.006153
0 0.625845 0.415606 0.008596 0.005819
0 0.721247 0.772891 0.020870 0.009048
0 0.742297 0.772934 0.015749 0.009048
0 0.267788 0.753022 0.020870 0.009048
0 0.289117 0.753103 0.015749 0.009045
0 0.291472 0.764392 0.005249 0.004702