0 0.375769 0.302663 0.009510 0.003411
0 0.201111 0.206357 0.006466 0.003343
0 0.286747 0.306374 0.006772 0.003331
0 0.496578 0.259877 0.005382 0.003522
0 0.543894 0.303410 0.007010 0.003366
0 0.497096 0.314258 0.006780 0.003380
0 0.541586 0.273635 0.006778 0.003252
0 0.600154 0.307407 0.006780 0.003380
0 0.550923 0.207048 0.006778 0.003272
0 0.575436 0.216210 0.006778 0.003380
0 0.756542 0.180702 0.006778 0.003383
0 0.766076 0.321941 0.006780 0.003380
0 0.511668 0.180540 0.005352 0.003354
0 0.566788 0.172310 0.006859 0.003366
0 0.676547 0.293185 0.007074 0.003366
0 0.581356 0.266708 0.005404 0.003522
0 0.619724 0.266714 0.005400 0.003522
0 0.479298 0.175127 0.006780 0.003380
0 0.575546 0.711187 0.006498 0.003366
0 0.589757 0.771496 0.005394 0.003465
0 0.686819 0.751736 0.005495 0.003494
0 0.332703 0.707214 0.005470 0.003343
0 0.602681 0.709062 0.006925 0.003363
0 0.202074 0.705925 0.005354 0.003323
0 0.354537 0.690731 0.009593 0.003394
0 0.244604 0.771653 0.005485 0.003522
0 0.292251 0.701059 0.010623 0.003508
0 0.289584 0.769571 0.006317 0.003394
0 0.352681 0.797002 0.014509 0.003289
0 0.352664 0.792023 0.009502 0.003351
0 0.545885 0.702636 0.005370 0.003329
0 0.327856 0.796995 0.006871 0.003326
0 0.634833 0.769423 0.006264 0.003394
0 0.554509 0.771503 0.005404 0.003508
0 0.637132 0.701170 0.010673 0.003485
0 0.675835 0.679364 0.008833 0.003340
0 0.698650 0.692291 0.009365 0.003374
0 0.602559 0.658628 0.006685 0.003423
0 0.671360 0.707204 0.005485 0.003340
0 0.671977 0.797543 0.006855 0.003357
0 0.258720 0.664047 0.006760 0.003380
0 0.257857 0.708504 0.006917 0.003363
0 0.230330 0.712183 0.006508 0.003357
0 0.341671 0.751871 0.005394 0.003537
0 0.330683 0.672854 0.008890 0.003354
0 0.209386 0.771639 0.005394 0.003522
0 0.800026 0.279535 0.005404 0.003522
0 0.642696 0.212220 0.005477 0.003351
0 0.789822 0.232958 0.005487 0.003351
0 0.816991 0.228317 0.009601 0.003394
0 0.694885 0.213069 0.006458 0.003380
0 0.743933 0.227917 0.010752 0.003494
0 0.745032 0.274040 0.006276 0.003383
0 0.810034 0.321881 0.014378 0.003317
0 0.809995 0.327438 0.009492 0.003323
0 0.486434 0.213928 0.009563 0.003394
0 0.220549 0.183494 0.005382 0.003323
0 0.321769 0.209340 0.006992 0.003337
0 0.349371 0.201667 0.005481 0.003363
0 0.294680 0.195215 0.010621 0.003522
0 0.360065 0.255165 0.005402 0.003508
0 0.254669 0.269642 0.005505 0.003508
0 0.375864 0.307720 0.014521 0.003209
0 0.376229 0.186773 0.009597 0.003406
0 0.293572 0.158356 0.006798 0.003397
0 0.697527 0.791703 0.009803 0.003696
0 0.305770 0.264060 0.006329 0.003394
0 0.248326 0.201765 0.005472 0.003508
0 0.197950 0.169003 0.006772 0.003329
0 0.225571 0.269004 0.008797 0.003337
0 0.193065 0.268953 0.005404 0.003508
0 0.364391 0.155797 0.006051 0.003403
0 0.675732 0.939664 0.003208 0.002462
0 0.648629 0.931589 0.019039 0.007612
0 0.667760 0.931674 0.014429 0.007612
0 0.275794 0.931478 0.019039 0.007612
0 0.275729 0.431720 0.019039 0.007612
0 0.648645 0.431545 0.019039 0.007615
0 0.294784 0.931478 0.014429 0.007612
0 0.294855 0.431596 0.014429 0.007615
0 0.667956 0.431640 0.014429 0.007612
0 0.302933 0.939772 0.003206 0.002462
0 0.302887 0.439738 0.003208 0.002462
0 0.675813 0.439795 0.003208 0.002462
0 0.127433 0.771570 0.005541 0.003853
0 0.119105 0.705805 0.005674 0.003893
0 0.437307 0.796939 0.014646 0.003842
0 0.437172 0.791988 0.009799 0.003713
0 0.427594 0.751774 0.005420 0.003776
0 0.437447 0.690665 0.009813 0.003565
0 0.697690 0.796734 0.014775 0.003625
0 0.781358 0.796612 0.014777 0.003625
0 0.781171 0.791757 0.009805 0.003696
0 0.771443 0.751850 0.005573 0.003853
0 0.783146 0.692249 0.009851 0.003591