0 0.579839 0.667670 0.009506 0.003384
0 0.650602 0.679155 0.010677 0.003327
0 0.604834 0.677962 0.004564 0.003210
0 0.637424 0.627440 0.006942 0.003341
0 0.722619 0.630084 0.009597 0.003481
0 0.196374 0.321860 0.009349 0.003315
0 0.746356 0.637972 0.006870 0.003338
0 0.719399 0.683505 0.004560 0.003213
0 0.752743 0.691874 0.005531 0.003241
0 0.680869 0.807265 0.006809 0.003367
0 0.756431 0.764591 0.004650 0.003327
0 0.711087 0.764732 0.004642 0.003324
0 0.655990 0.762742 0.005348 0.003381
0 0.591588 0.742794 0.005487 0.003227
0 0.297763 0.841782 0.006894 0.003324
0 0.272281 0.614917 0.004598 0.003352
0 0.355461 0.842038 0.009389 0.003352
0 0.227013 0.743854 0.006926 0.003324
0 0.571667 0.798780 0.009369 0.003255
0 0.231698 0.811720 0.009613 0.003498
0 0.279887 0.795453 0.005358 0.003341
0 0.339557 0.788726 0.005479 0.003181
0 0.351526 0.707141 0.009538 0.003352
0 0.327843 0.726581 0.004564 0.003275
0 0.324516 0.676089 0.004481 0.003290
0 0.327084 0.628649 0.005638 0.003227
0 0.272289 0.673774 0.004554 0.003312
0 0.797208 0.694627 0.013727 0.002771
0 0.215107 0.266099 0.005469 0.003207
0 0.381064 0.170314 0.013719 0.002702
0 0.225012 0.200986 0.004533 0.003295
0 0.726798 0.229051 0.009524 0.003312
0 0.730933 0.364387 0.009716 0.003341
0 0.666602 0.359527 0.006916 0.003341
0 0.650861 0.310832 0.005434 0.003341
0 0.603850 0.329885 0.009405 0.003355
0 0.596919 0.260063 0.006807 0.003312
0 0.378357 0.236874 0.004519 0.003355
0 0.344431 0.207838 0.005580 0.003184
0 0.291071 0.321735 0.006787 0.003367
0 0.695015 0.172876 0.004745 0.003791
0 0.275020 0.193330 0.010730 0.003820
0 0.355905 0.575470 0.013927 0.003506
0 0.275081 0.279810 0.005654 0.003606
0 0.202996 0.190533 0.009407 0.003655
0 0.284628 0.147233 0.006991 0.003481
0 0.230142 0.151364 0.010052 0.003600
0 0.202190 0.151400 0.007041 0.003814
0 0.371088 0.283575 0.004745 0.003432
0 0.328461 0.283746 0.004916 0.003774
0 0.644581 0.197707 0.007283 0.003389
0 0.643798 0.152353 0.004910 0.003674
0 0.730410 0.074426 0.014136 0.003144
0 0.714780 0.303251 0.005694 0.003304
0 0.699881 0.125830 0.005809 0.003928
0 0.701448 0.237886 0.004562 0.003703
0 0.647315 0.246441 0.010659 0.003640
0 0.644348 0.088793 0.004596 0.003999
0 0.656667 0.442863 0.020591 0.006861
0 0.677397 0.442923 0.015737 0.006861
0 0.282994 0.436666 0.020591 0.006861
0 0.283766 0.936400 0.020591 0.006864
0 0.656853 0.936465 0.020589 0.006864
0 0.677796 0.936357 0.015906 0.006864
0 0.304894 0.936400 0.015904 0.006864
0 0.304077 0.436571 0.015906 0.006864
0 0.274444 0.734902 0.011040 0.003629
0 0.483878 0.727206 0.020230 0.005678
0 0.526767 0.621491 0.020230 0.005678