0 0.279068 0.410218 0.011892 0.007432
0 0.351551 0.417958 0.016189 0.008560
0 0.213243 0.459686 0.022547 0.007166
0 0.301519 0.484165 0.010143 0.007018
0 0.348333 0.495383 0.010770 0.007061
0 0.227587 0.568585 0.011852 0.007848
0 0.281651 0.574061 0.010339 0.006953
0 0.796830 0.564257 0.011653 0.007226
0 0.805922 0.364166 0.009764 0.007158
0 0.676621 0.564252 0.009764 0.007158
0 0.666466 0.484819 0.009853 0.007340
0 0.710819 0.477052 0.009853 0.007235
0 0.805296 0.461603 0.023160 0.007232
0 0.738457 0.406052 0.012211 0.007161
0 0.736060 0.564189 0.009766 0.007158
0 0.800899 0.317413 0.014885 0.007340
0 0.752067 0.803010 0.032827 0.011950
0 0.785834 0.802987 0.025042 0.011762
0 0.671284 0.396344 0.016272 0.007397
0 0.760244 0.606633 0.014885 0.007343
0 0.338828 0.574329 0.009708 0.007135
0 0.260556 0.625177 0.015058 0.007309
0 0.278506 0.803208 0.032747 0.011890
0 0.312584 0.803369 0.025304 0.012013
0 0.216428 0.386765 0.009962 0.007315
0 0.229524 0.336631 0.015103 0.007018
0 0.263971 0.345157 0.020212 0.007018
0 0.757305 0.353938 0.016528 0.007426