0 0.626128 0.624401 0.013317 0.004686
0 0.643665 0.559953 0.006194 0.004421
0 0.599542 0.422973 0.006744 0.004453
0 0.661029 0.624377 0.009549 0.004513
0 0.263735 0.597630 0.009480 0.004570
0 0.171374 0.473653 0.013294 0.004570
0 0.704208 0.624344 0.009549 0.004510
0 0.753394 0.508273 0.009549 0.004510
0 0.632816 0.474434 0.013317 0.004689
0 0.663358 0.499550 0.013317 0.004686
0 0.887387 0.726411 0.026960 0.010177
0 0.914058 0.725998 0.020056 0.009065
0 0.706596 0.508602 0.006792 0.004946
0 0.717020 0.438942 0.006315 0.004681
0 0.660909 0.421830 0.006887 0.004453
0 0.706292 0.565768 0.006458 0.004798
0 0.703000 0.375684 0.006323 0.005074
0 0.242347 0.746162 0.026544 0.009256
0 0.269353 0.746095 0.020310 0.009065
0 0.250446 0.531378 0.006514 0.004775
0 0.197280 0.531357 0.006528 0.004789
0 0.179292 0.413382 0.006337 0.004701
0 0.202331 0.597705 0.009700 0.004875
0 0.312160 0.542959 0.006629 0.004903
0 0.292967 0.458444 0.007050 0.004572
0 0.241246 0.413425 0.006841 0.004786
0 0.165021 0.597506 0.013540 0.005160
0 0.215100 0.351502 0.009688 0.004572
0 0.318640 0.477259 0.013383 0.004570
0 0.318295 0.423915 0.006891 0.004843
0 0.753388 0.439359 0.009549 0.004943
0 0.754413 0.351877 0.013319 0.004952
0 0.280059 0.757571 0.006276 0.004658
0 0.924974 0.737566 0.005446 0.005034