0 0.763169 0.916549 0.030720 0.012916
0 0.199355 0.516311 0.017412 0.006442
0 0.250238 0.713170 0.008248 0.005889
0 0.335674 0.682298 0.008647 0.005929
0 0.650268 0.639152 0.012973 0.005869
0 0.709327 0.638833 0.017988 0.005869
0 0.669278 0.531035 0.008208 0.006511
0 0.549627 0.529440 0.008764 0.006440
0 0.710215 0.427459 0.012177 0.005966
0 0.441292 0.561790 0.008208 0.006511
0 0.550232 0.386338 0.019432 0.007255
0 0.470664 0.372640 0.012858 0.005302
0 0.388876 0.420299 0.008186 0.006032
0 0.322432 0.505831 0.008718 0.005391
0 0.721447 0.916549 0.040129 0.013372
0 0.753105 0.055708 0.022046 0.007694
0 0.656438 0.932289 0.010768 0.007828