0 0.644004 0.362774 0.015950 0.007133
0 0.583841 0.666768 0.011080 0.007073
0 0.185790 0.779330 0.018926 0.006463
0 0.221044 0.427856 0.018843 0.006529
0 0.377565 0.633708 0.010657 0.006366
0 0.213858 0.564781 0.019220 0.006637
0 0.267339 0.721433 0.013720 0.006760
0 0.252057 0.564635 0.010760 0.006512
0 0.369285 0.413588 0.021233 0.006606
0 0.474845 0.480496 0.010802 0.006936
0 0.516719 0.553769 0.010741 0.007025
0 0.592571 0.489976 0.011247 0.006324
0 0.246790 0.633676 0.010864 0.006857
0 0.494085 0.666891 0.011265 0.006703
0 0.409330 0.923529 0.050290 0.017803
0 0.460463 0.923763 0.037848 0.017803
0 0.926956 0.866767 0.047800 0.009926
0 0.896249 0.855977 0.019873 0.008592
0 0.895772 0.829357 0.019873 0.008592
0 0.896483 0.803071 0.019873 0.009276
0 0.896009 0.775791 0.019873 0.008595
0 0.896715 0.748172 0.021521 0.009612
0 0.896009 0.884176 0.019873 0.009419
0 0.896364 0.911550 0.019873 0.009421
0 0.897071 0.939337 0.021050 0.009419
0 0.895876 0.690398 0.021521 0.008946
0 0.891788 0.675497 0.016424 0.006600
0 0.891970 0.642522 0.016424 0.006600
0 0.891734 0.609544 0.016424 0.006600
0 0.891734 0.576734 0.016424 0.006600
0 0.911855 0.556059 0.016424 0.006093
0 0.912090 0.588786 0.016424 0.006093
0 0.911736 0.621931 0.016424 0.006096
0 0.912090 0.655076 0.016424 0.006093
0 0.909365 0.581086 0.011211 0.006093
0 0.909605 0.614064 0.011211 0.006093
0 0.909368 0.647375 0.011209 0.006093
0 0.909132 0.680017 0.011211 0.006093
0 0.895941 0.041917 0.019200 0.008900
0 0.915219 0.071480 0.020177 0.008900
0 0.941905 0.071620 0.027776 0.008900
0 0.695572 0.218380 0.012281 0.006956
0 0.347716 0.943756 0.010230 0.007501
0 0.276139 0.323364 0.019194 0.007002