0 0.561074 0.544615 0.012271 0.009128
0 0.474957 0.635590 0.018453 0.009036
0 0.569492 0.304513 0.018453 0.009036
0 0.444140 0.352209 0.018451 0.009036
0 0.689301 0.654461 0.025589 0.009208
0 0.428749 0.553891 0.012218 0.008808
0 0.334173 0.549367 0.012218 0.008808
0 0.443637 0.406767 0.012102 0.008808
0 0.635761 0.537899 0.012138 0.008808
0 0.645023 0.406737 0.012271 0.009273
0 0.318303 0.483759 0.012271 0.009273
0 0.377867 0.407524 0.012793 0.009068
0 0.519404 0.411991 0.012795 0.009712
0 0.692721 0.357124 0.012825 0.009299
0 0.692796 0.345141 0.012515 0.009091
0 0.519353 0.399562 0.012795 0.009085