0 0.264857 0.660808 0.033833 0.008392
0 0.701057 0.541230 0.007597 0.005019
0 0.704369 0.474638 0.007733 0.005019
0 0.879901 0.673208 0.019896 0.008431
0 0.773603 0.549288 0.016017 0.005240
0 0.772189 0.477260 0.011570 0.005104
0 0.737454 0.531418 0.007598 0.005019
0 0.288000 0.443755 0.007710 0.003594
0 0.240552 0.486496 0.004997 0.003422
0 0.264850 0.479964 0.005201 0.003449
0 0.291126 0.461844 0.004767 0.003557
0 0.242616 0.442119 0.005298 0.003467
0 0.288995 0.491813 0.010383 0.003690
0 0.777137 0.504336 0.007320 0.005135
0 0.286123 0.670272 0.003913 0.002905
0 0.894602 0.682967 0.003913 0.002905
0 0.897789 0.671022 0.003913 0.002905