0 0.845154 0.365540 0.009780 0.006412
0 0.814768 0.604430 0.015013 0.006831
0 0.876134 0.474084 0.009400 0.006828
0 0.792573 0.338961 0.020177 0.006432
0 0.789624 0.539087 0.023190 0.006780
0 0.800536 0.476730 0.019565 0.006620
0 0.748023 0.467447 0.009905 0.006349
0 0.706281 0.467626 0.009226 0.006720
0 0.645819 0.532622 0.009095 0.006737
0 0.700727 0.563981 0.009095 0.006771
0 0.891502 0.336743 0.019934 0.006794
0 0.891423 0.385879 0.014068 0.006737
0 0.793492 0.363260 0.020218 0.006623
0 0.176502 0.383565 0.013992 0.005888
0 0.205678 0.583906 0.014233 0.006746
0 0.167986 0.583947 0.020232 0.006087
0 0.188894 0.534677 0.009531 0.006874
0 0.273559 0.534799 0.009428 0.006594
0 0.349270 0.534659 0.008924 0.006463
0 0.409784 0.534631 0.009188 0.006281
0 0.399725 0.439258 0.009887 0.006472
0 0.327534 0.440620 0.008926 0.006461
0 0.341860 0.394213 0.019678 0.006523
0 0.277147 0.383755 0.023163 0.007030
0 0.198056 0.442824 0.019770 0.006401
0 0.213388 0.383675 0.019780 0.006381
0 0.766877 0.707166 0.029696 0.010348
0 0.798709 0.707585 0.023536 0.010348
0 0.792147 0.719215 0.007566 0.006825
0 0.293214 0.707784 0.029696 0.010348
0 0.324872 0.707505 0.022591 0.010348
0 0.318414 0.719018 0.007902 0.006307