0 0.704882 0.569845 0.005396 0.004005
0 0.703890 0.386306 0.007070 0.003843
0 0.640604 0.442161 0.004546 0.003991
0 0.810111 0.512144 0.009970 0.004048
0 0.923585 0.741626 0.022918 0.009421
0 0.946395 0.741783 0.017594 0.009393
0 0.259722 0.571237 0.004473 0.003820
0 0.307823 0.601212 0.010689 0.004133
0 0.309704 0.523144 0.005988 0.003814
0 0.423988 0.741539 0.023232 0.009133
0 0.464434 0.751414 0.005595 0.004994
0 0.277691 0.434984 0.008495 0.003834
0 0.775807 0.568676 0.004538 0.004170
0 0.446379 0.741467 0.016970 0.009433
0 0.634067 0.517309 0.004572 0.003843
0 0.640603 0.573103 0.004540 0.003925
0 0.809831 0.431522 0.002277 0.003751
0 0.777896 0.450884 0.005831 0.003940
0 0.964455 0.751595 0.005674 0.004832
0 0.704623 0.442909 0.005821 0.003891
0 0.189433 0.488800 0.005616 0.003826
0 0.225751 0.497231 0.007403 0.003794
0 0.805818 0.457223 0.007316 0.004048
0 0.123912 0.431656 0.004298 0.003746
0 0.123870 0.559661 0.004298 0.003746
0 0.112713 0.498793 0.004507 0.003680
0 0.266529 0.490968 0.004507 0.003680
0 0.241988 0.448196 0.006865 0.003615
0 0.189419 0.451787 0.005805 0.003723
0 0.122345 0.613327 0.006879 0.003803
0 0.183617 0.571318 0.005239 0.003771
0 0.704471 0.483188 0.005730 0.003988
0 0.771173 0.512680 0.004574 0.003843
0 0.284547 0.416370 0.004713 0.003332
0 0.289461 0.416331 0.004713 0.003335
0 0.279993 0.416256 0.003258 0.003406
0 0.813775 0.457070 0.007316 0.004048