0 0.345639 0.690742 0.005612 0.004135
0 0.186355 0.718716 0.005614 0.004135
0 0.693614 0.734967 0.006929 0.004275
0 0.608145 0.605714 0.008549 0.004263
0 0.574450 0.604997 0.011854 0.004283
0 0.371517 0.664450 0.011956 0.004146
0 0.659233 0.734548 0.005612 0.004315
0 0.612557 0.813814 0.006960 0.004260
0 0.721381 0.656929 0.005636 0.004146
0 0.683509 0.657479 0.005636 0.004146
0 0.190121 0.763901 0.005545 0.004144
0 0.653084 0.792506 0.012063 0.004295
0 0.605261 0.757854 0.008870 0.004320
0 0.597718 0.683290 0.006732 0.004295
0 0.573794 0.843088 0.011775 0.004295
0 0.572395 0.804981 0.008582 0.004366
0 0.651795 0.824772 0.005638 0.004317
0 0.214016 0.688529 0.006939 0.003990
0 0.638049 0.648974 0.013409 0.004429
0 0.236826 0.763887 0.005543 0.004144
0 0.294713 0.756080 0.006629 0.004141
0 0.357895 0.744808 0.006853 0.003990
0 0.296735 0.681976 0.013268 0.004312
0 0.326630 0.937608 0.004943 0.003953
0 0.303387 0.929164 0.022490 0.008814
0 0.325688 0.929038 0.017090 0.008814
0 0.289628 0.429406 0.022488 0.008814
0 0.763245 0.429048 0.022488 0.008817
0 0.674844 0.944625 0.022490 0.008817
0 0.311983 0.429286 0.017090 0.008814
0 0.785576 0.429320 0.017092 0.008814
0 0.697067 0.944625 0.017092 0.008817
0 0.313325 0.437884 0.004945 0.003953
0 0.786977 0.437853 0.004943 0.003953
0 0.421643 0.660707 0.020224 0.006201
0 0.342983 0.628081 0.011753 0.004175
0 0.374363 0.801954 0.011854 0.004175
0 0.346261 0.803381 0.008444 0.004135
0 0.254799 0.640174 0.008336 0.004132
0 0.221031 0.145064 0.006768 0.004058
0 0.184237 0.127243 0.011900 0.004209
0 0.355108 0.243504 0.005569 0.004215
0 0.567315 0.231248 0.012079 0.004172
0 0.572981 0.312001 0.006768 0.004098
0 0.565657 0.365637 0.011801 0.004172
0 0.635300 0.065611 0.008461 0.004144
0 0.636691 0.250939 0.013321 0.004346
0 0.646643 0.370597 0.008459 0.004141
0 0.588647 0.068753 0.011789 0.004192
0 0.592964 0.188011 0.006980 0.004075
0 0.646996 0.098710 0.005610 0.004158
0 0.646994 0.155949 0.005610 0.004158
0 0.589918 0.250675 0.005736 0.004206
0 0.597948 0.130224 0.005664 0.004203
0 0.637102 0.322150 0.006679 0.004192
0 0.308021 0.243475 0.005569 0.004215
0 0.262543 0.246928 0.013367 0.004332
0 0.205625 0.309000 0.011850 0.004172
0 0.217374 0.237347 0.006663 0.004166
0 0.261985 0.314641 0.008507 0.004209
0 0.182850 0.207945 0.008614 0.004206
0 0.314568 0.172387 0.007133 0.004067
0 0.359277 0.196902 0.005674 0.004263
0 0.262761 0.157667 0.005660 0.004243
0 0.277527 0.130078 0.011858 0.004146