0 0.394409 0.687970 0.017035 0.010832
0 0.538596 0.356566 0.016966 0.010619
0 0.826505 0.854802 0.033102 0.018275
0 0.660862 0.589973 0.010798 0.011132
0 0.575646 0.350476 0.023737 0.011072
0 0.564493 0.451924 0.011590 0.010861
0 0.614453 0.453044 0.014247 0.010946
0 0.491815 0.431377 0.026948 0.010872
0 0.141005 0.043759 0.073374 0.033218
0 0.214719 0.044034 0.054485 0.034076
0 0.353568 0.428580 0.011752 0.010969
0 0.411265 0.427454 0.010814 0.010832
0 0.365375 0.505701 0.024856 0.010952
0 0.376121 0.592121 0.014394 0.010724
0 0.345364 0.684820 0.022383 0.010895
0 0.586050 0.589389 0.010935 0.010687
0 0.489605 0.589971 0.013179 0.011152