0 0.193319 0.567408 0.008898 0.006803
0 0.193221 0.522055 0.008642 0.006954
0 0.192387 0.612638 0.021159 0.006637
0 0.257932 0.661728 0.008940 0.006962
0 0.241772 0.626194 0.008952 0.006689
0 0.174927 0.666314 0.013607 0.006660
0 0.191401 0.444999 0.029041 0.006777
0 0.305911 0.486471 0.016049 0.006928
0 0.237742 0.449822 0.008952 0.006689
0 0.234709 0.572411 0.009329 0.006640
0 0.219425 0.518726 0.008843 0.006794
0 0.293913 0.524423 0.011328 0.005529
0 0.320589 0.524413 0.011326 0.005531
0 0.213817 0.674706 0.010931 0.006757
0 0.248524 0.700352 0.013607 0.006660
0 0.270187 0.700563 0.018924 0.006740
0 0.491737 0.875933 0.038852 0.013366
0 0.483449 0.889622 0.007433 0.007133