0 0.518808 0.678147 0.013447 0.005992
0 0.562538 0.456135 0.011675 0.006522
0 0.577782 0.679652 0.019123 0.005912
0 0.478106 0.592762 0.021478 0.006454
0 0.407586 0.602214 0.008706 0.006360
0 0.431920 0.480640 0.009331 0.006400
0 0.341113 0.556029 0.008442 0.006556
0 0.618112 0.402556 0.018752 0.006457
0 0.617444 0.480763 0.013348 0.006588
0 0.561994 0.591652 0.011953 0.006434
0 0.483585 0.472034 0.009331 0.006400
0 0.500865 0.898438 0.037779 0.017891
0 0.528373 0.914582 0.009571 0.007266
0 0.450685 0.898627 0.049317 0.019022