0 0.775807 0.568798 0.004538 0.003925
0 0.704882 0.569845 0.005396 0.004005
0 0.703890 0.386306 0.007070 0.003843
0 0.634067 0.517309 0.004572 0.003843
0 0.640603 0.573103 0.004540 0.003925
0 0.640600 0.442127 0.004538 0.003922
0 0.120237 0.423072 0.009871 0.003623
0 0.809831 0.431522 0.002277 0.003751
0 0.805818 0.457223 0.007316 0.004048
0 0.776672 0.412741 0.002452 0.003777
0 0.777896 0.450884 0.005831 0.003940
0 0.810111 0.512215 0.009970 0.003905
0 0.964455 0.751595 0.005674 0.004832
0 0.813696 0.382694 0.002452 0.003774
0 0.704623 0.442909 0.005821 0.003891
0 0.122268 0.587055 0.006917 0.003774
0 0.185493 0.426410 0.005807 0.003743
0 0.185476 0.463416 0.005535 0.003749
0 0.112682 0.472491 0.004542 0.003746
0 0.266567 0.464658 0.004542 0.003746
0 0.226605 0.464099 0.002680 0.010473
0 0.244825 0.472064 0.007348 0.003632
0 0.312015 0.492168 0.005650 0.003583
0 0.311879 0.545426 0.004423 0.003794
0 0.130795 0.522781 0.004350 0.003697
0 0.259781 0.545392 0.004423 0.003794
0 0.143321 0.472152 0.009688 0.003666
0 0.185472 0.545409 0.005198 0.003737
0 0.366510 0.498736 0.002394 0.003760
0 0.423981 0.741926 0.022462 0.008828
0 0.446588 0.741956 0.016754 0.008888
0 0.464492 0.751569 0.005507 0.004649
0 0.276943 0.413489 0.008434 0.003632
0 0.277967 0.386847 0.004199 0.002942
0 0.282947 0.386846 0.004298 0.002774
0 0.241901 0.420556 0.006917 0.003774
0 0.704471 0.483188 0.005730 0.003988
0 0.762578 0.402950 0.002452 0.003774
0 0.771173 0.512680 0.004574 0.003843
0 0.813898 0.457132 0.006901 0.003603
0 0.923542 0.741693 0.022918 0.008803
0 0.946337 0.741753 0.017046 0.008968