0 0.686872 0.488867 0.006925 0.005607
0 0.282506 0.561820 0.006137 0.004444
0 0.299352 0.545009 0.006564 0.004607
0 0.316147 0.592021 0.006102 0.004584
0 0.758435 0.424507 0.013210 0.005678
0 0.687723 0.448861 0.007247 0.005584
0 0.399598 0.542226 0.006334 0.004584
0 0.685682 0.518424 0.007249 0.005587
0 0.726826 0.518349 0.008803 0.005519
0 0.737301 0.500878 0.017094 0.005775
0 0.188979 0.582959 0.006185 0.004607
0 0.769956 0.818744 0.024970 0.011611
0 0.790590 0.546556 0.023599 0.005519
0 0.713725 0.562262 0.011203 0.005562
0 0.722814 0.459232 0.009027 0.005459
0 0.688527 0.413683 0.011205 0.005559
0 0.148725 0.579723 0.006153 0.004561
0 0.353719 0.582970 0.006233 0.004675
0 0.271403 0.508720 0.010347 0.004629
0 0.224741 0.592045 0.006153 0.004678
0 0.243552 0.544997 0.006399 0.004584
0 0.354739 0.527044 0.014593 0.004652
0 0.255388 0.592091 0.006153 0.004632
0 0.285433 0.592075 0.006179 0.004578
0 0.188189 0.527032 0.014508 0.004818
0 0.392138 0.579746 0.006219 0.004561
0 0.258235 0.561796 0.006219 0.004538
0 0.141232 0.542285 0.006233 0.004655
0 0.290147 0.818776 0.024986 0.011696
0 0.783115 0.421274 0.009667 0.005342