0 0.601511 0.405673 0.008511 0.004238
0 0.776412 0.579675 0.008521 0.004246
0 0.850121 0.529766 0.008523 0.004246
0 0.907143 0.587565 0.008523 0.004243
0 0.848352 0.455170 0.008523 0.004246
0 0.513663 0.561301 0.012001 0.004295
0 0.923952 0.461996 0.012087 0.004221
0 0.513917 0.567784 0.018255 0.004095
0 0.665268 0.458465 0.008211 0.004164
0 0.826189 0.408195 0.008852 0.004221
0 0.848363 0.574376 0.008940 0.004221
0 0.685951 0.558440 0.008852 0.004221
0 0.179433 0.580757 0.011975 0.004255
0 0.601059 0.530634 0.007929 0.004238
0 0.568497 0.579657 0.008523 0.004243
0 0.728676 0.461288 0.006935 0.004218
0 0.318047 0.532838 0.011217 0.004292
0 0.353971 0.532578 0.006951 0.004471
0 0.401119 0.532948 0.006945 0.004471
0 0.410037 0.455732 0.006784 0.004221
0 0.179531 0.438729 0.012126 0.004258
0 0.383676 0.462002 0.008195 0.004255
0 0.177858 0.390785 0.008547 0.004221
0 0.328578 0.463510 0.006804 0.004471
0 0.523603 0.514682 0.006790 0.004383
0 0.179324 0.587206 0.018249 0.004295
0 0.332664 0.404618 0.008547 0.004221
0 0.293505 0.582904 0.008690 0.004241
0 0.259166 0.396736 0.008547 0.004221
0 0.274014 0.441359 0.013480 0.004417
0 0.206507 0.438715 0.006917 0.004258
0 0.884522 0.423341 0.006829 0.004238
0 0.807525 0.466278 0.008521 0.004252
0 0.509196 0.452900 0.012081 0.004221
0 0.751542 0.540249 0.006877 0.004437
0 0.800611 0.540269 0.006947 0.004494
0 0.904381 0.527008 0.006841 0.004440
0 0.266629 0.521955 0.007955 0.004275
0 0.607379 0.445100 0.013492 0.004437
0 0.532156 0.461982 0.006778 0.004238
0 0.195429 0.521837 0.006816 0.004454
0 0.063270 0.576624 0.012287 0.004802
0 0.063241 0.582989 0.018672 0.004839
0 0.080860 0.523025 0.007008 0.004848
0 0.064283 0.436533 0.012547 0.004620
0 0.062834 0.390734 0.009170 0.004739
0 0.247856 0.743199 0.024405 0.009424
0 0.272031 0.743052 0.018142 0.009142
0 0.281944 0.753347 0.003965 0.003457
0 0.717751 0.743344 0.024405 0.009424
0 0.741772 0.743166 0.018144 0.009142
0 0.751697 0.753396 0.003965 0.003457