0 0.252433 0.331317 0.017242 0.008438
0 0.334053 0.465386 0.024253 0.008481
0 0.407947 0.622225 0.011441 0.008492
0 0.288535 0.634098 0.011441 0.008492
0 0.288101 0.400110 0.011443 0.008492
0 0.481304 0.484218 0.011441 0.008492
0 0.646873 0.467832 0.011993 0.008863
0 0.287450 0.294644 0.012434 0.009173
0 0.195136 0.336879 0.011481 0.008780
0 0.191770 0.574731 0.017697 0.008714
0 0.784412 0.520204 0.017935 0.008635
0 0.186620 0.421298 0.011443 0.008492
0 0.505805 0.608853 0.011441 0.008492
0 0.453219 0.604106 0.011443 0.008492
0 0.268781 0.466772 0.024489 0.008788
0 0.406998 0.463466 0.017759 0.008712
0 0.739762 0.500197 0.017244 0.008438
0 0.544455 0.456333 0.012291 0.008914
0 0.633778 0.604343 0.011469 0.008435
0 0.195108 0.325171 0.011481 0.008780
0 0.287394 0.282989 0.012434 0.008652
0 0.646744 0.456120 0.011993 0.008398