0 0.520985 0.349387 0.022507 0.008093
0 0.614860 0.509105 0.009571 0.007894
0 0.422446 0.556141 0.009551 0.007808
0 0.448630 0.357780 0.009531 0.007837
0 0.511993 0.522090 0.012372 0.008233
0 0.593905 0.411798 0.009571 0.008093
0 0.636530 0.253334 0.019827 0.008179
0 0.568084 0.298646 0.014427 0.008065
0 0.597119 0.602180 0.014386 0.008065
0 0.335785 0.461955 0.009591 0.008093
0 0.354534 0.556156 0.009571 0.007894
0 0.392918 0.424765 0.011747 0.007865
0 0.637225 0.377586 0.020048 0.008179
0 0.637115 0.428612 0.020230 0.008150
0 0.644761 0.619678 0.020250 0.007780
0 0.307092 0.357780 0.018658 0.007894
0 0.438575 0.422314 0.014447 0.008093
0 0.360289 0.250506 0.009827 0.005571
0 0.410974 0.918713 0.029807 0.013437
0 0.445812 0.918842 0.029807 0.013437
0 0.476609 0.918842 0.022724 0.013437
0 0.480492 0.936633 0.007262 0.007042