0 0.645675 0.716385 0.005382 0.003394
0 0.677479 0.715051 0.005593 0.003366
0 0.177055 0.680667 0.006800 0.003351
0 0.245041 0.646703 0.009591 0.003380
0 0.208978 0.652739 0.005364 0.003494
0 0.202616 0.775523 0.006297 0.003340
0 0.177552 0.639457 0.014181 0.003326
0 0.177592 0.634443 0.009522 0.003323
0 0.227093 0.832646 0.006800 0.003354
0 0.248566 0.703524 0.005374 0.003354
0 0.270421 0.698417 0.005513 0.003394
0 0.783239 0.324007 0.006780 0.003340
0 0.695483 0.213041 0.006488 0.003380
0 0.742892 0.207994 0.010717 0.003568
0 0.355025 0.707874 0.005364 0.003494
0 0.331830 0.790365 0.005396 0.003494
0 0.194734 0.718256 0.005362 0.003494
0 0.306779 0.725115 0.006498 0.003323
0 0.252589 0.790801 0.010627 0.003494
0 0.484023 0.205896 0.009621 0.003397
0 0.493242 0.275506 0.005384 0.003522
0 0.543093 0.304674 0.007012 0.003368
0 0.575697 0.214164 0.006780 0.003380
0 0.810709 0.321847 0.014572 0.003317
0 0.791751 0.198125 0.007012 0.003408
0 0.677965 0.294275 0.006992 0.003368
0 0.568254 0.177112 0.007022 0.003366
0 0.581326 0.284440 0.005404 0.003522
0 0.619664 0.284414 0.005501 0.003522
0 0.800598 0.279478 0.005404 0.003522
0 0.810706 0.326968 0.009492 0.003408
0 0.235747 0.291136 0.010723 0.003497
0 0.160668 0.139600 0.014183 0.003326
0 0.160882 0.134585 0.009520 0.003323
0 0.210791 0.333254 0.006800 0.003351
0 0.231724 0.203695 0.005511 0.003406
0 0.160273 0.180819 0.006800 0.003354
0 0.192112 0.152898 0.005412 0.003494
0 0.253537 0.198602 0.005515 0.003394
0 0.338191 0.210312 0.005525 0.003525
0 0.643316 0.212196 0.005382 0.003366
0 0.746318 0.286318 0.006317 0.003380
0 0.719597 0.674303 0.006911 0.003351
0 0.798259 0.661951 0.006871 0.003394
0 0.810588 0.807136 0.006798 0.003386
0 0.770891 0.762220 0.005384 0.003323
0 0.763498 0.700718 0.005686 0.003311
0 0.811513 0.715879 0.005291 0.003397
0 0.835371 0.694735 0.009621 0.003337
0 0.839534 0.806981 0.009492 0.003354
0 0.839589 0.801562 0.014604 0.003340
0 0.463530 0.662525 0.007008 0.003351
0 0.469470 0.723575 0.009623 0.003337
0 0.511412 0.763450 0.005404 0.003508
0 0.599549 0.781934 0.005404 0.003508
0 0.823808 0.762714 0.005404 0.003508
0 0.638505 0.781917 0.005404 0.003508
0 0.464556 0.788105 0.007008 0.003351
0 0.559955 0.679699 0.007006 0.003349
0 0.559955 0.802012 0.007006 0.003351
0 0.701151 0.794912 0.007076 0.003388
0 0.839408 0.659940 0.007028 0.003351
0 0.508249 0.675702 0.005384 0.003397
0 0.185752 0.275862 0.006297 0.003346
0 0.314984 0.290711 0.005535 0.003531
0 0.177856 0.218391 0.005400 0.003537
0 0.289876 0.225439 0.006498 0.003371
0 0.228172 0.146884 0.009623 0.003445
0 0.791799 0.232659 0.004876 0.003351
0 0.509334 0.181882 0.005402 0.003223
0 0.817584 0.219121 0.009603 0.003394
0 0.302886 0.440060 0.003182 0.002719
0 0.294914 0.431831 0.014314 0.006934
0 0.275736 0.431831 0.018755 0.007122
0 0.675768 0.439810 0.003093 0.002499
0 0.667844 0.431609 0.014523 0.007184
0 0.648764 0.431727 0.018886 0.007107
0 0.302858 0.939607 0.003093 0.002343
0 0.294852 0.931443 0.014467 0.006951
0 0.275689 0.931405 0.018777 0.007028
0 0.654623 0.931537 0.018886 0.007030
0 0.673841 0.931421 0.014469 0.006951
0 0.681654 0.939621 0.003147 0.002422