0 0.254669 0.769500 0.005505 0.003508
0 0.718533 0.768095 0.005384 0.003508
0 0.201111 0.706214 0.006466 0.003343
0 0.355025 0.208017 0.005364 0.003494
0 0.331830 0.290507 0.005396 0.003494
0 0.194734 0.218398 0.005362 0.003494
0 0.306779 0.225258 0.006498 0.003323
0 0.252589 0.290943 0.010627 0.003494
0 0.177055 0.180809 0.006800 0.003351
0 0.245041 0.146845 0.009591 0.003380
0 0.208978 0.152881 0.005364 0.003494
0 0.202616 0.275665 0.006297 0.003340
0 0.575546 0.211329 0.006498 0.003366
0 0.697690 0.292011 0.009476 0.003366
0 0.686819 0.251878 0.005495 0.003494
0 0.545885 0.202779 0.005370 0.003329
0 0.589757 0.271639 0.005394 0.003465
0 0.634833 0.269565 0.006264 0.003394
0 0.554509 0.271646 0.005404 0.003508
0 0.602681 0.209205 0.006925 0.003363
0 0.637132 0.201312 0.010673 0.003485
0 0.675835 0.179507 0.008833 0.003340
0 0.698650 0.192434 0.009365 0.003374
0 0.602559 0.158770 0.006685 0.003423
0 0.671360 0.207347 0.005485 0.003340
0 0.671977 0.297686 0.006855 0.003357
0 0.177552 0.139600 0.014181 0.003326
0 0.177592 0.134585 0.009522 0.003323
0 0.227093 0.332789 0.006800 0.003354
0 0.248566 0.203666 0.005374 0.003354
0 0.270421 0.198559 0.005513 0.003394
0 0.375864 0.807578 0.014521 0.003209
0 0.375769 0.802521 0.009510 0.003411
0 0.293572 0.658213 0.006798 0.003397
0 0.376229 0.686630 0.009597 0.003406
0 0.305770 0.763917 0.006329 0.003394
0 0.248326 0.701623 0.005472 0.003508
0 0.197950 0.668860 0.006772 0.003329
0 0.225571 0.768861 0.008797 0.003337
0 0.193065 0.768810 0.005404 0.003508
0 0.636779 0.712125 0.010629 0.003480
0 0.632999 0.668581 0.006885 0.003386
0 0.683522 0.768093 0.005472 0.003477
0 0.584844 0.752750 0.005376 0.003471
0 0.725664 0.710903 0.005384 0.003340
0 0.589625 0.712304 0.005227 0.003326
0 0.572042 0.704232 0.009508 0.003311
0 0.661977 0.805942 0.006766 0.003351
0 0.697988 0.716584 0.006458 0.003337
0 0.275713 0.431587 0.018664 0.006868
0 0.294856 0.431565 0.014382 0.007005
0 0.302830 0.439769 0.003036 0.002713
0 0.675781 0.439685 0.003034 0.002710
0 0.675796 0.939677 0.003036 0.002710
0 0.302816 0.939637 0.003036 0.002710
0 0.667838 0.431386 0.014382 0.007008
0 0.667992 0.931285 0.014380 0.007005
0 0.294795 0.931701 0.014382 0.007005
0 0.648783 0.431674 0.018662 0.006871
0 0.648629 0.931375 0.018664 0.006871
0 0.275761 0.931589 0.018662 0.006871
0 0.783286 0.192246 0.009365 0.003374
0 0.771297 0.251815 0.005495 0.003494
0 0.781123 0.291882 0.009476 0.003366
0 0.697674 0.296818 0.014449 0.003673
0 0.781198 0.296798 0.014449 0.003673
0 0.364391 0.655654 0.006051 0.003403
0 0.576265 0.797960 0.014493 0.003192
0 0.576286 0.792880 0.009371 0.003292
0 0.637610 0.761771 0.006315 0.003360
0 0.671668 0.717321 0.006923 0.003340
0 0.286747 0.806231 0.006772 0.003331
0 0.220549 0.683351 0.005382 0.003323
0 0.321769 0.709198 0.006992 0.003337
0 0.349371 0.701525 0.005481 0.003363
0 0.294680 0.695073 0.010621 0.003522
0 0.360065 0.755023 0.005402 0.003508