0 0.479502 0.692269 0.043248 0.008096
0 0.149540 0.466036 0.003988 0.005892
0 0.863276 0.430949 0.018029 0.006026
0 0.840900 0.486840 0.009130 0.006177
0 0.662712 0.404418 0.008007 0.006100
0 0.341000 0.486840 0.009130 0.006177
0 0.480403 0.704570 0.007334 0.004299
0 0.162813 0.404418 0.008007 0.006100
0 0.247149 0.441876 0.008567 0.005924
0 0.831069 0.430611 0.013200 0.005898
0 0.631644 0.404463 0.008007 0.006097
0 0.747048 0.441876 0.008567 0.005924
0 0.961642 0.710560 0.013810 0.004695
0 0.363426 0.417457 0.017737 0.005964
0 0.131745 0.404463 0.008007 0.006097
0 0.978832 0.692152 0.036992 0.007862
0 0.649439 0.466036 0.003988 0.005892
0 0.331170 0.430610 0.013200 0.005895
0 0.978709 0.704343 0.007550 0.004695