0 0.301018 0.656536 0.008515 0.004192
0 0.217100 0.805235 0.008404 0.004195
0 0.261862 0.704336 0.013331 0.004346
0 0.559396 0.718716 0.005614 0.004135
0 0.718679 0.690742 0.005612 0.004135
0 0.627839 0.640174 0.008336 0.004132
0 0.719302 0.803381 0.008444 0.004135
0 0.747404 0.801954 0.011854 0.004175
0 0.716024 0.628081 0.011753 0.004175
0 0.669775 0.681976 0.013268 0.004312
0 0.318514 0.702679 0.005640 0.004218
0 0.587056 0.688529 0.006939 0.003990
0 0.205318 0.752486 0.006881 0.004095
0 0.188546 0.805506 0.011930 0.004320
0 0.261745 0.764618 0.006690 0.004203
0 0.193344 0.677810 0.012116 0.004238
0 0.744558 0.664450 0.011956 0.004146
0 0.667753 0.756080 0.006629 0.004141
0 0.609866 0.763887 0.005543 0.004144
0 0.730935 0.744808 0.006855 0.003990
0 0.314635 0.775570 0.005603 0.004272
0 0.356563 0.775561 0.005561 0.004272
0 0.213342 0.696435 0.005640 0.004178
0 0.356646 0.695940 0.007099 0.004124
0 0.320833 0.195688 0.005628 0.004166
0 0.262763 0.201741 0.013292 0.004246
0 0.301956 0.153954 0.008459 0.004192
0 0.218030 0.302686 0.008372 0.004129
0 0.189462 0.302947 0.011848 0.004144
0 0.206225 0.249902 0.006833 0.003970
0 0.262672 0.262049 0.006649 0.004149
0 0.341982 0.265040 0.005535 0.004192
0 0.357590 0.193361 0.007040 0.004021
0 0.220546 0.147392 0.011735 0.004149
0 0.194170 0.169981 0.012063 0.004146
0 0.599879 0.134409 0.005674 0.004218
0 0.599747 0.366349 0.008517 0.004195
0 0.688031 0.212350 0.008471 0.004198
0 0.593457 0.068575 0.011809 0.004201
0 0.648414 0.160235 0.005569 0.004243
0 0.652651 0.093574 0.005595 0.004246
0 0.599249 0.187415 0.007099 0.004109
0 0.572383 0.231217 0.012063 0.004246
0 0.594027 0.249979 0.005672 0.004226
0 0.658934 0.255037 0.013298 0.004420
0 0.661611 0.333927 0.006696 0.004189
0 0.580117 0.316270 0.006798 0.004041
0 0.569531 0.368168 0.011888 0.004246
0 0.214268 0.193840 0.005626 0.004135
0 0.563161 0.763901 0.005545 0.004144
0 0.219605 0.649970 0.011832 0.004209
0 0.794714 0.660826 0.020232 0.005888
0 0.835901 0.767820 0.020232 0.005888
0 0.303544 0.429276 0.021926 0.008247
0 0.325889 0.429356 0.016730 0.008247
0 0.326628 0.437848 0.004814 0.003870
0 0.776673 0.429453 0.021926 0.008247
0 0.800251 0.437783 0.004415 0.003545
0 0.799071 0.429397 0.016768 0.008245
0 0.676450 0.929196 0.021926 0.008247
0 0.699636 0.937593 0.004475 0.003411
0 0.698920 0.929239 0.016466 0.008150
0 0.303218 0.929142 0.021926 0.008247
0 0.326558 0.937660 0.004592 0.003676
0 0.325351 0.929142 0.016677 0.008247