0 0.396873 0.439269 0.015841 0.005651
0 0.310111 0.492568 0.011558 0.005654
0 0.249430 0.618854 0.007532 0.005580
0 0.277620 0.525687 0.008056 0.005680
0 0.300641 0.618870 0.007495 0.005645
0 0.359220 0.619024 0.008974 0.005566
0 0.426210 0.611121 0.007504 0.005634
0 0.315579 0.539752 0.011811 0.005620
0 0.245201 0.547995 0.007626 0.005651
0 0.422357 0.537459 0.007588 0.005617
0 0.229561 0.381969 0.014052 0.005740
0 0.711273 0.487220 0.008003 0.005617
0 0.360971 0.529152 0.018146 0.005811
0 0.738700 0.656254 0.007524 0.005617
0 0.764245 0.358866 0.014072 0.005774
0 0.812690 0.290192 0.014100 0.005714
0 0.690477 0.402233 0.007594 0.005571
0 0.642723 0.408024 0.007473 0.005651
0 0.642718 0.482740 0.007508 0.005600
0 0.730431 0.582717 0.007600 0.005634
0 0.754383 0.568061 0.016045 0.005617
0 0.656259 0.544516 0.018132 0.005742
0 0.622996 0.636894 0.011545 0.005597
0 0.672509 0.656394 0.009103 0.005588
0 0.445695 0.501153 0.016073 0.005617
0 0.408609 0.483609 0.015356 0.004221
0 0.333667 0.763599 0.021209 0.014089
0 0.306351 0.763599 0.029567 0.014089
0 0.798803 0.359467 0.008612 0.004565
0 0.798602 0.421341 0.007846 0.004317
0 0.872868 0.741040 0.020087 0.014836
0 0.847335 0.741546 0.027453 0.013887
0 0.012818 0.325858 0.011096 0.006153
0 0.012781 0.407566 0.010989 0.005671
0 0.013209 0.515286 0.010987 0.005671
0 0.012484 0.608453 0.010989 0.005671
0 0.036581 0.704962 0.010989 0.005671
0 0.005627 0.705167 0.007002 0.005854
0 0.019962 0.705150 0.018509 0.006230
0 0.092291 0.710774 0.011791 0.007578
0 0.259485 0.337090 0.006921 0.003448
0 0.356034 0.313682 0.011096 0.006150
0 0.419589 0.313575 0.011098 0.006153
0 0.482508 0.325854 0.011096 0.006150
0 0.482330 0.407750 0.011096 0.006153
0 0.482713 0.500750 0.011096 0.006150
0 0.482006 0.608304 0.011096 0.006150
0 0.506136 0.704973 0.010858 0.005956
0 0.475374 0.705105 0.006859 0.006090
0 0.489640 0.705202 0.018422 0.006090
0 0.616180 0.730614 0.015841 0.005651
0 0.616176 0.739476 0.015563 0.003864
0 0.932141 0.407018 0.011096 0.006153
0 0.932731 0.515265 0.011096 0.006153
0 0.941460 0.643153 0.013272 0.008079
0 0.957034 0.642982 0.012871 0.007623
0 0.970364 0.642985 0.008779 0.007623