0 0.245041 0.646703 0.009591 0.003380
0 0.208978 0.652739 0.005364 0.003494
0 0.314984 0.290711 0.005535 0.003531
0 0.177856 0.218391 0.005400 0.003537
0 0.289876 0.225439 0.006498 0.003371
0 0.228172 0.146884 0.009623 0.003445
0 0.235747 0.291136 0.010723 0.003497
0 0.160668 0.139600 0.014183 0.003326
0 0.160882 0.134585 0.009520 0.003323
0 0.210791 0.333254 0.006800 0.003351
0 0.231724 0.203695 0.005511 0.003406
0 0.160273 0.180819 0.006800 0.003354
0 0.582427 0.276207 0.005370 0.003539
0 0.631113 0.201727 0.008755 0.003334
0 0.615242 0.276208 0.005370 0.003520
0 0.665271 0.199490 0.010586 0.003522
0 0.662606 0.261104 0.006305 0.003400
0 0.727343 0.192924 0.009617 0.003357
0 0.798259 0.661951 0.006871 0.003394
0 0.810588 0.807136 0.006798 0.003386
0 0.770891 0.762220 0.005384 0.003323
0 0.763498 0.700718 0.005686 0.003311
0 0.811513 0.715879 0.005291 0.003397
0 0.835371 0.694735 0.009621 0.003337
0 0.839534 0.806981 0.009492 0.003354
0 0.839589 0.801562 0.014604 0.003340
0 0.463530 0.662525 0.007008 0.003351
0 0.469470 0.723575 0.009623 0.003337
0 0.511412 0.763450 0.005404 0.003508
0 0.599549 0.781934 0.005404 0.003508
0 0.823808 0.762714 0.005404 0.003508
0 0.638505 0.781917 0.005404 0.003508
0 0.464556 0.788105 0.007008 0.003351
0 0.559955 0.679699 0.007006 0.003349
0 0.559955 0.802012 0.007006 0.003351
0 0.701151 0.794912 0.007076 0.003388
0 0.839408 0.659940 0.007028 0.003351
0 0.508249 0.675702 0.005384 0.003397
0 0.645675 0.716385 0.005382 0.003394
0 0.677479 0.715051 0.005593 0.003366
0 0.177055 0.680667 0.006800 0.003351
0 0.699091 0.296793 0.006822 0.003360
0 0.714633 0.250370 0.005475 0.003517
0 0.690641 0.164325 0.006923 0.003337
0 0.192112 0.152898 0.005412 0.003494
0 0.253537 0.198602 0.005515 0.003394
0 0.338191 0.210312 0.005525 0.003525
0 0.185752 0.275862 0.006297 0.003346
0 0.606677 0.183115 0.005472 0.003346
0 0.586499 0.208534 0.006442 0.003360
0 0.707044 0.199882 0.005400 0.003326
0 0.725721 0.295318 0.014445 0.003351
0 0.725576 0.290319 0.009460 0.003408
0 0.202616 0.775523 0.006297 0.003340
0 0.177552 0.639457 0.014181 0.003326
0 0.177592 0.634443 0.009522 0.003323
0 0.227093 0.832646 0.006800 0.003354
0 0.248566 0.703524 0.005374 0.003354
0 0.270421 0.698417 0.005513 0.003394
0 0.355025 0.707874 0.005364 0.003494
0 0.331830 0.790365 0.005396 0.003494
0 0.194734 0.718256 0.005362 0.003494
0 0.306779 0.725115 0.006498 0.003323
0 0.252589 0.790801 0.010627 0.003494
0 0.719597 0.674303 0.006911 0.003351
0 0.654626 0.931509 0.018860 0.006899
0 0.673820 0.931509 0.014362 0.006899
0 0.681654 0.939714 0.002930 0.002625
0 0.275712 0.431887 0.018791 0.006936
0 0.294848 0.431860 0.014419 0.007002
0 0.302806 0.439915 0.003028 0.002286
0 0.675791 0.439803 0.003030 0.002439
0 0.667929 0.431586 0.014382 0.006945
0 0.648677 0.431613 0.018676 0.006999
0 0.302815 0.939628 0.003018 0.002750
0 0.294894 0.931421 0.014390 0.006934
0 0.275745 0.931523 0.018686 0.006894