0 0.540138 0.721830 0.022010 0.010646
0 0.472553 0.467542 0.034949 0.010842
0 0.452467 0.619260 0.025816 0.010774
0 0.415057 0.466898 0.017503 0.010795
0 0.345459 0.637339 0.017231 0.010992
0 0.371286 0.490757 0.026551 0.010278
0 0.565901 0.438506 0.017231 0.010992
0 0.559081 0.619416 0.017231 0.010992
0 0.421428 0.354921 0.022010 0.010646
0 0.592237 0.351655 0.028507 0.010774
0 0.575852 0.541550 0.017503 0.010795
0 0.441474 0.915748 0.060940 0.021227
0 0.505266 0.915678 0.047231 0.020239