0 0.735543 0.209279 0.007113 0.004075
0 0.636320 0.276130 0.006675 0.004229
0 0.739411 0.283968 0.005591 0.004238
0 0.692277 0.283950 0.005585 0.004235
0 0.627027 0.208165 0.013224 0.004320
0 0.556719 0.322575 0.011773 0.004243
0 0.579846 0.215370 0.005624 0.004346
0 0.337621 0.265073 0.005567 0.004212
0 0.585316 0.156775 0.011793 0.004238
0 0.317594 0.200264 0.005698 0.004249
0 0.193303 0.177240 0.012027 0.004198
0 0.204326 0.249912 0.006891 0.004075
0 0.260763 0.262069 0.006667 0.004195
0 0.260825 0.201736 0.013329 0.004372
0 0.355659 0.193381 0.007074 0.004055
0 0.212354 0.193889 0.005684 0.004192
0 0.190049 0.146300 0.008485 0.004181
0 0.255088 0.140452 0.008414 0.004181
0 0.260906 0.302992 0.008396 0.004184
0 0.187534 0.302960 0.011916 0.004238
0 0.218635 0.147442 0.011817 0.004198
0 0.320833 0.695546 0.005628 0.004166
0 0.262763 0.701599 0.013292 0.004246
0 0.301956 0.653812 0.008459 0.004192
0 0.558985 0.194715 0.012116 0.004238
0 0.218030 0.802543 0.008372 0.004129
0 0.189462 0.802804 0.011848 0.004144
0 0.206225 0.749759 0.006833 0.003970
0 0.262672 0.761907 0.006649 0.004149
0 0.341982 0.764897 0.005535 0.004192
0 0.357590 0.693219 0.007040 0.004021
0 0.220546 0.647250 0.011735 0.004149
0 0.194170 0.669839 0.012063 0.004146
0 0.721381 0.656929 0.005636 0.004146
0 0.612557 0.813814 0.006960 0.004260
0 0.683509 0.657479 0.005636 0.004146
0 0.638049 0.648974 0.013409 0.004429
0 0.608145 0.605714 0.008549 0.004263
0 0.574450 0.604997 0.011854 0.004283
0 0.659233 0.734548 0.005612 0.004315
0 0.693614 0.734967 0.006929 0.004275
0 0.653084 0.792506 0.012063 0.004295
0 0.605261 0.757854 0.008870 0.004320
0 0.597718 0.683290 0.006732 0.004295
0 0.573794 0.843088 0.011775 0.004295
0 0.572395 0.804981 0.008582 0.004366
0 0.651795 0.824772 0.005638 0.004317
0 0.214268 0.693698 0.005626 0.004135
0 0.697275 0.213051 0.005716 0.004243
0 0.634634 0.329560 0.008414 0.004192
0 0.572928 0.272525 0.006923 0.004075
0 0.621677 0.162623 0.008416 0.004192
0 0.290117 0.429332 0.021632 0.008051
0 0.312389 0.429260 0.016810 0.008051
0 0.313242 0.437865 0.004546 0.003893
0 0.663037 0.429175 0.021630 0.008051
0 0.685398 0.429349 0.016671 0.008051
0 0.686203 0.438041 0.004624 0.003827
0 0.674844 0.944584 0.021781 0.008051
0 0.697150 0.944729 0.016822 0.008051
0 0.303509 0.929165 0.021836 0.008054
0 0.325838 0.929238 0.016710 0.008051
0 0.326568 0.937696 0.004612 0.003890