0 0.327240 0.812985 0.020536 0.010319
0 0.309625 0.596479 0.013646 0.010405
0 0.594977 0.542577 0.013646 0.010405
0 0.572293 0.712042 0.013306 0.010237
0 0.328678 0.712848 0.013646 0.010405
0 0.766429 0.919468 0.028129 0.012654
0 0.532497 0.535892 0.013646 0.010405
0 0.592165 0.622798 0.028389 0.010362
0 0.353253 0.556743 0.014175 0.010459
0 0.728669 0.919436 0.036656 0.012930
0 0.283209 0.433025 0.024108 0.010918
0 0.446415 0.533713 0.031665 0.010505
0 0.463029 0.478127 0.020534 0.010319
0 0.449061 0.693389 0.013646 0.010405
0 0.338155 0.340202 0.016777 0.008592
0 0.771174 0.934561 0.009355 0.007731
0 0.426283 0.869082 0.014549 0.008113