0 0.282622 0.529475 0.006211 0.004823
0 0.177959 0.564312 0.006254 0.004666
0 0.256413 0.567735 0.006256 0.004666
0 0.284282 0.567591 0.006254 0.004664
0 0.362657 0.564297 0.006254 0.004661
0 0.785774 0.588364 0.006602 0.004544
0 0.856621 0.588438 0.006274 0.004823
0 0.682914 0.549617 0.014659 0.004649
0 0.243775 0.513549 0.006514 0.004652
0 0.213367 0.516213 0.006399 0.004723
0 0.222792 0.564323 0.006141 0.004906
0 0.168199 0.526220 0.005963 0.004829
0 0.822457 0.549699 0.014659 0.004649
0 0.731808 0.420633 0.014659 0.004647
0 0.719686 0.588270 0.006602 0.004544
0 0.752385 0.586635 0.010312 0.004889
0 0.770004 0.818649 0.024970 0.011773
0 0.650953 0.612433 0.006272 0.004632
0 0.712577 0.614450 0.006270 0.004721
0 0.650778 0.549218 0.006272 0.004632
0 0.720800 0.477588 0.006272 0.004635
0 0.774826 0.375446 0.006270 0.004632
0 0.780427 0.481535 0.006272 0.004632
0 0.790889 0.614478 0.006272 0.004635
0 0.852542 0.612547 0.006270 0.004632
0 0.852712 0.549066 0.006197 0.004632
0 0.683482 0.612413 0.006272 0.004695
0 0.821878 0.612309 0.006272 0.004698
0 0.776515 0.431487 0.006274 0.004695
0 0.745669 0.386542 0.006272 0.004823
0 0.744062 0.478647 0.006270 0.004826
0 0.707384 0.571499 0.006272 0.004823
0 0.646712 0.588472 0.006270 0.004823
0 0.796014 0.571298 0.006272 0.004820
0 0.329687 0.516025 0.006399 0.004723
0 0.353407 0.482526 0.006254 0.004664
0 0.319913 0.564468 0.006397 0.004917
0 0.322812 0.484996 0.006632 0.004615
0 0.313356 0.818508 0.024958 0.011565
0 0.299135 0.513509 0.006514 0.004652
0 0.258156 0.529401 0.006211 0.004823
0 0.372547 0.526297 0.006211 0.004823
0 0.187457 0.482506 0.006252 0.004664
0 0.219978 0.485038 0.006634 0.004615
0 0.271065 0.480926 0.010365 0.004652