0 0.453258 0.721187 0.029974 0.018173
0 0.594091 0.244024 0.029972 0.018173
0 0.346335 0.260073 0.029974 0.018173
0 0.329146 0.344594 0.019879 0.017164
0 0.471839 0.551022 0.021408 0.020596
0 0.329103 0.585925 0.019879 0.017164
0 0.593694 0.586313 0.019881 0.017164
0 0.593967 0.325114 0.019879 0.017166
0 0.491575 0.276326 0.019027 0.015262
0 0.374160 0.811076 0.016500 0.014353
0 0.428339 0.811026 0.016500 0.014356
0 0.477535 0.811105 0.016887 0.014353
0 0.536344 0.811183 0.025479 0.014350
0 0.593731 0.811026 0.025479 0.014350
0 0.490906 0.259279 0.032059 0.015262