0 0.593302 0.552856 0.018521 0.015867
0 0.560036 0.395810 0.018521 0.015867
0 0.487403 0.315567 0.025742 0.014544
0 0.526984 0.653136 0.025742 0.014544
0 0.399094 0.375847 0.017060 0.014122
0 0.477432 0.392144 0.037806 0.015747
0 0.393605 0.542677 0.018521 0.015867
0 0.392712 0.629997 0.025742 0.014544
0 0.488222 0.538398 0.016822 0.014544
0 0.614349 0.466298 0.018148 0.028703
0 0.375248 0.759363 0.013905 0.011462
0 0.416962 0.759361 0.014104 0.012030
0 0.458626 0.759504 0.014004 0.011745
0 0.508441 0.759433 0.021606 0.011887
0 0.553555 0.759361 0.014405 0.012030
0 0.599871 0.759292 0.014004 0.012169