0 0.615555 0.261301 0.023786 0.010100
0 0.541449 0.734832 0.019428 0.010365
0 0.640558 0.734949 0.019053 0.010416
0 0.709307 0.734769 0.023362 0.010143
0 0.427119 0.483464 0.022626 0.010319
0 0.551433 0.261499 0.015110 0.010684
0 0.692862 0.261140 0.030454 0.010376
0 0.125430 0.448438 0.040210 0.010308
0 0.115127 0.472115 0.019373 0.008848
0 0.169458 0.471940 0.019278 0.008287
0 0.113946 0.556970 0.014761 0.010462
0 0.114108 0.576524 0.019274 0.008640
0 0.167575 0.576669 0.005709 0.008521
0 0.847736 0.896096 0.064898 0.017728
0 0.856458 0.913578 0.012139 0.009105
0 0.862823 0.973295 0.022590 0.015154
0 0.895605 0.973022 0.034027 0.015074
0 0.503907 0.260911 0.030685 0.010362