0 0.616510 0.648708 0.014745 0.008239
0 0.678276 0.648708 0.021062 0.007885
0 0.571445 0.459303 0.014145 0.007885
0 0.583317 0.369769 0.014745 0.008236
0 0.445488 0.590968 0.014626 0.007543
0 0.364056 0.487045 0.009664 0.007712
0 0.374092 0.590789 0.010409 0.008413
0 0.622090 0.460061 0.019619 0.008233
0 0.418425 0.449929 0.010012 0.007011
0 0.533247 0.590198 0.010778 0.007578
0 0.658940 0.443561 0.010002 0.007954
0 0.459421 0.859080 0.030222 0.014072
0 0.490335 0.859128 0.023560 0.014072
0 0.505559 0.872901 0.007661 0.007176
0 0.637958 0.557489 0.010161 0.007392
0 0.661848 0.337008 0.019807 0.008236
0 0.513970 0.385802 0.021626 0.008236