0 0.434058 0.503123 0.025753 0.007933
0 0.346847 0.493036 0.011220 0.007691
0 0.343041 0.547604 0.021417 0.007694
0 0.529836 0.530677 0.020966 0.007814
0 0.496830 0.494367 0.010056 0.007714
0 0.558662 0.400966 0.006374 0.008415
0 0.501364 0.357044 0.016289 0.008113
0 0.436236 0.881608 0.042223 0.017452
0 0.475860 0.881968 0.030087 0.018173
0 0.519530 0.605610 0.011220 0.007691
0 0.537752 0.708119 0.012106 0.006608
0 0.577606 0.708304 0.012108 0.006608
0 0.437686 0.618398 0.013360 0.007788
0 0.343001 0.624303 0.011220 0.007694
0 0.600355 0.337757 0.006680 0.005849
0 0.603692 0.346304 0.006053 0.005847
0 0.613717 0.337757 0.016065 0.005849
0 0.609141 0.353278 0.009776 0.005849