0 0.248638 0.662481 0.008414 0.004192
0 0.199887 0.772382 0.006923 0.004075
0 0.362503 0.709137 0.007113 0.004075
0 0.263279 0.775987 0.006675 0.004229
0 0.366370 0.783826 0.005591 0.004238
0 0.319236 0.783807 0.005585 0.004235
0 0.253988 0.708022 0.013222 0.004320
0 0.183678 0.822432 0.011773 0.004243
0 0.206805 0.715228 0.005624 0.004346
0 0.212276 0.656633 0.011793 0.004238
0 0.707127 0.656921 0.005646 0.004175
0 0.669243 0.657481 0.005644 0.004178
0 0.598340 0.813817 0.006851 0.004260
0 0.623876 0.648977 0.013308 0.004406
0 0.691309 0.619481 0.008565 0.004298
0 0.679408 0.734986 0.007060 0.004249
0 0.637536 0.824759 0.005654 0.004303
0 0.583458 0.683289 0.006919 0.004155
0 0.645003 0.734563 0.005747 0.004246
0 0.559135 0.762548 0.008549 0.004229
0 0.591112 0.757858 0.008858 0.004289
0 0.540147 0.692642 0.008575 0.004263
0 0.593999 0.605715 0.008521 0.004243
0 0.560184 0.605007 0.011870 0.004258
0 0.559595 0.843093 0.011823 0.004278
0 0.638929 0.792509 0.012063 0.004232
0 0.185945 0.694573 0.012116 0.004238
0 0.324234 0.712908 0.005716 0.004243
0 0.261594 0.829417 0.008414 0.004192
0 0.214268 0.193840 0.005626 0.004135
0 0.557316 0.169232 0.008346 0.004175
0 0.607595 0.302144 0.008449 0.004175
0 0.580019 0.308917 0.011749 0.004121
0 0.591727 0.237321 0.006637 0.004109
0 0.595450 0.145067 0.006810 0.004007
0 0.639998 0.130097 0.011944 0.004178
0 0.637224 0.157633 0.005636 0.004135
0 0.733763 0.196871 0.005636 0.004155
0 0.689050 0.172334 0.007014 0.004007
0 0.636909 0.238836 0.013294 0.004317
0 0.682474 0.243427 0.005529 0.004135
0 0.729580 0.243438 0.005567 0.004135
0 0.303465 0.429263 0.021876 0.008028
0 0.325801 0.429275 0.016744 0.008028
0 0.326590 0.437853 0.004608 0.003805
0 0.676098 0.429232 0.021771 0.008028
0 0.698310 0.429374 0.016557 0.008028
0 0.699551 0.437734 0.004646 0.003642
0 0.661353 0.944652 0.021876 0.008028
0 0.683681 0.944655 0.016559 0.008028
0 0.290086 0.929152 0.021682 0.008028
0 0.312532 0.929189 0.016565 0.008028
0 0.313314 0.937669 0.004523 0.003488
0 0.220546 0.147392 0.011735 0.004149
0 0.357590 0.193361 0.007040 0.004021
0 0.341982 0.265040 0.005535 0.004192
0 0.262672 0.262049 0.006649 0.004149
0 0.206225 0.249902 0.006833 0.003970
0 0.189462 0.302947 0.011848 0.004144
0 0.218030 0.302686 0.008372 0.004129
0 0.301956 0.153954 0.008459 0.004192
0 0.262763 0.201741 0.013292 0.004246
0 0.320833 0.195688 0.005628 0.004166
0 0.558638 0.127219 0.011751 0.004166
0 0.194170 0.169981 0.012063 0.004146