0 0.507461 0.620323 0.015059 0.005805
0 0.519816 0.736479 0.007086 0.006170
0 0.703007 0.665276 0.008170 0.005383
0 0.625263 0.677538 0.008551 0.004970
0 0.513506 0.791409 0.010667 0.004870
0 0.543955 0.791764 0.014286 0.005301
0 0.534671 0.624691 0.011094 0.005506
0 0.510323 0.663866 0.014493 0.005412
0 0.589115 0.736264 0.008753 0.005101
0 0.575218 0.669014 0.019180 0.006002
0 0.656648 0.667622 0.008170 0.005383
0 0.645709 0.754953 0.007086 0.006173
0 0.690024 0.755215 0.007088 0.006173
0 0.206475 0.663706 0.014493 0.005412
0 0.203605 0.620201 0.015059 0.005805
0 0.230679 0.624830 0.011094 0.005506
0 0.209730 0.791392 0.010723 0.005417
0 0.240032 0.791978 0.014286 0.005301
0 0.220394 0.736862 0.007260 0.005671
0 0.341730 0.755033 0.006647 0.005295
0 0.386048 0.755044 0.006913 0.005785
0 0.285456 0.736831 0.008753 0.005101
0 0.532418 0.675211 0.008551 0.004967
0 0.393943 0.701928 0.008551 0.004967
0 0.226223 0.675319 0.008549 0.004967
0 0.372807 0.674682 0.008168 0.005380
0 0.271356 0.668718 0.019182 0.006002
0 0.213518 0.285888 0.010723 0.005420
0 0.243723 0.286683 0.014284 0.005301
0 0.225123 0.237244 0.007260 0.005671
0 0.339665 0.244631 0.007260 0.005671
0 0.384857 0.244035 0.007260 0.005671
0 0.288965 0.247016 0.008755 0.005101
0 0.212623 0.183189 0.014495 0.005409
0 0.236235 0.172310 0.008549 0.004967
0 0.392612 0.196597 0.008549 0.004970
0 0.283662 0.178689 0.019180 0.006002
0 0.370942 0.172581 0.008170 0.005383
0 0.335666 0.115516 0.015059 0.005805
0 0.573278 0.112917 0.015059 0.005805
0 0.574072 0.154682 0.010723 0.005420
0 0.642293 0.267685 0.010723 0.005417
0 0.601230 0.212214 0.008755 0.005101
0 0.653456 0.210889 0.019182 0.006002
0 0.755015 0.232231 0.007262 0.005671
0 0.709046 0.232174 0.007260 0.005671
0 0.763661 0.180057 0.008551 0.004970
0 0.689742 0.119155 0.008168 0.005383
0 0.649620 0.119262 0.014493 0.005409
0 0.609449 0.125876 0.007260 0.005671
0 0.632897 0.907288 0.005025 0.003662
0 0.618727 0.899816 0.024961 0.009202
0 0.641970 0.899947 0.019587 0.009202
0 0.312861 0.899608 0.024961 0.009202
0 0.312128 0.386452 0.024961 0.009205
0 0.684034 0.386579 0.024961 0.009202
0 0.336211 0.899819 0.019587 0.009202
0 0.337989 0.386406 0.019589 0.009062
0 0.708394 0.386579 0.019589 0.009202
0 0.327175 0.907192 0.005025 0.003662
0 0.330741 0.393805 0.005025 0.003659
0 0.655817 0.155030 0.008551 0.004970