0 0.556719 0.322575 0.011773 0.004243
0 0.627027 0.208165 0.013224 0.004320
0 0.692277 0.283950 0.005585 0.004235
0 0.739411 0.283968 0.005591 0.004238
0 0.636320 0.276130 0.006675 0.004229
0 0.735543 0.209279 0.007113 0.004075
0 0.621677 0.162623 0.008416 0.004192
0 0.572928 0.272525 0.006923 0.004075
0 0.219923 0.687868 0.006980 0.004075
0 0.697275 0.213051 0.005716 0.004243
0 0.558985 0.194715 0.012116 0.004238
0 0.355659 0.193381 0.007074 0.004055
0 0.218635 0.147442 0.011817 0.004198
0 0.187534 0.302960 0.011916 0.004238
0 0.260906 0.302992 0.008396 0.004184
0 0.255088 0.140452 0.008414 0.004181
0 0.190049 0.146300 0.008485 0.004181
0 0.212354 0.193889 0.005684 0.004192
0 0.260825 0.201736 0.013329 0.004372
0 0.260763 0.262069 0.006667 0.004195
0 0.204326 0.249912 0.006891 0.004075
0 0.193303 0.177240 0.012027 0.004198
0 0.317594 0.200264 0.005698 0.004249
0 0.337621 0.265073 0.005567 0.004212
0 0.634634 0.329560 0.008414 0.004192
0 0.199941 0.811858 0.006768 0.004098
0 0.194275 0.731106 0.012079 0.004172
0 0.192616 0.865494 0.011801 0.004172
0 0.215609 0.568611 0.011789 0.004192
0 0.273604 0.870455 0.008461 0.004141
0 0.263650 0.750797 0.013321 0.004346
0 0.262260 0.565469 0.008461 0.004144
0 0.599879 0.634266 0.005674 0.004218
0 0.599747 0.866207 0.008517 0.004195
0 0.688031 0.712207 0.008471 0.004198
0 0.593457 0.568433 0.011809 0.004201
0 0.648414 0.660093 0.005569 0.004243
0 0.652651 0.593431 0.005595 0.004246
0 0.599249 0.687273 0.007099 0.004109
0 0.572383 0.731074 0.012063 0.004246
0 0.594027 0.749836 0.005672 0.004226
0 0.658934 0.754895 0.013298 0.004420
0 0.661611 0.833785 0.006696 0.004189
0 0.580117 0.816127 0.006798 0.004041
0 0.569531 0.868025 0.011888 0.004246
0 0.264061 0.822008 0.006679 0.004192
0 0.216879 0.750533 0.005734 0.004206
0 0.224908 0.630081 0.005666 0.004203
0 0.273953 0.655806 0.005610 0.004158
0 0.273955 0.598568 0.005610 0.004158
0 0.585316 0.156775 0.011793 0.004238
0 0.579846 0.215370 0.005624 0.004346
0 0.290057 0.429286 0.021699 0.008017
0 0.312381 0.429376 0.016585 0.008333
0 0.313334 0.437757 0.004644 0.003539
0 0.663103 0.429285 0.021701 0.008019
0 0.685423 0.429340 0.016621 0.008347
0 0.686280 0.437742 0.004550 0.003685
0 0.776707 0.929176 0.021699 0.008019
0 0.799056 0.929138 0.016597 0.008017
0 0.800252 0.937700 0.004413 0.003767
0 0.390327 0.929171 0.021699 0.008019
0 0.412713 0.929171 0.016444 0.008019
0 0.413908 0.937737 0.004584 0.003465