0 0.454272 0.341035 0.011810 0.008808
0 0.542854 0.342590 0.028311 0.008965
0 0.633639 0.286699 0.024553 0.009042
0 0.405226 0.358094 0.014780 0.008606
0 0.639628 0.374832 0.025451 0.008620
0 0.637541 0.438295 0.012068 0.008928
0 0.674678 0.437799 0.025413 0.009008
0 0.680554 0.262705 0.025006 0.008894
0 0.520107 0.828435 0.040117 0.014287
0 0.647320 0.520952 0.011810 0.008894
0 0.363162 0.535128 0.011790 0.008922
0 0.436243 0.535247 0.011689 0.009034
0 0.531818 0.517372 0.014123 0.008757
0 0.346262 0.396595 0.011894 0.008863
0 0.561417 0.828328 0.030500 0.014284