0 0.489050 0.300133 0.012201 0.009199
0 0.460862 0.546442 0.012201 0.009054
0 0.477519 0.476039 0.018234 0.009438
0 0.465567 0.404400 0.012546 0.008925
0 0.428362 0.561415 0.025739 0.009216
0 0.371871 0.393884 0.023467 0.008937
0 0.543294 0.644513 0.012098 0.009458
0 0.618872 0.675252 0.024908 0.009758
0 0.471695 0.348653 0.012546 0.008925
0 0.414199 0.730108 0.018512 0.009515
0 0.560639 0.339588 0.025507 0.009336
0 0.434223 0.630118 0.011812 0.009256
0 0.556373 0.426417 0.011814 0.009259
0 0.601231 0.528368 0.028730 0.009535
0 0.614131 0.619557 0.018514 0.008948
0 0.577587 0.901769 0.046708 0.022791
0 0.514334 0.901940 0.061399 0.023076