0 0.203282 0.478652 0.009579 0.007235
0 0.747127 0.407751 0.012211 0.007161
0 0.221532 0.417499 0.020846 0.008002
0 0.814657 0.365919 0.009766 0.007232
0 0.680070 0.398119 0.016334 0.007548
0 0.744768 0.565949 0.009766 0.007212
0 0.257124 0.415834 0.022318 0.007015
0 0.373623 0.442861 0.016306 0.007916
0 0.766153 0.355623 0.016526 0.007426
0 0.805627 0.566150 0.011653 0.007226
0 0.311998 0.450365 0.012465 0.007127
0 0.814053 0.463374 0.023160 0.007232
0 0.202603 0.530044 0.009764 0.006445
0 0.200495 0.589822 0.009373 0.007107
0 0.278062 0.569860 0.011469 0.007343
0 0.337190 0.565070 0.009764 0.008025
0 0.334121 0.503793 0.010064 0.007078
0 0.272057 0.802788 0.033089 0.011727
0 0.305937 0.802767 0.024567 0.011839
0 0.752066 0.803013 0.032830 0.011950
0 0.785834 0.802986 0.025042 0.011759
0 0.685518 0.565951 0.009766 0.007158
0 0.675349 0.486633 0.009855 0.007338
0 0.719663 0.478741 0.009855 0.007238