0 0.699168 0.508433 0.005428 0.004337
0 0.226073 0.669624 0.008866 0.006435
0 0.339646 0.649994 0.016738 0.006435
0 0.240205 0.770288 0.015178 0.009154
0 0.259889 0.770309 0.019815 0.009453
0 0.279851 0.770266 0.014991 0.009025
0 0.729333 0.770264 0.019815 0.009453
0 0.749531 0.770185 0.014991 0.009023
0 0.178201 0.629042 0.010957 0.006321
0 0.237599 0.553049 0.006002 0.004816
0 0.238119 0.406030 0.011290 0.004696
0 0.152056 0.477813 0.004818 0.004471
0 0.165600 0.403739 0.010367 0.004719
0 0.612873 0.441153 0.004751 0.004620
0 0.148206 0.621972 0.015009 0.006213
0 0.291822 0.432529 0.007570 0.004705
0 0.345826 0.572197 0.005535 0.004583
0 0.299354 0.572085 0.005571 0.004642
0 0.327637 0.473608 0.005940 0.004736
0 0.781874 0.448629 0.006029 0.004537
0 0.749934 0.448852 0.007568 0.004662
0 0.749905 0.405432 0.007665 0.004696
0 0.752921 0.345006 0.009895 0.004545
0 0.355812 0.514573 0.004878 0.004711
0 0.699103 0.405465 0.011384 0.004745
0 0.642740 0.405358 0.010268 0.004617
0 0.641105 0.584497 0.010999 0.006441
0 0.611205 0.577172 0.014874 0.006153
0 0.786722 0.608458 0.011042 0.006338
0 0.827912 0.401418 0.009138 0.005258
0 0.626715 0.508310 0.005430 0.004651
0 0.808653 0.523414 0.005664 0.004981
0 0.762227 0.523331 0.005547 0.004634
0 0.816098 0.473454 0.004874 0.004531
0 0.295576 0.378931 0.009936 0.004748
0 0.163874 0.553044 0.005644 0.004577