0 0.555254 0.643407 0.012684 0.005606
0 0.102116 0.587076 0.006480 0.005677
0 0.329340 0.597952 0.006147 0.005606
0 0.273303 0.597744 0.006147 0.005816
0 0.283768 0.371492 0.008108 0.005355
0 0.173820 0.587189 0.006593 0.005759
0 0.085578 0.643407 0.012684 0.005606
0 0.290137 0.504447 0.006258 0.005919
0 0.322548 0.534699 0.006264 0.006224
0 0.120635 0.515291 0.006222 0.005919
0 0.712534 0.519456 0.009734 0.006161
0 0.579960 0.663631 0.009261 0.005762
0 0.792223 0.534699 0.006264 0.006224
0 0.590310 0.515291 0.006222 0.005919
0 0.911854 0.710742 0.045924 0.012092
0 0.319554 0.424117 0.010794 0.005765
0 0.442120 0.710805 0.045601 0.011619
0 0.658332 0.460550 0.014346 0.005785
0 0.084350 0.507816 0.009764 0.006113
0 0.180290 0.499654 0.014556 0.005782
0 0.240945 0.650611 0.009261 0.005982
0 0.188334 0.431399 0.009309 0.006036
0 0.242803 0.519456 0.009845 0.006161
0 0.789205 0.424273 0.011112 0.006079
0 0.605103 0.456344 0.012563 0.006036
0 0.577866 0.568203 0.006480 0.005771
0 0.774158 0.591217 0.006264 0.005802
0 0.725522 0.591225 0.006353 0.005819
0 0.703456 0.441238 0.009490 0.006039
0 0.636712 0.568280 0.006593 0.005925
0 0.764561 0.508158 0.006494 0.005919
0 0.551070 0.478977 0.009776 0.006173
0 0.753286 0.371492 0.007794 0.005355