0 0.451389 0.514407 0.011306 0.007355
0 0.375466 0.369550 0.011223 0.007412
0 0.273210 0.371451 0.011223 0.007412
0 0.375547 0.706662 0.015894 0.007509
0 0.531019 0.253489 0.021743 0.007509
0 0.451062 0.616254 0.010639 0.007412
0 0.482719 0.398248 0.010310 0.007357
0 0.328592 0.457102 0.022164 0.007802
0 0.379424 0.498903 0.022164 0.007799
0 0.317459 0.706705 0.022164 0.007799
0 0.752064 0.876273 0.043266 0.014404
0 0.796828 0.875744 0.033087 0.014190
0 0.346648 0.599437 0.010310 0.007357
0 0.445510 0.292908 0.010310 0.007355
0 0.814870 0.895019 0.009269 0.007055