0 0.593834 0.383535 0.015037 0.008238
0 0.640057 0.439265 0.011935 0.008438
0 0.633882 0.536565 0.011349 0.008238
0 0.440792 0.519022 0.014554 0.008637
0 0.281871 0.620539 0.023765 0.008751
0 0.467861 0.626679 0.017053 0.008837
0 0.547702 0.536251 0.011349 0.008238
0 0.312820 0.513640 0.011349 0.008238
0 0.735359 0.912633 0.047859 0.015219
0 0.784478 0.912919 0.036120 0.015382
0 0.325658 0.395637 0.024277 0.008692
0 0.364884 0.385413 0.011590 0.008409
0 0.450744 0.383158 0.026438 0.008620
0 0.527934 0.330074 0.017557 0.008124
0 0.529823 0.412722 0.017638 0.008409
0 0.588491 0.226505 0.020921 0.008352