0 0.494364 0.649855 0.007305 0.006636
0 0.502391 0.608603 0.007297 0.006414
0 0.478653 0.592513 0.011268 0.006759
0 0.457982 0.585188 0.007660 0.006756
0 0.368391 0.714943 0.024801 0.006995
0 0.371677 0.556619 0.010816 0.006642
0 0.373556 0.693652 0.010816 0.006642
0 0.412562 0.560487 0.017363 0.006722
0 0.369301 0.606271 0.007297 0.006414
0 0.363534 0.649749 0.007720 0.006357
0 0.414003 0.649681 0.007519 0.006813
0 0.458700 0.649895 0.007305 0.006636
0 0.226112 0.107013 0.035622 0.021494
0 0.349674 0.556733 0.015309 0.006750