0 0.818563 0.329862 0.021040 0.007318
0 0.857205 0.365054 0.012173 0.007098
0 0.749804 0.497697 0.011667 0.007480
0 0.627005 0.575515 0.020109 0.007209
0 0.766559 0.633016 0.015121 0.007263
0 0.188663 0.392953 0.012126 0.007064
0 0.794729 0.803107 0.024911 0.011944
0 0.794450 0.570458 0.014809 0.007312
0 0.644025 0.543285 0.014809 0.007312
0 0.819884 0.517258 0.009688 0.007229
0 0.657134 0.482922 0.009686 0.007229
0 0.871321 0.517138 0.009688 0.007229
0 0.637781 0.336482 0.020766 0.007292
0 0.638553 0.391221 0.020766 0.007129
0 0.677879 0.330403 0.020071 0.007215
0 0.670577 0.386918 0.009800 0.007286
0 0.884571 0.417717 0.009802 0.007286
0 0.812737 0.408131 0.015079 0.007255
0 0.750459 0.374515 0.023293 0.007343
0 0.225429 0.359491 0.009867 0.007050
0 0.760887 0.802858 0.032717 0.011936
0 0.286252 0.515512 0.011640 0.007095
0 0.296237 0.378147 0.023164 0.007332
0 0.219518 0.497419 0.009645 0.007335
0 0.276203 0.803017 0.032801 0.011719
0 0.309834 0.802938 0.025000 0.011582
0 0.319735 0.613020 0.015222 0.007295
0 0.306770 0.558729 0.015020 0.007286
0 0.167855 0.484296 0.009643 0.007332
0 0.162975 0.537198 0.015018 0.007286
0 0.148409 0.556807 0.013581 0.007491
0 0.364933 0.488702 0.009645 0.007335
0 0.381938 0.417826 0.016927 0.007050
0 0.380747 0.358335 0.017027 0.007149
0 0.343419 0.350887 0.020212 0.007178
0 0.352703 0.416088 0.009867 0.007050