0 0.499524 0.477459 0.019359 0.007717
0 0.676641 0.401231 0.014620 0.008119
0 0.560479 0.965145 0.049694 0.015730
0 0.602341 0.270955 0.023921 0.007611
0 0.613024 0.965309 0.038121 0.014969
0 0.563921 0.587871 0.027059 0.008466
0 0.671339 0.620760 0.014531 0.008372
0 0.557417 0.725083 0.023771 0.007611
0 0.440847 0.624940 0.014328 0.007223
0 0.435100 0.505644 0.010433 0.007856
0 0.682786 0.487377 0.010433 0.007856
0 0.669581 0.755210 0.015122 0.008452
0 0.350548 0.624974 0.014445 0.007862
0 0.350678 0.715556 0.024368 0.008124
0 0.356950 0.277223 0.016678 0.008124
0 0.576008 0.403027 0.027464 0.009681
0 0.717728 0.295683 0.021992 0.008458
0 0.444696 0.715408 0.024368 0.008124