0 0.817438 0.441193 0.007667 0.005657
0 0.691045 0.473347 0.008799 0.005845
0 0.286090 0.545804 0.007066 0.005594
0 0.776346 0.437542 0.014658 0.005748
0 0.812137 0.539305 0.007687 0.006110
0 0.672175 0.539930 0.014578 0.005657
0 0.728365 0.475177 0.014783 0.005326
0 0.347762 0.463520 0.007667 0.005660
0 0.342461 0.539305 0.007687 0.006110
0 0.239816 0.546399 0.007066 0.005594
0 0.631817 0.464741 0.014935 0.005970
0 0.631543 0.395051 0.011823 0.006461
0 0.258689 0.475070 0.014783 0.005540
0 0.162142 0.464712 0.014935 0.006027
0 0.202447 0.544476 0.014578 0.005657
0 0.155882 0.529959 0.007229 0.005885
0 0.149954 0.588443 0.014620 0.005560
0 0.181841 0.588460 0.010729 0.005748
0 0.221327 0.473159 0.008884 0.006221
0 0.161868 0.395037 0.011823 0.006489
0 0.272294 0.583571 0.010641 0.005956
0 0.619859 0.588441 0.014507 0.005665
0 0.625639 0.529845 0.007066 0.006113
0 0.246758 0.743289 0.025404 0.009347
0 0.272048 0.742988 0.019232 0.009265
0 0.716559 0.743158 0.025404 0.009347
0 0.741845 0.743116 0.019232 0.009265