0 0.744558 0.664450 0.011956 0.004146
0 0.358467 0.709152 0.007088 0.004095
0 0.204107 0.715463 0.005664 0.004184
0 0.258603 0.713843 0.013421 0.004317
0 0.563161 0.763901 0.005545 0.004144
0 0.716024 0.628081 0.011753 0.004175
0 0.587056 0.688529 0.006939 0.003990
0 0.559396 0.718716 0.005614 0.004135
0 0.718679 0.690742 0.005612 0.004135
0 0.627839 0.640174 0.008336 0.004132
0 0.719302 0.803381 0.008444 0.004135
0 0.747404 0.801954 0.011854 0.004175
0 0.259960 0.775987 0.006637 0.004184
0 0.669775 0.681976 0.013268 0.004312
0 0.730935 0.744808 0.006855 0.003990
0 0.667753 0.756080 0.006629 0.004141
0 0.609866 0.763887 0.005543 0.004144
0 0.206978 0.822486 0.008442 0.004221
0 0.208719 0.663906 0.011880 0.004209
0 0.180295 0.822425 0.011930 0.004218
0 0.182753 0.678799 0.011979 0.004192
0 0.196528 0.772384 0.006774 0.004050
0 0.315847 0.783830 0.005569 0.004218
0 0.321424 0.712913 0.005664 0.004235
0 0.261120 0.622724 0.008366 0.004178
0 0.363049 0.783802 0.005569 0.004218
0 0.314635 0.275712 0.005603 0.004272
0 0.356563 0.275704 0.005561 0.004272
0 0.356646 0.196083 0.007099 0.004124
0 0.213342 0.196577 0.005640 0.004178
0 0.318514 0.202821 0.005640 0.004218
0 0.574450 0.105140 0.011854 0.004283
0 0.301018 0.156679 0.008515 0.004192
0 0.217100 0.305378 0.008404 0.004195
0 0.261862 0.204478 0.013331 0.004346
0 0.651795 0.324915 0.005638 0.004317
0 0.572395 0.305124 0.008582 0.004366
0 0.573794 0.343230 0.011775 0.004295
0 0.597718 0.183433 0.006732 0.004295
0 0.219605 0.150113 0.011832 0.004209
0 0.205318 0.252629 0.006881 0.004095
0 0.188546 0.305648 0.011930 0.004320
0 0.261745 0.264761 0.006690 0.004203
0 0.193344 0.177952 0.012116 0.004238
0 0.608145 0.105856 0.008549 0.004263
0 0.638049 0.149117 0.013409 0.004429
0 0.683509 0.157622 0.005636 0.004146
0 0.605261 0.257997 0.008870 0.004320
0 0.721381 0.157072 0.005636 0.004146
0 0.612557 0.313957 0.006960 0.004260
0 0.653084 0.292649 0.012063 0.004295
0 0.693614 0.235110 0.006929 0.004275
0 0.659233 0.234691 0.005612 0.004315
0 0.302973 0.428879 0.023246 0.009863
0 0.325329 0.429098 0.017695 0.009863
0 0.326780 0.437640 0.005561 0.004565
0 0.674679 0.444731 0.023051 0.009769
0 0.697191 0.444604 0.017489 0.009259
0 0.698769 0.928934 0.017489 0.009005
0 0.699711 0.937623 0.005918 0.004058
0 0.676213 0.929125 0.022960 0.009387
0 0.794262 0.660774 0.020665 0.006392
0 0.835758 0.767581 0.021167 0.005962
0 0.325890 0.928785 0.017667 0.009208
0 0.303495 0.928783 0.023713 0.009644
0 0.326701 0.937659 0.006127 0.004124