0 0.736118 0.862796 0.006901 0.003283
0 0.567806 0.746897 0.005601 0.003283
0 0.569461 0.829018 0.005458 0.003571
0 0.605801 0.785355 0.005493 0.003283
0 0.684391 0.718230 0.010584 0.003283
0 0.569374 0.321810 0.005329 0.003403
0 0.796120 0.297307 0.006962 0.003414
0 0.683420 0.362927 0.006849 0.003311
0 0.624962 0.321797 0.005664 0.003371
0 0.683893 0.315868 0.005372 0.003254
0 0.682056 0.207277 0.006962 0.003240
0 0.309199 0.258384 0.005261 0.003317
0 0.289606 0.232770 0.008727 0.003363
0 0.637355 0.667200 0.009492 0.003531
0 0.242730 0.225244 0.010615 0.003283
0 0.232653 0.168624 0.006877 0.003283
0 0.239755 0.290272 0.005700 0.003474
0 0.239034 0.341925 0.006982 0.003571
0 0.158263 0.263733 0.009623 0.003460
0 0.177327 0.263759 0.005321 0.003283
0 0.189310 0.143545 0.009581 0.003101
0 0.161787 0.206882 0.009623 0.003403
0 0.135302 0.181650 0.007131 0.003465
0 0.372409 0.164664 0.008021 0.003520
0 0.144247 0.370734 0.009543 0.003309
0 0.347017 0.226529 0.005732 0.003294
0 0.345115 0.301327 0.005358 0.003445
0 0.297947 0.301357 0.005460 0.003465
0 0.174716 0.290296 0.005495 0.003363
0 0.650674 0.254362 0.008690 0.003309
0 0.696614 0.257773 0.010600 0.003320
0 0.759139 0.278736 0.005337 0.003354
0 0.751324 0.311929 0.005384 0.003363
0 0.288849 0.196988 0.006859 0.003283
0 0.683889 0.815705 0.005493 0.003249
0 0.759347 0.778635 0.005388 0.003482
0 0.785330 0.888628 0.009537 0.003337
0 0.785274 0.388782 0.009653 0.003326
0 0.637644 0.167327 0.009545 0.003363
0 0.555614 0.165413 0.008140 0.003371
0 0.567844 0.246964 0.005545 0.003280
0 0.747031 0.811728 0.005386 0.003257
0 0.555560 0.665284 0.008046 0.003460
0 0.400312 0.710500 0.009801 0.003428
0 0.400332 0.677927 0.009567 0.003428
0 0.382690 0.740318 0.005497 0.003343
0 0.382693 0.765217 0.005523 0.003463
0 0.377206 0.818458 0.006962 0.003357
0 0.322331 0.774704 0.005505 0.003292
0 0.321041 0.700788 0.010584 0.003371
0 0.248613 0.617821 0.009625 0.003178
0 0.254078 0.738302 0.005569 0.003317
0 0.274920 0.690977 0.005400 0.003329
0 0.261961 0.791282 0.005533 0.003414
0 0.208642 0.791271 0.005364 0.003431
0 0.212680 0.703539 0.005440 0.003209
0 0.169824 0.686650 0.007953 0.003502
0 0.391064 0.609597 0.009414 0.003252
0 0.787621 0.819622 0.009448 0.003212
0 0.816807 0.757729 0.009690 0.003266
0 0.624981 0.829145 0.005569 0.003528
0 0.800439 0.942361 0.025259 0.008923
0 0.825958 0.942412 0.019291 0.008923
0 0.285247 0.942442 0.025259 0.008926
0 0.255422 0.442340 0.025259 0.008926
0 0.800456 0.442656 0.025261 0.008926
0 0.310893 0.942347 0.019291 0.008923
0 0.281328 0.442296 0.019291 0.008923
0 0.825966 0.442401 0.019291 0.008923
0 0.580649 0.116029 0.006061 0.003371
0 0.398549 0.091070 0.006061 0.003371
0 0.137643 0.642395 0.006061 0.003371
0 0.580666 0.615775 0.006063 0.003371