0 0.718810 0.583656 0.006829 0.005677
0 0.713468 0.548065 0.006887 0.005551
0 0.548419 0.518643 0.013949 0.005802
0 0.684596 0.551505 0.010127 0.005740
0 0.679408 0.496490 0.013617 0.005759
0 0.625676 0.512042 0.015583 0.005925
0 0.627624 0.618254 0.006544 0.005759
0 0.579054 0.665560 0.009984 0.005757
0 0.556982 0.607140 0.006605 0.005617
0 0.571728 0.542354 0.006494 0.005654
0 0.574739 0.493297 0.013552 0.005757
0 0.284479 0.630606 0.007097 0.006347
0 0.216626 0.487368 0.014243 0.006398
0 0.197585 0.602736 0.007167 0.006099
0 0.347537 0.604664 0.014082 0.006386
0 0.151790 0.358106 0.012192 0.006386
0 0.301037 0.533562 0.015722 0.006270
0 0.339850 0.480346 0.014127 0.006352
0 0.298418 0.412100 0.007165 0.006099
0 0.272524 0.330631 0.007167 0.006096
0 0.291100 0.480952 0.010897 0.006828
0 0.179454 0.675201 0.008833 0.004092
0 0.220663 0.674612 0.010993 0.006404
0 0.751361 0.446168 0.011668 0.005708
0 0.214948 0.423346 0.006933 0.006042
0 0.858733 0.634437 0.006605 0.005614
0 0.790342 0.634464 0.006579 0.005657
0 0.908469 0.621027 0.013758 0.005765
0 0.893940 0.507710 0.013663 0.005759
0 0.891443 0.449030 0.010220 0.005771
0 0.859362 0.566412 0.010254 0.005700
0 0.859573 0.495952 0.014169 0.005765
0 0.852422 0.422549 0.006605 0.005617
0 0.809879 0.463461 0.014169 0.005822
0 0.797415 0.518068 0.013887 0.005905
0 0.805968 0.550333 0.013927 0.005762
0 0.774285 0.560633 0.013897 0.005740
0 0.712822 0.645855 0.010451 0.005868
0 0.720095 0.332300 0.008370 0.004879
0 0.720088 0.396783 0.008368 0.004879
0 0.546810 0.660154 0.008656 0.004115
0 0.441016 0.745222 0.020367 0.008729
0 0.462033 0.745027 0.015406 0.008720
0 0.464538 0.756622 0.005037 0.004625
0 0.731525 0.772890 0.020367 0.008732
0 0.752640 0.772844 0.015736 0.008720