0 0.344265 0.536179 0.022077 0.012779
0 0.416868 0.674272 0.021767 0.012779
0 0.625675 0.600399 0.014800 0.012144
0 0.425313 0.322826 0.015164 0.012329
0 0.424132 0.575034 0.014251 0.012246
0 0.528997 0.548810 0.034217 0.012243
0 0.499771 0.280131 0.014856 0.012366
0 0.499892 0.294066 0.015380 0.012363
0 0.505662 0.431842 0.015031 0.011973
0 0.634876 0.419180 0.014874 0.012665
0 0.505384 0.444799 0.014878 0.012397
0 0.634510 0.432511 0.014860 0.011887
0 0.343203 0.322881 0.022775 0.012779
0 0.404741 0.452032 0.014842 0.011956
0 0.586090 0.674064 0.021767 0.012779