0 0.489493 0.906685 0.047193 0.019177
0 0.535225 0.907114 0.036046 0.019177
0 0.544232 0.923956 0.010757 0.009074
0 0.601793 0.335717 0.020359 0.006340
0 0.362794 0.429704 0.009628 0.006776
0 0.582499 0.672656 0.019512 0.007623
0 0.553937 0.568240 0.009114 0.007018
0 0.536162 0.667126 0.013821 0.006703
0 0.341891 0.339958 0.019855 0.007441
0 0.368635 0.568421 0.009157 0.006897
0 0.401408 0.339752 0.013821 0.007139
0 0.462773 0.568119 0.010954 0.007743
0 0.535922 0.420690 0.011767 0.006776
0 0.460618 0.412196 0.021964 0.006969