0 0.642041 0.267712 0.010659 0.004731
0 0.655933 0.154832 0.008223 0.005925
0 0.649549 0.119547 0.015108 0.005363
0 0.574979 0.598971 0.014862 0.005420
0 0.671136 0.649125 0.008039 0.005255
0 0.685778 0.612110 0.008416 0.005474
0 0.761780 0.698435 0.007006 0.005466
0 0.727042 0.645245 0.008700 0.005093
0 0.602292 0.718615 0.008392 0.005574
0 0.650972 0.783021 0.010649 0.005232
0 0.716216 0.718856 0.006980 0.005150
0 0.650421 0.610499 0.014411 0.005107
0 0.664324 0.718585 0.018924 0.005463
0 0.573308 0.112937 0.014777 0.005076
0 0.653696 0.211099 0.018539 0.005389
0 0.573788 0.154808 0.010675 0.005517
0 0.690108 0.119129 0.009025 0.005913
0 0.763541 0.180372 0.008158 0.005172
0 0.709207 0.232220 0.007094 0.005551
0 0.600917 0.212197 0.008765 0.005358
0 0.336085 0.732203 0.006919 0.005426
0 0.236550 0.625383 0.006919 0.005426
0 0.312074 0.886582 0.025217 0.009168
0 0.337664 0.886442 0.019696 0.008877
0 0.686109 0.899913 0.025215 0.009168
0 0.709228 0.900101 0.019827 0.009168
0 0.312268 0.386150 0.025217 0.009171
0 0.337564 0.386150 0.019936 0.009171
0 0.685121 0.386810 0.025217 0.009168
0 0.710507 0.386550 0.019164 0.009168
0 0.330412 0.893738 0.004983 0.003577
0 0.699865 0.907177 0.004981 0.003577
0 0.330287 0.393718 0.004983 0.003577
0 0.703457 0.393792 0.004983 0.003577
0 0.269183 0.767499 0.010818 0.005098
0 0.227766 0.711844 0.008666 0.005494
0 0.390674 0.680081 0.008497 0.005013
0 0.316890 0.618652 0.009057 0.005671
0 0.201012 0.654719 0.010709 0.005808
0 0.280897 0.710919 0.018501 0.005520
0 0.382033 0.732055 0.006919 0.005426
0 0.200479 0.612999 0.014719 0.004722
0 0.276537 0.618931 0.015049 0.005398
0 0.282847 0.654860 0.008434 0.005811
0 0.384605 0.243941 0.007219 0.005745
0 0.225052 0.237353 0.007219 0.005745
0 0.754893 0.232160 0.007094 0.005551
0 0.609314 0.125724 0.007094 0.005549
0 0.611233 0.623632 0.006980 0.005150
0 0.573612 0.639993 0.010649 0.005229
0 0.392300 0.196520 0.008307 0.005477
0 0.283661 0.178585 0.018936 0.005839
0 0.213549 0.285936 0.010741 0.005158
0 0.335861 0.115484 0.014838 0.005281
0 0.288715 0.246854 0.008223 0.005580
0 0.370664 0.172573 0.008461 0.005209
0 0.243555 0.286547 0.014763 0.005247
0 0.236170 0.172515 0.008459 0.005041
0 0.339508 0.244235 0.007221 0.005745
0 0.212565 0.183561 0.014644 0.005121