0 0.897081 0.568210 0.002190 0.003398
0 0.174846 0.467520 0.009365 0.003153
0 0.168858 0.516273 0.009365 0.003150
0 0.197118 0.571244 0.011870 0.003464
0 0.151066 0.571306 0.006774 0.003096
0 0.217112 0.516257 0.004640 0.003033
0 0.215827 0.467499 0.004755 0.003087
0 0.321453 0.510956 0.004707 0.003144
0 0.362923 0.510912 0.009367 0.003318
0 0.268840 0.577109 0.006825 0.003176
0 0.296752 0.498816 0.006831 0.003281
0 0.420923 0.696797 0.034314 0.010670
0 0.906884 0.696755 0.006518 0.010527
0 0.925406 0.696572 0.024824 0.010202
0 0.898114 0.468828 0.006891 0.003347
0 0.902198 0.708672 0.008612 0.006066
0 0.645357 0.450093 0.009387 0.003150
0 0.676358 0.450127 0.009387 0.003150
0 0.707384 0.450093 0.009387 0.003150
0 0.738431 0.450084 0.009387 0.003150
0 0.769451 0.450113 0.009387 0.003150
0 0.800426 0.450150 0.009387 0.003150
0 0.831405 0.450127 0.009387 0.003150
0 0.614373 0.505911 0.009387 0.003150
0 0.645449 0.505928 0.009387 0.003150
0 0.676384 0.502347 0.009387 0.003150
0 0.707424 0.505898 0.009387 0.003147
0 0.738333 0.505859 0.009387 0.003150
0 0.769431 0.505911 0.009387 0.003150
0 0.800432 0.505914 0.009387 0.003150
0 0.831355 0.505882 0.009387 0.003150
0 0.898102 0.516839 0.006980 0.003238
0 0.614368 0.450093 0.009385 0.003036
0 0.808426 0.568225 0.011775 0.003332
0 0.738157 0.558263 0.006861 0.003287
0 0.940183 0.568174 0.006843 0.003184