0 0.226839 0.634266 0.005674 0.004218
0 0.608145 0.605714 0.008549 0.004263
0 0.638049 0.648974 0.013409 0.004429
0 0.721381 0.656929 0.005636 0.004146
0 0.693614 0.734967 0.006929 0.004275
0 0.651795 0.824772 0.005638 0.004317
0 0.572395 0.804981 0.008582 0.004366
0 0.573794 0.843088 0.011775 0.004295
0 0.597718 0.683290 0.006732 0.004295
0 0.605261 0.757854 0.008870 0.004320
0 0.653084 0.792506 0.012063 0.004295
0 0.683509 0.657479 0.005636 0.004146
0 0.612557 0.813814 0.006960 0.004260
0 0.659233 0.734548 0.005612 0.004315
0 0.574450 0.604997 0.011854 0.004283
0 0.196490 0.868025 0.011888 0.004246
0 0.207076 0.816127 0.006798 0.004041
0 0.288570 0.833785 0.006696 0.004189
0 0.285894 0.754895 0.013298 0.004420
0 0.220987 0.749836 0.005674 0.004226
0 0.199342 0.731074 0.012063 0.004246
0 0.303519 0.429412 0.021924 0.008336
0 0.325850 0.429309 0.016565 0.008336
0 0.326621 0.437754 0.004667 0.003773
0 0.776814 0.429389 0.021628 0.008336
0 0.798977 0.429449 0.016794 0.008336
0 0.800318 0.437800 0.004642 0.003568
0 0.674823 0.944763 0.021924 0.008336
0 0.697181 0.944763 0.016720 0.008336
0 0.403817 0.929306 0.021924 0.008336
0 0.426130 0.929309 0.016327 0.008336
0 0.427403 0.937683 0.004715 0.004429
0 0.226210 0.687273 0.007101 0.004109
0 0.279610 0.593431 0.005595 0.004246
0 0.220416 0.568433 0.011809 0.004201
0 0.275376 0.660093 0.005569 0.004243
0 0.320833 0.195688 0.005628 0.004166
0 0.262763 0.201741 0.013292 0.004246
0 0.301956 0.153954 0.008459 0.004192
0 0.218030 0.302686 0.008372 0.004129
0 0.189462 0.302947 0.011848 0.004144
0 0.206225 0.249902 0.006833 0.003970
0 0.262672 0.262049 0.006649 0.004149
0 0.341982 0.265040 0.005535 0.004192
0 0.357590 0.193361 0.007040 0.004021
0 0.220546 0.147392 0.011735 0.004149
0 0.194170 0.169981 0.012063 0.004146
0 0.599879 0.134409 0.005674 0.004218
0 0.599747 0.366349 0.008517 0.004195
0 0.688031 0.212350 0.008471 0.004198
0 0.593457 0.068575 0.011809 0.004201
0 0.648414 0.160235 0.005569 0.004243
0 0.652651 0.093574 0.005595 0.004246
0 0.599249 0.187415 0.007099 0.004109
0 0.572383 0.231217 0.012063 0.004246
0 0.594027 0.249979 0.005672 0.004226
0 0.658934 0.255037 0.013298 0.004420
0 0.661611 0.333927 0.006696 0.004189
0 0.580117 0.316270 0.006798 0.004041
0 0.569531 0.368168 0.011888 0.004246
0 0.214268 0.193840 0.005626 0.004135
0 0.314991 0.712207 0.008471 0.004198
0 0.226707 0.866207 0.008517 0.004195