0 0.443470 0.461022 0.033988 0.011072
0 0.570140 0.307826 0.012007 0.008339
0 0.485822 0.307780 0.017584 0.008339
0 0.826882 0.933092 0.037983 0.012317
0 0.826233 0.903349 0.033720 0.012579
0 0.827067 0.873082 0.037983 0.011790
0 0.902290 0.842553 0.066885 0.014677
0 0.837906 0.842999 0.044096 0.014412
0 0.842957 0.422196 0.008183 0.005993
0 0.842901 0.410131 0.008185 0.005996
0 0.842804 0.336545 0.008183 0.005993
0 0.842915 0.324535 0.008183 0.005993
0 0.842804 0.250301 0.008183 0.005993
0 0.843135 0.238605 0.008185 0.005993
0 0.842804 0.167958 0.008183 0.005993
0 0.842915 0.156106 0.008183 0.005993
0 0.842810 0.143948 0.008183 0.005993
0 0.842938 0.226619 0.008185 0.005993
0 0.842810 0.312717 0.008183 0.005993
0 0.842810 0.398186 0.008183 0.005993
0 0.842745 0.385821 0.008183 0.005993
0 0.842874 0.300624 0.008183 0.005996
0 0.843066 0.213983 0.008183 0.005993
0 0.842745 0.132126 0.008183 0.005996
0 0.843481 0.119852 0.013099 0.005996
0 0.843140 0.202451 0.013099 0.005996
0 0.843162 0.288840 0.013099 0.005996
0 0.843300 0.373994 0.013097 0.005993
0 0.890518 0.374062 0.013097 0.005993
0 0.890333 0.288535 0.013099 0.005996
0 0.890370 0.202410 0.013099 0.005993
0 0.890461 0.120274 0.013097 0.005996