0 0.691309 0.119624 0.008565 0.004298
0 0.623876 0.149119 0.013308 0.004406
0 0.193303 0.177240 0.012027 0.004198
0 0.204326 0.249912 0.006891 0.004075
0 0.260763 0.262069 0.006667 0.004195
0 0.260825 0.201736 0.013329 0.004372
0 0.212354 0.193889 0.005684 0.004192
0 0.355659 0.193381 0.007074 0.004055
0 0.190049 0.146300 0.008485 0.004181
0 0.260906 0.302992 0.008396 0.004184
0 0.187534 0.302960 0.011916 0.004238
0 0.218635 0.147442 0.011817 0.004198
0 0.337621 0.265073 0.005567 0.004212
0 0.593999 0.105858 0.008521 0.004243
0 0.540147 0.192784 0.008575 0.004263
0 0.591112 0.258001 0.008858 0.004289
0 0.255088 0.140452 0.008414 0.004181
0 0.559135 0.262690 0.008549 0.004229
0 0.583458 0.183431 0.006919 0.004155
0 0.560184 0.105150 0.011870 0.004258
0 0.639998 0.629954 0.011944 0.004178
0 0.259960 0.775987 0.006637 0.004184
0 0.358467 0.709152 0.007088 0.004095
0 0.204107 0.715463 0.005664 0.004184
0 0.258603 0.713843 0.013421 0.004317
0 0.729580 0.743296 0.005567 0.004135
0 0.558638 0.627076 0.011751 0.004166
0 0.317594 0.200264 0.005698 0.004249
0 0.595450 0.644924 0.006810 0.004007
0 0.557316 0.669089 0.008346 0.004175
0 0.607595 0.802002 0.008449 0.004175
0 0.580019 0.808775 0.011749 0.004121
0 0.591727 0.737179 0.006637 0.004109
0 0.261120 0.622724 0.008366 0.004178
0 0.637224 0.657491 0.005636 0.004135
0 0.733763 0.696728 0.005636 0.004155
0 0.689050 0.672192 0.007014 0.004007
0 0.636909 0.738693 0.013294 0.004317
0 0.682474 0.743284 0.005529 0.004135
0 0.206978 0.822486 0.008442 0.004221
0 0.208719 0.663906 0.011880 0.004209
0 0.180295 0.822425 0.011930 0.004218
0 0.182753 0.678799 0.011979 0.004192
0 0.196528 0.772384 0.006774 0.004050
0 0.315847 0.783830 0.005569 0.004218
0 0.321424 0.712913 0.005664 0.004235
0 0.363049 0.783802 0.005569 0.004218
0 0.559595 0.343236 0.011823 0.004278
0 0.598340 0.313960 0.006851 0.004260
0 0.669243 0.157623 0.005644 0.004178
0 0.707127 0.157063 0.005646 0.004175
0 0.679408 0.235128 0.007060 0.004249
0 0.645003 0.234705 0.005747 0.004246
0 0.637536 0.324902 0.005654 0.004303
0 0.638929 0.292652 0.012063 0.004232
0 0.661326 0.444865 0.022100 0.008703
0 0.683640 0.444859 0.017004 0.008703
0 0.289986 0.429219 0.022100 0.008703
0 0.312565 0.429117 0.016941 0.008703
0 0.303639 0.928971 0.022100 0.008703
0 0.325576 0.928971 0.017314 0.008703
0 0.676371 0.929333 0.022100 0.008703
0 0.698196 0.929333 0.017229 0.008703
0 0.699675 0.937501 0.005003 0.004166
0 0.326671 0.937723 0.005005 0.004166
0 0.313475 0.437739 0.005003 0.004169