0 0.761611 0.397633 0.008764 0.004193
0 0.348251 0.630448 0.011818 0.004225
0 0.243542 0.344540 0.005785 0.004216
0 0.312531 0.361826 0.007097 0.004062
0 0.309298 0.421544 0.005642 0.004142
0 0.620795 0.429460 0.011778 0.004136
0 0.343300 0.460634 0.012006 0.004222
0 0.328231 0.563338 0.006896 0.004002
0 0.253117 0.571806 0.006743 0.004205
0 0.192455 0.592283 0.012102 0.004401
0 0.275619 0.630125 0.008678 0.004185
0 0.186557 0.506850 0.008716 0.004185
0 0.313485 0.485107 0.005745 0.004125
0 0.610434 0.598411 0.011778 0.004131
0 0.748011 0.608261 0.008658 0.004190
0 0.716531 0.553870 0.006769 0.004153
0 0.785971 0.554212 0.005793 0.004182
0 0.243553 0.418632 0.005731 0.004168
0 0.842961 0.553878 0.005805 0.004205
0 0.851217 0.489252 0.005612 0.004205
0 0.810401 0.454820 0.007011 0.004008
0 0.713106 0.442034 0.013441 0.004205
0 0.635528 0.528025 0.006855 0.004059
0 0.624938 0.389611 0.008658 0.004096
0 0.656036 0.385174 0.012197 0.004276
0 0.652131 0.446133 0.005612 0.004142
0 0.246192 0.495138 0.013441 0.004205
0 0.258050 0.749022 0.025461 0.008905
0 0.284304 0.748992 0.019722 0.008498
0 0.726814 0.749173 0.025461 0.008905
0 0.752954 0.749024 0.019720 0.008498
0 0.498836 0.511257 0.025569 0.007229
0 0.553778 0.375637 0.025569 0.007226
0 0.917330 0.658930 0.025569 0.007226
0 0.958711 0.658871 0.025569 0.007229
0 0.344238 0.294691 0.008359 0.003777
0 0.852701 0.392099 0.008446 0.003885