0 0.218206 0.258978 0.013373 0.007036
0 0.308945 0.267438 0.020832 0.006760
0 0.404451 0.511083 0.008785 0.006612
0 0.489099 0.511097 0.008745 0.006748
0 0.389432 0.367321 0.013762 0.006879
0 0.304209 0.511012 0.010538 0.006669
0 0.164075 0.247732 0.018330 0.006612
0 0.523974 0.273608 0.017943 0.006879
0 0.221529 0.348960 0.008725 0.006612
0 0.181130 0.334070 0.018557 0.006640
0 0.199694 0.471787 0.008849 0.006612
0 0.194798 0.574608 0.013419 0.006600
0 0.505545 0.407347 0.008970 0.006805
0 0.460507 0.383699 0.011056 0.006566
0 0.595835 0.197694 0.012408 0.006651
0 0.360692 0.738072 0.024213 0.011465
0 0.385246 0.737972 0.018261 0.010849
0 0.388364 0.752099 0.006033 0.006278