0 0.430507 0.393471 0.012402 0.010391
0 0.594815 0.590924 0.012241 0.010148
0 0.420037 0.562869 0.012241 0.010151
0 0.337166 0.481588 0.018338 0.010046
0 0.665843 0.398123 0.012646 0.010151
0 0.589113 0.387399 0.012243 0.010151
0 0.498807 0.404062 0.012646 0.010393
0 0.420459 0.697873 0.011348 0.009498
0 0.454266 0.697685 0.011348 0.009498
0 0.488299 0.697708 0.011674 0.009544
0 0.525173 0.697731 0.017677 0.009498
0 0.561495 0.697777 0.017675 0.009498
0 0.498457 0.392956 0.021547 0.010325