0 0.488811 0.333143 0.012154 0.008743
0 0.673016 0.441284 0.011993 0.008367
0 0.309871 0.416507 0.012057 0.009245
0 0.486060 0.643294 0.011705 0.008492
0 0.255938 0.646669 0.011388 0.008532
0 0.367262 0.642078 0.011388 0.008535
0 0.646992 0.566874 0.011388 0.008532
0 0.215542 0.469514 0.011592 0.008332
0 0.615264 0.412487 0.011592 0.008332
0 0.618916 0.716474 0.017373 0.008620
0 0.386157 0.283540 0.017371 0.008620
0 0.672918 0.429554 0.011993 0.009079
0 0.488721 0.321427 0.012154 0.008230