0 0.376229 0.686630 0.009597 0.003406
0 0.293572 0.658213 0.006798 0.003397
0 0.305770 0.763917 0.006329 0.003394
0 0.248326 0.701623 0.005472 0.003508
0 0.197950 0.668860 0.006772 0.003329
0 0.712797 0.709550 0.005404 0.003551
0 0.593087 0.651790 0.006790 0.003351
0 0.594416 0.689867 0.009629 0.003383
0 0.777496 0.703373 0.005390 0.003354
0 0.770412 0.764702 0.005515 0.003551
0 0.732966 0.764409 0.005521 0.003551
0 0.704432 0.764615 0.008908 0.003411
0 0.615841 0.689858 0.005493 0.003380
0 0.669459 0.691959 0.010705 0.003508
0 0.657666 0.656515 0.006788 0.003351
0 0.663594 0.755972 0.006317 0.003394
0 0.594338 0.802675 0.009510 0.003383
0 0.684941 0.804380 0.006903 0.003368
0 0.716042 0.662777 0.006788 0.003354
0 0.201111 0.706214 0.006466 0.003343
0 0.286747 0.806231 0.006772 0.003331
0 0.220549 0.683351 0.005382 0.003323
0 0.321769 0.709198 0.006992 0.003337
0 0.349371 0.701525 0.005481 0.003363
0 0.294680 0.695073 0.010621 0.003522
0 0.360065 0.755023 0.005402 0.003508
0 0.254669 0.769500 0.005505 0.003508
0 0.375864 0.807578 0.014521 0.003209
0 0.375769 0.802521 0.009510 0.003411
0 0.719597 0.174446 0.006911 0.003351
0 0.798259 0.162093 0.006871 0.003394
0 0.810588 0.307278 0.006798 0.003386
0 0.770891 0.262362 0.005384 0.003323
0 0.763498 0.200861 0.005686 0.003311
0 0.811513 0.216022 0.005291 0.003397
0 0.835371 0.194877 0.009621 0.003337
0 0.839534 0.307123 0.009492 0.003354
0 0.839589 0.301704 0.014604 0.003340
0 0.225571 0.768861 0.008797 0.003337
0 0.193065 0.768810 0.005404 0.003508
0 0.364391 0.655654 0.006051 0.003403
0 0.756559 0.708353 0.006508 0.003380
0 0.607043 0.755878 0.005414 0.003537
0 0.594250 0.807797 0.014493 0.003408
0 0.463530 0.162667 0.007008 0.003351
0 0.469470 0.223718 0.009623 0.003337
0 0.511412 0.263592 0.005404 0.003508
0 0.599549 0.282076 0.005404 0.003508
0 0.823808 0.262857 0.005404 0.003508
0 0.638505 0.282059 0.005404 0.003508
0 0.464556 0.288247 0.007008 0.003351
0 0.559955 0.179842 0.007006 0.003349
0 0.559955 0.302154 0.007006 0.003351
0 0.701151 0.295054 0.007076 0.003388
0 0.839408 0.160083 0.007028 0.003351
0 0.508249 0.175845 0.005384 0.003397
0 0.645675 0.216528 0.005382 0.003394
0 0.677479 0.215194 0.005593 0.003366
0 0.177055 0.180809 0.006800 0.003351
0 0.245041 0.146845 0.009591 0.003380
0 0.208978 0.152881 0.005364 0.003494
0 0.202616 0.275665 0.006297 0.003340
0 0.177552 0.139600 0.014181 0.003326
0 0.177592 0.134585 0.009522 0.003323
0 0.227093 0.332789 0.006800 0.003354
0 0.248566 0.203666 0.005374 0.003354
0 0.270421 0.198559 0.005513 0.003394
0 0.355025 0.208017 0.005364 0.003494
0 0.331830 0.290507 0.005396 0.003494
0 0.194734 0.218398 0.005362 0.003494
0 0.306779 0.225258 0.006498 0.003323
0 0.252589 0.290943 0.010627 0.003494
0 0.501743 0.651686 0.006911 0.003668
0 0.502981 0.688029 0.009629 0.003383
0 0.516035 0.756795 0.005408 0.003765
0 0.502053 0.799285 0.009510 0.003710
0 0.502084 0.804357 0.014493 0.003408
0 0.275793 0.431683 0.018634 0.006968
0 0.294925 0.431654 0.014340 0.006968
0 0.302861 0.439855 0.003103 0.002479
0 0.654682 0.431603 0.018503 0.006968
0 0.673795 0.431609 0.014167 0.006968
0 0.681561 0.439705 0.003028 0.002380
0 0.648705 0.931552 0.018632 0.006968
0 0.667815 0.931566 0.014199 0.006860
0 0.675721 0.939714 0.002980 0.002362
0 0.275744 0.931566 0.018632 0.006968
0 0.294895 0.931614 0.014320 0.006968
0 0.302828 0.939591 0.002887 0.002437