0 0.622985 0.586581 0.006990 0.003988
0 0.729820 0.468817 0.007449 0.003877
0 0.766480 0.464686 0.004675 0.003843
0 0.630722 0.522791 0.004411 0.003877
0 0.924345 0.741799 0.022952 0.009401
0 0.776807 0.413481 0.008485 0.003871
0 0.612563 0.472486 0.004675 0.003843
0 0.688782 0.463452 0.005591 0.003991
0 0.643218 0.472174 0.009720 0.003806
0 0.964503 0.751660 0.006121 0.005299
0 0.876608 0.498696 0.002372 0.003777
0 0.811746 0.545282 0.004411 0.003877
0 0.759632 0.545351 0.004411 0.003877
0 0.687760 0.540934 0.005386 0.003891
0 0.749062 0.419651 0.006990 0.003988
0 0.946946 0.742004 0.017153 0.009572
0 0.688699 0.426383 0.005970 0.003729
0 0.464518 0.751628 0.005454 0.004590
0 0.446039 0.741893 0.016796 0.009036
0 0.423490 0.741928 0.022519 0.009062
0 0.227196 0.510371 0.005728 0.003774
0 0.821092 0.490867 0.005775 0.003826
0 0.625754 0.423003 0.010036 0.003988
0 0.107334 0.509141 0.006992 0.003766
0 0.863925 0.555610 0.002446 0.004048
0 0.856980 0.533650 0.002446 0.004045
0 0.838854 0.490264 0.002446 0.004045
0 0.861239 0.577025 0.002446 0.004045