0 0.484314 0.617939 0.024602 0.021534
0 0.316276 0.409682 0.017457 0.051217
0 0.375763 0.573817 0.026150 0.021807
0 0.362868 0.211050 0.035980 0.022312
0 0.373681 0.682739 0.034584 0.020724
0 0.631881 0.681793 0.034848 0.020450
0 0.554705 0.681534 0.035986 0.021140
0 0.355938 0.294654 0.026911 0.026257
0 0.467054 0.254832 0.026238 0.023176
0 0.552206 0.742755 0.035607 0.020955
0 0.554193 0.600931 0.023389 0.019860
0 0.634860 0.602406 0.026311 0.020730
0 0.686106 0.497910 0.047937 0.020941
0 0.389706 0.399342 0.055567 0.022925
0 0.280515 0.877400 0.020808 0.017662
0 0.352678 0.877762 0.020806 0.017662
0 0.418926 0.877999 0.020806 0.017662
0 0.500815 0.878469 0.041771 0.017662
0 0.593367 0.878706 0.051429 0.017662
0 0.674929 0.878469 0.020804 0.017662