0 0.239418 0.300527 0.010615 0.003511
0 0.554509 0.771503 0.005404 0.003508
0 0.575546 0.711187 0.006498 0.003366
0 0.589757 0.771496 0.005394 0.003465
0 0.697690 0.791868 0.009476 0.003366
0 0.686819 0.751736 0.005495 0.003494
0 0.235747 0.790993 0.010723 0.003497
0 0.160668 0.639457 0.014183 0.003326
0 0.160882 0.634443 0.009520 0.003323
0 0.231724 0.703552 0.005511 0.003406
0 0.210791 0.833112 0.006800 0.003351
0 0.637132 0.701170 0.010673 0.003485
0 0.675835 0.679364 0.008833 0.003340
0 0.698650 0.692291 0.009365 0.003374
0 0.570990 0.169003 0.006772 0.003329
0 0.621366 0.201765 0.005472 0.003508
0 0.678810 0.264060 0.006329 0.003394
0 0.666613 0.158356 0.006798 0.003397
0 0.749269 0.186773 0.009595 0.003406
0 0.748809 0.302663 0.009510 0.003411
0 0.748904 0.307720 0.014523 0.003209
0 0.602559 0.658628 0.006685 0.003423
0 0.671360 0.707204 0.005485 0.003340
0 0.671977 0.797543 0.006855 0.003357
0 0.192112 0.652756 0.005412 0.003494
0 0.253537 0.698460 0.005515 0.003394
0 0.338191 0.710170 0.005525 0.003525
0 0.185752 0.775720 0.006297 0.003346
0 0.314984 0.790569 0.005535 0.003531
0 0.177856 0.718249 0.005400 0.003537
0 0.289876 0.725296 0.006498 0.003371
0 0.228172 0.646741 0.009623 0.003445
0 0.160273 0.680677 0.006800 0.003354
0 0.545885 0.702636 0.005370 0.003329
0 0.634833 0.769423 0.006264 0.003394
0 0.627709 0.269642 0.005505 0.003508
0 0.733106 0.255165 0.005402 0.003508
0 0.667719 0.195215 0.010623 0.003522
0 0.722412 0.201667 0.005481 0.003363
0 0.694810 0.209340 0.006992 0.003337
0 0.593590 0.183494 0.005382 0.003323
0 0.574152 0.206357 0.006466 0.003343
0 0.659787 0.306374 0.006772 0.003331
0 0.159082 0.225154 0.006800 0.003354
0 0.228182 0.146867 0.009625 0.003383
0 0.193412 0.149769 0.005402 0.003494
0 0.196273 0.272022 0.006297 0.003337
0 0.160663 0.139648 0.014181 0.003286
0 0.160827 0.134632 0.009520 0.003360
0 0.193938 0.312960 0.006800 0.003417
0 0.336876 0.199775 0.005523 0.003522
0 0.314926 0.279225 0.005396 0.003494
0 0.188001 0.216252 0.005396 0.003494
0 0.289080 0.226294 0.006498 0.003411
0 0.602681 0.709062 0.006925 0.003363
0 0.316119 0.326143 0.006879 0.003326
0 0.226253 0.221587 0.005386 0.003351
0 0.278164 0.281607 0.006758 0.003272
0 0.253538 0.198557 0.005493 0.003394
0 0.348293 0.239179 0.006798 0.003380
0 0.737431 0.155797 0.006053 0.003403
0 0.566105 0.268953 0.005404 0.003508
0 0.598611 0.269004 0.008799 0.003337
0 0.697701 0.796674 0.014523 0.003209
0 0.781177 0.796922 0.014523 0.003209
0 0.781176 0.791922 0.009476 0.003366
0 0.771611 0.751633 0.005495 0.003494
0 0.783359 0.692080 0.009365 0.003374
0 0.275691 0.431614 0.018664 0.006780
0 0.294850 0.431614 0.014221 0.006780
0 0.302775 0.439796 0.003228 0.002710
0 0.648840 0.431714 0.018664 0.006780
0 0.648718 0.931366 0.018664 0.006780
0 0.275766 0.931689 0.018664 0.006780
0 0.667774 0.431810 0.014221 0.006783
0 0.667622 0.931426 0.014221 0.006780
0 0.294933 0.931768 0.014221 0.006780
0 0.675806 0.439860 0.002859 0.002268
0 0.302852 0.939813 0.003105 0.002585
0 0.675777 0.939738 0.002857 0.002268