0 0.403676 0.663967 0.010613 0.006069
0 0.700217 0.448314 0.011386 0.006360
0 0.298796 0.518197 0.008896 0.006109
0 0.298933 0.561162 0.008396 0.005653
0 0.334795 0.542769 0.022442 0.006491
0 0.793059 0.533310 0.018960 0.006254
0 0.885742 0.662801 0.007080 0.006029
0 0.662527 0.446497 0.011050 0.005724
0 0.773092 0.451871 0.008489 0.006006
0 0.815502 0.459527 0.014344 0.006254
0 0.768321 0.483840 0.009001 0.005878
0 0.374317 0.542816 0.018640 0.006135
0 0.842073 0.470641 0.015043 0.006226
0 0.386693 0.663937 0.007264 0.005964
0 0.298278 0.633124 0.015537 0.007412
0 0.337381 0.633196 0.020480 0.007326
0 0.325549 0.469669 0.015112 0.006899
0 0.199116 0.445296 0.009142 0.006727
0 0.240347 0.429113 0.023147 0.007030
0 0.271489 0.435961 0.009027 0.006699
0 0.271522 0.460647 0.014763 0.006870
0 0.292686 0.453104 0.009148 0.007235
0 0.158795 0.443287 0.015031 0.006756
0 0.194469 0.519416 0.009329 0.005935
0 0.180576 0.485676 0.009672 0.006585
0 0.265029 0.485252 0.009406 0.006422
0 0.902671 0.662517 0.010540 0.006448
0 0.249758 0.539638 0.015616 0.007668
0 0.828078 0.542119 0.009611 0.006303