0 0.215372 0.687818 0.007040 0.003964
0 0.190099 0.763320 0.005545 0.004121
0 0.236812 0.763337 0.005545 0.004189
0 0.294709 0.755506 0.006641 0.004121
0 0.357892 0.744215 0.006839 0.004007
0 0.374372 0.801267 0.011872 0.004175
0 0.559595 0.843093 0.011823 0.004278
0 0.560184 0.605007 0.011870 0.004258
0 0.691309 0.619481 0.008565 0.004298
0 0.623876 0.648977 0.013308 0.004406
0 0.598340 0.813817 0.006851 0.004260
0 0.669243 0.657481 0.005644 0.004178
0 0.707127 0.656921 0.005646 0.004175
0 0.679408 0.734986 0.007060 0.004249
0 0.645003 0.734563 0.005747 0.004246
0 0.637536 0.824759 0.005654 0.004303
0 0.638929 0.792509 0.012063 0.004232
0 0.593999 0.605715 0.008521 0.004243
0 0.540147 0.692642 0.008575 0.004263
0 0.591112 0.757858 0.008858 0.004289
0 0.559135 0.762548 0.008549 0.004229
0 0.583458 0.683289 0.006919 0.004155
0 0.188752 0.715410 0.005628 0.004141
0 0.345640 0.690162 0.005630 0.004138
0 0.299938 0.622692 0.008447 0.004175
0 0.294620 0.808517 0.008447 0.004175
0 0.371443 0.625832 0.008447 0.004175
0 0.342985 0.625828 0.011745 0.004132
0 0.296724 0.681218 0.013250 0.004152
0 0.369107 0.667732 0.012009 0.004155
0 0.314635 0.275712 0.005603 0.004272
0 0.356563 0.275704 0.005561 0.004272
0 0.356646 0.196083 0.007099 0.004124
0 0.213342 0.196577 0.005640 0.004178
0 0.318514 0.202821 0.005640 0.004218
0 0.574450 0.105140 0.011854 0.004283
0 0.301018 0.156679 0.008515 0.004192
0 0.217100 0.305378 0.008404 0.004195
0 0.261862 0.204478 0.013331 0.004346
0 0.651795 0.324915 0.005638 0.004317
0 0.572395 0.305124 0.008582 0.004366
0 0.573794 0.343230 0.011775 0.004295
0 0.597718 0.183433 0.006732 0.004295
0 0.219605 0.150113 0.011832 0.004209
0 0.205318 0.252629 0.006881 0.004095
0 0.188546 0.305648 0.011930 0.004320
0 0.261745 0.264761 0.006690 0.004203
0 0.193344 0.177952 0.012116 0.004238
0 0.608145 0.105856 0.008549 0.004263
0 0.638049 0.149117 0.013409 0.004429
0 0.683509 0.157622 0.005636 0.004146
0 0.605261 0.257997 0.008870 0.004320
0 0.721381 0.157072 0.005636 0.004146
0 0.612557 0.313957 0.006960 0.004260
0 0.653084 0.292649 0.012063 0.004295
0 0.693614 0.235110 0.006929 0.004275
0 0.659233 0.234691 0.005612 0.004315
0 0.313310 0.937787 0.004699 0.004260
0 0.290075 0.929047 0.022220 0.008421
0 0.312407 0.929235 0.017258 0.008421
0 0.303110 0.429336 0.022218 0.008424
0 0.674769 0.444564 0.022220 0.008421
0 0.661515 0.944594 0.022220 0.008424
0 0.325417 0.429357 0.017258 0.008421
0 0.697104 0.444877 0.017258 0.008421
0 0.683719 0.944615 0.017258 0.008421
0 0.326685 0.437844 0.004699 0.004260
0 0.421814 0.660873 0.020284 0.006153