0 0.291308 0.395819 0.007483 0.005067
0 0.178306 0.584473 0.011064 0.005799
0 0.345920 0.531111 0.005666 0.005004
0 0.236243 0.508558 0.005805 0.004753
0 0.288272 0.344413 0.010302 0.005133
0 0.299273 0.530986 0.005666 0.005004
0 0.177304 0.391783 0.010490 0.004654
0 0.318660 0.448923 0.006307 0.004600
0 0.148358 0.577162 0.014890 0.006423
0 0.163933 0.508541 0.005666 0.005004
0 0.626693 0.508606 0.005487 0.004451
0 0.816163 0.473652 0.004789 0.004124
0 0.699135 0.405479 0.011084 0.004437
0 0.699032 0.508364 0.005519 0.004520
0 0.611428 0.577170 0.014521 0.006093
0 0.754351 0.395239 0.007300 0.004335
0 0.640283 0.391867 0.010073 0.004451
0 0.762408 0.531113 0.005525 0.004677
0 0.781561 0.448876 0.005664 0.004380
0 0.808789 0.531100 0.005694 0.004189
0 0.753146 0.344977 0.009690 0.004437
0 0.236206 0.405516 0.011396 0.004751
0 0.353269 0.473621 0.004963 0.004488
0 0.149775 0.441168 0.004963 0.004810
0 0.612826 0.441435 0.004963 0.004488
0 0.828038 0.395363 0.008763 0.004771
0 0.641101 0.584299 0.010604 0.005925
0 0.259901 0.770427 0.019387 0.008931
0 0.279723 0.770450 0.014924 0.008931
0 0.729573 0.770436 0.019315 0.008931
0 0.749571 0.770436 0.014781 0.008931