0 0.815577 0.580241 0.005428 0.004374
0 0.709073 0.666278 0.010973 0.005848
0 0.758219 0.487050 0.007137 0.004486
0 0.619609 0.487050 0.004775 0.004337
0 0.711298 0.453575 0.011223 0.004620
0 0.617977 0.625066 0.014818 0.005782
0 0.647922 0.632304 0.010552 0.005845
0 0.768850 0.450886 0.009605 0.004412
0 0.788678 0.487050 0.005730 0.004451
0 0.647111 0.409537 0.010087 0.004317
0 0.769109 0.580275 0.005585 0.004374
0 0.633584 0.556265 0.005612 0.004374
0 0.823864 0.518755 0.004777 0.004337
0 0.707324 0.556443 0.005585 0.004412
0 0.295630 0.378963 0.009599 0.004412
0 0.163910 0.553108 0.005571 0.004449
0 0.178246 0.629099 0.010685 0.005865
0 0.237687 0.553150 0.005573 0.004449
0 0.238131 0.406131 0.011016 0.004620
0 0.152099 0.477843 0.004733 0.004412
0 0.165635 0.403859 0.010064 0.004377
0 0.355880 0.514793 0.004731 0.004412
0 0.148291 0.622180 0.014838 0.005808
0 0.291875 0.432605 0.007312 0.004400
0 0.345905 0.572288 0.005378 0.004400
0 0.299354 0.572182 0.005571 0.004449
0 0.327701 0.473699 0.005827 0.004406
0 0.225948 0.669471 0.008511 0.006141
0 0.240145 0.770239 0.014862 0.008464
0 0.259755 0.770259 0.019252 0.008396
0 0.279853 0.770157 0.014669 0.008327
0 0.729626 0.770100 0.019458 0.008549
0 0.749604 0.770101 0.014663 0.008353