0 0.190516 0.574882 0.007056 0.004161
0 0.761863 0.597189 0.006764 0.004095
0 0.759550 0.460467 0.008767 0.004075
0 0.336136 0.479329 0.007070 0.004363
0 0.282326 0.529242 0.006901 0.004047
0 0.175759 0.409464 0.008612 0.004241
0 0.079772 0.497643 0.008918 0.003978
0 0.333108 0.581617 0.006687 0.004317
0 0.378496 0.433279 0.010520 0.004517
0 0.263781 0.581557 0.007058 0.004563
0 0.111784 0.531532 0.006591 0.004232
0 0.104322 0.366800 0.012448 0.004469
0 0.119583 0.574753 0.006786 0.004178
0 0.187097 0.629956 0.008668 0.004317
0 0.703633 0.410170 0.012017 0.004232
0 0.687666 0.604652 0.007131 0.004243
0 0.186411 0.481904 0.013246 0.004189
0 0.288858 0.377441 0.012110 0.004041
0 0.720038 0.519749 0.010941 0.004166
0 0.777879 0.524042 0.013345 0.004181
0 0.856600 0.550437 0.006720 0.004226
0 0.889506 0.688993 0.012158 0.004186
0 0.846761 0.592230 0.006780 0.004232
0 0.600353 0.407759 0.010248 0.004243
0 0.615753 0.510436 0.006980 0.004132
0 0.247599 0.479534 0.006655 0.004363
0 0.617679 0.604671 0.006710 0.004286
0 0.903162 0.573820 0.008767 0.004300
0 0.761267 0.656439 0.008624 0.004169
0 0.909073 0.757058 0.033020 0.012947
0 0.259230 0.756689 0.033020 0.012950
0 0.292134 0.756659 0.024900 0.011892
0 0.940969 0.756493 0.024900 0.011892
0 0.409906 0.371198 0.007751 0.004517
0 0.631848 0.345533 0.007749 0.004517