0 0.214016 0.688529 0.006939 0.003990
0 0.374363 0.801954 0.011854 0.004175
0 0.346261 0.803381 0.008444 0.004135
0 0.254799 0.640174 0.008336 0.004132
0 0.345639 0.690742 0.005612 0.004135
0 0.661611 0.833785 0.006696 0.004189
0 0.658934 0.754895 0.013298 0.004420
0 0.594027 0.749836 0.005672 0.004226
0 0.691309 0.119624 0.008565 0.004298
0 0.638929 0.292652 0.012063 0.004232
0 0.637536 0.324902 0.005654 0.004303
0 0.645003 0.234705 0.005747 0.004246
0 0.337621 0.265073 0.005567 0.004212
0 0.218635 0.147442 0.011817 0.004198
0 0.187534 0.302960 0.011916 0.004238
0 0.260906 0.302992 0.008396 0.004184
0 0.190121 0.763901 0.005545 0.004144
0 0.236826 0.763887 0.005543 0.004144
0 0.294713 0.756080 0.006629 0.004141
0 0.648414 0.660093 0.005569 0.004243
0 0.593457 0.568433 0.011809 0.004201
0 0.688031 0.712207 0.008471 0.004198
0 0.679408 0.235128 0.007060 0.004249
0 0.707127 0.157063 0.005646 0.004175
0 0.669243 0.157623 0.005644 0.004178
0 0.598340 0.313960 0.006851 0.004260
0 0.559135 0.262690 0.008549 0.004229
0 0.591112 0.258001 0.008858 0.004289
0 0.540147 0.192784 0.008575 0.004263
0 0.593999 0.105858 0.008521 0.004243
0 0.357895 0.744808 0.006853 0.003990
0 0.296735 0.681976 0.013268 0.004312
0 0.342983 0.628081 0.011753 0.004175
0 0.186355 0.718716 0.005614 0.004135
0 0.569531 0.868025 0.011888 0.004246
0 0.580117 0.816127 0.006798 0.004041
0 0.572383 0.731074 0.012063 0.004246
0 0.190049 0.146300 0.008485 0.004181
0 0.599249 0.687273 0.007099 0.004109
0 0.652651 0.593431 0.005595 0.004246
0 0.599747 0.866207 0.008517 0.004195
0 0.371517 0.664450 0.011956 0.004146
0 0.599879 0.634266 0.005674 0.004218
0 0.212354 0.193889 0.005684 0.004192
0 0.260825 0.201736 0.013329 0.004372
0 0.260763 0.262069 0.006667 0.004195
0 0.204326 0.249912 0.006891 0.004075
0 0.193303 0.177240 0.012027 0.004198
0 0.317594 0.200264 0.005698 0.004249
0 0.355659 0.193381 0.007074 0.004055
0 0.623876 0.149119 0.013308 0.004406
0 0.559595 0.343236 0.011823 0.004278
0 0.560184 0.105150 0.011870 0.004258
0 0.583458 0.183431 0.006919 0.004155
0 0.255088 0.140452 0.008414 0.004181
0 0.290171 0.429374 0.021471 0.008159
0 0.312407 0.429276 0.016468 0.007763
0 0.313275 0.437779 0.004588 0.003930
0 0.661383 0.444696 0.021678 0.007763
0 0.683689 0.444843 0.016538 0.007863
0 0.776784 0.929219 0.021592 0.007848
0 0.798988 0.929225 0.016561 0.007860
0 0.800291 0.937455 0.004576 0.004013
0 0.421931 0.660607 0.020498 0.006093
0 0.303554 0.929099 0.021680 0.008139
0 0.325943 0.929156 0.016424 0.008019
0 0.326676 0.937586 0.004665 0.003870