0 0.259967 0.704298 0.013244 0.004349
0 0.316696 0.702679 0.005654 0.004161
0 0.259943 0.764583 0.006675 0.004206
0 0.217773 0.649952 0.011898 0.004206
0 0.211543 0.696465 0.005654 0.004232
0 0.192432 0.679684 0.012122 0.004172
0 0.354773 0.695945 0.007068 0.004064
0 0.189207 0.648829 0.008408 0.004195
0 0.254435 0.642323 0.008539 0.004195
0 0.260017 0.805549 0.008408 0.004195
0 0.311721 0.768896 0.005573 0.004221
0 0.186687 0.805527 0.011840 0.004300
0 0.558985 0.694573 0.012116 0.004238
0 0.697275 0.712908 0.005716 0.004243
0 0.634634 0.829417 0.008414 0.004192
0 0.572928 0.772382 0.006923 0.004075
0 0.621677 0.662481 0.008416 0.004192
0 0.735543 0.709137 0.007113 0.004075
0 0.636320 0.775987 0.006675 0.004229
0 0.739411 0.783826 0.005591 0.004238
0 0.692277 0.783807 0.005585 0.004235
0 0.627027 0.708022 0.013224 0.004320
0 0.556719 0.822432 0.011773 0.004243
0 0.585316 0.656633 0.011793 0.004238
0 0.579846 0.715228 0.005624 0.004346
0 0.320833 0.195688 0.005628 0.004166
0 0.262763 0.201741 0.013292 0.004246
0 0.301956 0.153954 0.008459 0.004192
0 0.218030 0.302686 0.008372 0.004129
0 0.189462 0.302947 0.011848 0.004144
0 0.206225 0.249902 0.006833 0.003970
0 0.262672 0.262049 0.006649 0.004149
0 0.341982 0.265040 0.005535 0.004192
0 0.357590 0.193361 0.007040 0.004021
0 0.220546 0.147392 0.011735 0.004149
0 0.194170 0.169981 0.012063 0.004146
0 0.744558 0.164592 0.011956 0.004146
0 0.587056 0.188672 0.006939 0.003990
0 0.563161 0.264044 0.005545 0.004144
0 0.609866 0.264030 0.005543 0.004144
0 0.667753 0.256223 0.006629 0.004141
0 0.730935 0.244950 0.006855 0.003990
0 0.669775 0.182119 0.013268 0.004312
0 0.716024 0.128223 0.011753 0.004175
0 0.747404 0.302096 0.011854 0.004175
0 0.719302 0.303524 0.008444 0.004135
0 0.627839 0.140316 0.008336 0.004132
0 0.718679 0.190885 0.005612 0.004135
0 0.559396 0.218859 0.005614 0.004135
0 0.214268 0.193840 0.005626 0.004135
0 0.203432 0.752489 0.006784 0.004021
0 0.353601 0.768909 0.005573 0.004218
0 0.794758 0.160825 0.019954 0.006193
0 0.835820 0.267818 0.020562 0.005771
0 0.303500 0.429332 0.021979 0.008017
0 0.325777 0.429394 0.016671 0.008017
0 0.326700 0.437760 0.004671 0.003591
0 0.676510 0.429213 0.021793 0.008088
0 0.698743 0.429374 0.016538 0.008017
0 0.699652 0.437794 0.004604 0.003693
0 0.663216 0.929129 0.021979 0.008017
0 0.685866 0.929260 0.017467 0.008017
0 0.686266 0.937676 0.004699 0.003816
0 0.289857 0.929142 0.021979 0.008019
0 0.312123 0.929178 0.016536 0.008017
0 0.313266 0.937592 0.004417 0.003813