0 0.819218 0.540593 0.006524 0.004537
0 0.737301 0.565698 0.007034 0.005070
0 0.659599 0.565541 0.006081 0.005161
0 0.586992 0.384527 0.014729 0.004694
0 0.171251 0.350209 0.014753 0.003668
0 0.741748 0.418351 0.013272 0.004694
0 0.131398 0.505513 0.005968 0.004409
0 0.142389 0.595680 0.005990 0.004890
0 0.679716 0.443755 0.012053 0.004694
0 0.167749 0.495985 0.005992 0.004400
0 0.207492 0.509553 0.008924 0.004474
0 0.269558 0.595754 0.006853 0.004611
0 0.385274 0.647038 0.012100 0.004716
0 0.278414 0.477800 0.013488 0.004759
0 0.379823 0.453817 0.011977 0.004363
0 0.349450 0.577313 0.005678 0.004622
0 0.347016 0.505576 0.005896 0.004426
0 0.337963 0.442742 0.009003 0.004657
0 0.345391 0.647043 0.009041 0.004557
0 0.805894 0.613203 0.009285 0.004691
0 0.199819 0.595769 0.005803 0.004927
0 0.859661 0.471848 0.012130 0.004506
0 0.599945 0.565660 0.005813 0.004731
0 0.593031 0.468586 0.005688 0.004486
0 0.626336 0.458968 0.006067 0.004343
0 0.850212 0.395208 0.012613 0.004506
0 0.791924 0.390561 0.009067 0.004776
0 0.840761 0.613216 0.012168 0.004887
0 0.718631 0.754701 0.027417 0.009892
0 0.746798 0.754634 0.021052 0.009627
0 0.763932 0.763853 0.006043 0.004639
0 0.249187 0.754949 0.027417 0.009892
0 0.277206 0.754949 0.021054 0.009630
0 0.294416 0.763795 0.006043 0.004637
0 0.813892 0.460825 0.005825 0.004506
0 0.129372 0.347679 0.007546 0.003668