0 0.597718 0.683290 0.006732 0.004295
0 0.226789 0.866082 0.008884 0.004457
0 0.226820 0.634132 0.006000 0.004577
0 0.608141 0.605596 0.008783 0.004597
0 0.638109 0.648899 0.013647 0.004853
0 0.574368 0.604862 0.012214 0.004696
0 0.196694 0.867890 0.012295 0.004659
0 0.207061 0.816005 0.007115 0.004696
0 0.288652 0.833571 0.007020 0.004503
0 0.285895 0.754798 0.013542 0.004739
0 0.221064 0.749738 0.006029 0.004714
0 0.199293 0.730936 0.012255 0.004585
0 0.226250 0.687166 0.007383 0.004637
0 0.279702 0.593488 0.005900 0.004702
0 0.220494 0.568418 0.012085 0.004628
0 0.275476 0.660063 0.005849 0.004753
0 0.563138 0.263930 0.005942 0.004885
0 0.219696 0.150054 0.012190 0.004594
0 0.301070 0.156616 0.008821 0.004580
0 0.217208 0.305202 0.008823 0.004528
0 0.261902 0.204316 0.013532 0.004648
0 0.559405 0.218740 0.005914 0.004639
0 0.718636 0.190690 0.005968 0.004600
0 0.627824 0.140342 0.008749 0.004639
0 0.719138 0.303386 0.008753 0.004514
0 0.747345 0.301852 0.012261 0.004674
0 0.715954 0.128118 0.012098 0.004580
0 0.669642 0.182087 0.013566 0.004534
0 0.318546 0.202636 0.005906 0.004474
0 0.587058 0.188651 0.007225 0.004574
0 0.303049 0.429333 0.022152 0.008475
0 0.325418 0.429413 0.016784 0.008601
0 0.326670 0.437857 0.004971 0.003853
0 0.676494 0.429219 0.022152 0.008475
0 0.403617 0.929250 0.022152 0.008475
0 0.674747 0.944595 0.022152 0.008472
0 0.698858 0.429285 0.016784 0.008601
0 0.426057 0.929152 0.016784 0.008604
0 0.697184 0.944716 0.017117 0.008601
0 0.699505 0.437871 0.004971 0.003853
0 0.427132 0.937640 0.004971 0.003853
0 0.205342 0.252563 0.007088 0.004477
0 0.188711 0.305549 0.012301 0.004748
0 0.261779 0.264573 0.007048 0.004511
0 0.193462 0.177857 0.012432 0.004503
0 0.744406 0.164560 0.012216 0.004480
0 0.667712 0.256059 0.007070 0.004668
0 0.609935 0.263937 0.005761 0.004642
0 0.730810 0.244946 0.007088 0.004551
0 0.314712 0.275603 0.005837 0.004565
0 0.356621 0.275584 0.005839 0.004773
0 0.356651 0.196070 0.007310 0.004668
0 0.213381 0.196375 0.005880 0.004457
0 0.315039 0.712093 0.008890 0.004597
0 0.721277 0.656746 0.005843 0.004514
0 0.693482 0.734825 0.007193 0.004560
0 0.651698 0.824580 0.005833 0.004702
0 0.572304 0.804822 0.008763 0.004685
0 0.573732 0.842922 0.011900 0.004625
0 0.605178 0.757751 0.009148 0.004873
0 0.653022 0.792354 0.012432 0.004600
0 0.683452 0.657320 0.005751 0.004466
0 0.612563 0.813672 0.007274 0.004545
0 0.659128 0.734397 0.005823 0.004617
0 0.794767 0.160886 0.020580 0.005956
0 0.835809 0.267955 0.020580 0.005953