0 0.288290 0.303453 0.005607 0.003622
0 0.167567 0.263720 0.005237 0.003360
0 0.240809 0.755752 0.010584 0.003326
0 0.290713 0.819775 0.005360 0.003528
0 0.155710 0.723118 0.009567 0.003425
0 0.168533 0.811661 0.005533 0.003414
0 0.136101 0.891489 0.009655 0.003149
0 0.233792 0.855289 0.006951 0.003403
0 0.153054 0.784628 0.009569 0.003391
0 0.234466 0.811241 0.005571 0.003309
0 0.346156 0.819775 0.005545 0.003528
0 0.237831 0.701707 0.006861 0.003283
0 0.194828 0.664322 0.009406 0.003411
0 0.172867 0.784618 0.005372 0.003343
0 0.285587 0.754201 0.008845 0.003283
0 0.309647 0.779040 0.005303 0.003152
0 0.350206 0.746837 0.005674 0.003351
0 0.682056 0.707135 0.006962 0.003240
0 0.683893 0.815725 0.005372 0.003254
0 0.624962 0.821654 0.005664 0.003371
0 0.567844 0.746821 0.005545 0.003280
0 0.637644 0.667184 0.009545 0.003363
0 0.161641 0.132883 0.009887 0.003548
0 0.173762 0.298048 0.005388 0.003317
0 0.548295 0.341881 0.006790 0.003420
0 0.658314 0.442452 0.024739 0.009139
0 0.683705 0.442509 0.019694 0.009139
0 0.285313 0.442732 0.024739 0.009139
0 0.310882 0.442422 0.019784 0.008515
0 0.427425 0.942543 0.024739 0.009139
0 0.800520 0.942207 0.024739 0.009139
0 0.825817 0.942335 0.019976 0.009139
0 0.603090 0.298175 0.005446 0.003280
0 0.538138 0.298095 0.005348 0.003309
0 0.540614 0.263762 0.005337 0.003243
0 0.604699 0.224313 0.010546 0.003320
0 0.648475 0.214534 0.005352 0.003374
0 0.681311 0.141268 0.009569 0.003357
0 0.676058 0.261801 0.005442 0.003283
0 0.661281 0.314694 0.005614 0.003329
0 0.716389 0.314705 0.005384 0.003460
0 0.534508 0.132917 0.009375 0.003326
0 0.525104 0.201587 0.009506 0.003363
0 0.525116 0.234077 0.009607 0.003252
0 0.718813 0.222229 0.005569 0.003368
0 0.275438 0.222419 0.005287 0.003465
0 0.227384 0.341894 0.006885 0.003428
0 0.230101 0.298150 0.005605 0.003306
0 0.226841 0.224302 0.010522 0.003326
0 0.308209 0.141334 0.009619 0.003209
0 0.345760 0.222257 0.005616 0.003465
0 0.303020 0.261901 0.005481 0.003215
0 0.218379 0.166765 0.006841 0.003368
0 0.142142 0.236804 0.007084 0.003160
0 0.343355 0.303501 0.005311 0.003428
0 0.759002 0.778465 0.005612 0.003611
0 0.696524 0.757559 0.010780 0.003463
0 0.650540 0.754084 0.008958 0.003579
0 0.683287 0.862528 0.007115 0.003824
0 0.796033 0.796899 0.007137 0.003944
0 0.569286 0.821602 0.005507 0.003534
0 0.751227 0.811593 0.005577 0.003750
0 0.785274 0.888311 0.009653 0.003981
0 0.379405 0.185681 0.008356 0.003588
0 0.355345 0.681006 0.008170 0.003562
0 0.555614 0.665271 0.008140 0.003371
0 0.752501 0.185727 0.008096 0.003309
0 0.323300 0.582586 0.006174 0.003371
0 0.404439 0.136248 0.006174 0.003371
0 0.777395 0.136362 0.006174 0.003371
0 0.580572 0.615806 0.006174 0.003371