0 0.643947 0.458481 0.011695 0.008535
0 0.421400 0.346403 0.012251 0.008438
0 0.348856 0.413806 0.011695 0.008535
0 0.421173 0.358518 0.012049 0.008979
0 0.302525 0.433540 0.011948 0.008381
0 0.302422 0.421753 0.011606 0.008865
0 0.440105 0.573090 0.011686 0.008694
0 0.343359 0.618826 0.017381 0.008723
0 0.315445 0.516291 0.011664 0.008786
0 0.544019 0.580539 0.011664 0.008786
0 0.497231 0.336323 0.017383 0.008723
0 0.631396 0.579099 0.011662 0.008786
0 0.592884 0.425559 0.012164 0.008888