0 0.218128 0.453584 0.004602 0.004255
0 0.254549 0.437170 0.004431 0.004269
0 0.320271 0.449970 0.010838 0.004266
0 0.386516 0.399027 0.009345 0.004238
0 0.421058 0.360318 0.017985 0.004203
0 0.421196 0.408984 0.009778 0.004340
0 0.396315 0.462240 0.004735 0.004172
0 0.401588 0.534618 0.004602 0.004238
0 0.741457 0.383381 0.009680 0.004431
0 0.665797 0.584373 0.006968 0.004209
0 0.818747 0.439322 0.004735 0.004280
0 0.807869 0.549356 0.004576 0.004189
0 0.862316 0.474384 0.004737 0.004209
0 0.628402 0.594541 0.007552 0.003827
0 0.843596 0.384583 0.002343 0.004115
0 0.635640 0.604124 0.017884 0.004212
0 0.621791 0.371237 0.009522 0.004132
0 0.622287 0.413036 0.006839 0.004175
0 0.674039 0.405734 0.004677 0.004315
0 0.718383 0.383314 0.009911 0.004298
0 0.425872 0.612437 0.009698 0.004275
0 0.721180 0.432323 0.004624 0.004280
0 0.671964 0.510379 0.005386 0.004047
0 0.742279 0.534111 0.010824 0.004084
0 0.854222 0.549453 0.004721 0.004235
0 0.628360 0.590741 0.007346 0.003773
0 0.386242 0.612428 0.007161 0.004269
0 0.315705 0.558631 0.005350 0.004169
0 0.233127 0.562018 0.004602 0.004258
0 0.180678 0.562033 0.004459 0.004295
0 0.146931 0.407836 0.002527 0.004346
0 0.431523 0.369081 0.007342 0.003685
0 0.431654 0.372848 0.007580 0.003702
0 0.178305 0.460953 0.004679 0.004238
0 0.247081 0.754568 0.018870 0.008800
0 0.266377 0.754618 0.014374 0.008803
0 0.270351 0.766270 0.004614 0.004423
0 0.716691 0.754685 0.018870 0.008800
0 0.736108 0.754630 0.014183 0.008803
0 0.740062 0.766213 0.004743 0.004252