0 0.318059 0.388017 0.004455 0.002745
0 0.229085 0.420485 0.006968 0.003649
0 0.313078 0.388025 0.004237 0.002999
0 0.133293 0.621558 0.006873 0.003817
0 0.215591 0.621601 0.006843 0.003794
0 0.293095 0.577346 0.004388 0.003763
0 0.136876 0.574353 0.004314 0.003672
0 0.268912 0.477405 0.004304 0.003720
0 0.227594 0.488957 0.005779 0.003672
0 0.964363 0.751576 0.005571 0.004880
0 0.904077 0.741899 0.011676 0.009350
0 0.773809 0.510218 0.005785 0.004005
0 0.923663 0.741899 0.022785 0.009401
0 0.946213 0.741874 0.017282 0.009256
0 0.173345 0.500264 0.004513 0.003754
0 0.141841 0.527691 0.005591 0.003769
0 0.288660 0.615668 0.006935 0.003663
0 0.308261 0.480329 0.004517 0.003646
0 0.106560 0.506968 0.007296 0.003766
0 0.464518 0.751628 0.005454 0.004590
0 0.447199 0.741933 0.016796 0.009036
0 0.424564 0.741809 0.022519 0.009062
0 0.212278 0.559863 0.005285 0.003820
0 0.114705 0.506823 0.006734 0.003697