0 0.343355 0.303501 0.005311 0.003428
0 0.624981 0.829145 0.005569 0.003528
0 0.816807 0.757729 0.009690 0.003266
0 0.787621 0.819622 0.009448 0.003212
0 0.747031 0.811728 0.005386 0.003257
0 0.555560 0.665284 0.008046 0.003460
0 0.309016 0.707135 0.006962 0.003240
0 0.696614 0.257773 0.010600 0.003320
0 0.310853 0.815725 0.005374 0.003254
0 0.251922 0.821654 0.005662 0.003371
0 0.310380 0.862784 0.006849 0.003311
0 0.423081 0.797164 0.006964 0.003414
0 0.196334 0.821667 0.005329 0.003403
0 0.194805 0.746821 0.005543 0.003280
0 0.182573 0.665271 0.008140 0.003371
0 0.264604 0.667184 0.009543 0.003363
0 0.378283 0.811787 0.005384 0.003363
0 0.386098 0.778594 0.005337 0.003354
0 0.323573 0.757630 0.010600 0.003320
0 0.277634 0.754219 0.008688 0.003309
0 0.684391 0.718230 0.010584 0.003283
0 0.759347 0.778635 0.005388 0.003482
0 0.683889 0.815705 0.005493 0.003249
0 0.637355 0.667200 0.009492 0.003531
0 0.605801 0.785355 0.005493 0.003283
0 0.569461 0.829018 0.005458 0.003571
0 0.567806 0.746897 0.005601 0.003283
0 0.736118 0.862796 0.006901 0.003283
0 0.759139 0.278736 0.005337 0.003354
0 0.751324 0.311929 0.005384 0.003363
0 0.785274 0.388782 0.009653 0.003326
0 0.637644 0.167327 0.009545 0.003363
0 0.555614 0.165413 0.008140 0.003371
0 0.567844 0.246964 0.005545 0.003280
0 0.569374 0.321810 0.005329 0.003403
0 0.796120 0.297307 0.006962 0.003414
0 0.683420 0.362927 0.006849 0.003311
0 0.624962 0.321797 0.005664 0.003371
0 0.683893 0.315868 0.005372 0.003254
0 0.682056 0.207277 0.006962 0.003240
0 0.161641 0.132883 0.009887 0.003548
0 0.173762 0.298048 0.005388 0.003317
0 0.167567 0.263720 0.005237 0.003360
0 0.288290 0.303453 0.005607 0.003622
0 0.379405 0.185681 0.008356 0.003588
0 0.142142 0.236804 0.007084 0.003160
0 0.218379 0.166765 0.006841 0.003368
0 0.303020 0.261901 0.005481 0.003215
0 0.345760 0.222257 0.005616 0.003465
0 0.308209 0.141334 0.009619 0.003209
0 0.226841 0.224302 0.010522 0.003326
0 0.230101 0.298150 0.005605 0.003306
0 0.227384 0.341894 0.006885 0.003428
0 0.275438 0.222419 0.005287 0.003465
0 0.650674 0.254362 0.008690 0.003309
0 0.800551 0.942184 0.025362 0.008763
0 0.825971 0.942284 0.019869 0.008763
0 0.427696 0.942187 0.025362 0.008763
0 0.285306 0.442486 0.025362 0.008763
0 0.800566 0.442444 0.025364 0.008763
0 0.310825 0.442486 0.019869 0.008763
0 0.826163 0.442806 0.019869 0.008763
0 0.580575 0.116060 0.006289 0.003371
0 0.404500 0.136428 0.006289 0.003371
0 0.207625 0.616012 0.006289 0.003371
0 0.580572 0.615949 0.006291 0.003371
0 0.412235 0.888468 0.009655 0.003668
0 0.785096 0.888465 0.010006 0.003662