0 0.790014 0.708780 0.005460 0.003351
0 0.643077 0.711337 0.005460 0.003095
0 0.740398 0.691385 0.010746 0.003511
0 0.192112 0.652756 0.005412 0.003494
0 0.253537 0.698460 0.005515 0.003394
0 0.314984 0.790569 0.005535 0.003531
0 0.188001 0.216252 0.005396 0.003494
0 0.159082 0.225154 0.006800 0.003354
0 0.228182 0.146867 0.009625 0.003383
0 0.193412 0.149769 0.005402 0.003494
0 0.603382 0.212602 0.006510 0.003351
0 0.705721 0.207374 0.005495 0.003354
0 0.575114 0.206091 0.005356 0.003360
0 0.666306 0.159622 0.006768 0.003309
0 0.813471 0.802833 0.014554 0.003351
0 0.567077 0.667159 0.007022 0.003408
0 0.275766 0.431656 0.018914 0.007028
0 0.294895 0.431651 0.014413 0.007087
0 0.302838 0.439761 0.003036 0.002474
0 0.492154 0.206046 0.005356 0.003360
0 0.500514 0.259657 0.005392 0.003480
0 0.810719 0.199719 0.009571 0.003360
0 0.803495 0.251788 0.005382 0.003508
0 0.810391 0.291807 0.009486 0.003374
0 0.810232 0.296867 0.014475 0.003263
0 0.648714 0.431781 0.018775 0.007107
0 0.667850 0.431744 0.014523 0.007187
0 0.675802 0.439865 0.003036 0.002499
0 0.275728 0.931679 0.018610 0.007028
0 0.294918 0.931640 0.014358 0.006951
0 0.302842 0.939762 0.003036 0.002419
0 0.678613 0.786767 0.007082 0.003411
0 0.692972 0.705483 0.006488 0.003351
0 0.801647 0.749759 0.005539 0.003497
0 0.210791 0.833112 0.006800 0.003351
0 0.231724 0.703552 0.005511 0.003406
0 0.338191 0.710170 0.005525 0.003525
0 0.185752 0.775720 0.006297 0.003346
0 0.160663 0.139648 0.014181 0.003286
0 0.160827 0.134632 0.009520 0.003360
0 0.289080 0.226294 0.006498 0.003411
0 0.239418 0.300527 0.010615 0.003511
0 0.316119 0.326143 0.006879 0.003326
0 0.648860 0.296868 0.006851 0.003408
0 0.714716 0.251885 0.005382 0.003508
0 0.582436 0.259714 0.005392 0.003480
0 0.788677 0.675262 0.006929 0.003394
0 0.813299 0.797818 0.009472 0.003326
0 0.789907 0.800701 0.006879 0.003357
0 0.489141 0.708346 0.009633 0.003337
0 0.516363 0.675412 0.005404 0.003351
0 0.499164 0.771211 0.005412 0.003494
0 0.547374 0.798558 0.007022 0.003408
0 0.579322 0.708190 0.006841 0.003340
0 0.814351 0.690594 0.009633 0.003337
0 0.744480 0.771297 0.006297 0.003380
0 0.235747 0.790993 0.010723 0.003497
0 0.160668 0.639457 0.014183 0.003326
0 0.160882 0.634443 0.009520 0.003323
0 0.160273 0.680677 0.006800 0.003354
0 0.727582 0.199830 0.009571 0.003360
0 0.196273 0.272022 0.006297 0.003337
0 0.193938 0.312960 0.006800 0.003417
0 0.336876 0.199775 0.005523 0.003522
0 0.314926 0.279225 0.005396 0.003494
0 0.226253 0.221587 0.005386 0.003351
0 0.278164 0.281607 0.006758 0.003272
0 0.253538 0.198557 0.005493 0.003394
0 0.348293 0.239179 0.006798 0.003380
0 0.665303 0.201186 0.010623 0.003511
0 0.662629 0.257646 0.006287 0.003380
0 0.630897 0.208652 0.006899 0.003351
0 0.617645 0.259714 0.005485 0.003508
0 0.725704 0.296983 0.014475 0.003263
0 0.725708 0.292009 0.009486 0.003374
0 0.177856 0.718249 0.005400 0.003537
0 0.289876 0.725296 0.006498 0.003371
0 0.228172 0.646741 0.009623 0.003445
0 0.583958 0.781721 0.005414 0.003494
0 0.623068 0.781744 0.005523 0.003494
0 0.648655 0.931416 0.018801 0.006971
0 0.668021 0.931505 0.014499 0.007033
0 0.675813 0.939631 0.003091 0.002482