0 0.494521 0.848850 0.018142 0.011548
0 0.324422 0.673241 0.015376 0.011100
0 0.515196 0.573588 0.015527 0.011120
0 0.372239 0.921375 0.023713 0.010995
0 0.314121 0.921981 0.031818 0.011220
0 0.516113 0.703177 0.036096 0.011770
0 0.396994 0.528739 0.018954 0.011565
0 0.738913 0.424017 0.052915 0.011374
0 0.477774 0.414017 0.015063 0.011306
0 0.680096 0.573602 0.015527 0.011120
0 0.387649 0.615748 0.015390 0.012289
0 0.357037 0.808402 0.019085 0.011873
0 0.366849 0.691502 0.031792 0.010678
0 0.690773 0.703545 0.016720 0.011770