0 0.400136 0.471190 0.013921 0.005936
0 0.594534 0.466810 0.011203 0.006540
0 0.588481 0.597385 0.007802 0.006067
0 0.517997 0.586388 0.007189 0.006842
0 0.675860 0.562885 0.007256 0.006044
0 0.674087 0.527325 0.007526 0.006233
0 0.586506 0.508767 0.015789 0.006044
0 0.842536 0.625294 0.010915 0.006238
0 0.885891 0.466929 0.011201 0.006540
0 0.835096 0.519634 0.011223 0.006888
0 0.910416 0.535940 0.014352 0.006478
0 0.763431 0.530787 0.014241 0.006897
0 0.734968 0.537273 0.014280 0.006623
0 0.673697 0.625540 0.010913 0.006241
0 0.569437 0.644876 0.011201 0.006543
0 0.508678 0.522053 0.014028 0.006312
0 0.535132 0.521327 0.006960 0.006347
0 0.793251 0.530588 0.010451 0.006204
0 0.638638 0.514558 0.010453 0.006204
0 0.507676 0.639789 0.009057 0.004332
0 0.879445 0.529051 0.014030 0.006309
0 0.908031 0.587311 0.007189 0.006842
0 0.793343 0.600956 0.007189 0.006842
0 0.746466 0.600930 0.007189 0.006842
0 0.772121 0.644530 0.011201 0.006540
0 0.946678 0.578669 0.011201 0.006543
0 0.122671 0.478263 0.010048 0.005999
0 0.246722 0.423652 0.015559 0.006005
0 0.176576 0.422783 0.013893 0.005856
0 0.236155 0.362628 0.010153 0.005779
0 0.149903 0.431204 0.013992 0.005674
0 0.133515 0.363970 0.013937 0.005825
0 0.391102 0.537398 0.006673 0.005671
0 0.331955 0.537419 0.006679 0.005777
0 0.366700 0.444514 0.006851 0.005608
0 0.308831 0.437021 0.010429 0.005873
0 0.131059 0.586438 0.008739 0.003807
0 0.253568 0.523933 0.006577 0.005757
0 0.259654 0.589685 0.010157 0.005839
0 0.158450 0.512774 0.006607 0.005674
0 0.699535 0.380419 0.008185 0.004793
0 0.699585 0.432568 0.008185 0.004793
0 0.264355 0.752987 0.020486 0.008817
0 0.285484 0.753068 0.015614 0.008820
0 0.287978 0.764439 0.005346 0.004722
0 0.721311 0.772875 0.020486 0.008817
0 0.742473 0.772930 0.015799 0.008817
0 0.728583 0.481227 0.011866 0.006141