0 0.227093 0.832646 0.006800 0.003354
0 0.248566 0.703524 0.005374 0.003354
0 0.270421 0.698417 0.005513 0.003394
0 0.355025 0.707874 0.005364 0.003494
0 0.252589 0.790801 0.010627 0.003494
0 0.734984 0.165759 0.007030 0.003351
0 0.720180 0.209662 0.006889 0.003377
0 0.623600 0.285091 0.007030 0.003354
0 0.483532 0.190738 0.009329 0.003351
0 0.508655 0.173679 0.006881 0.003351
0 0.812632 0.208491 0.009601 0.003354
0 0.675395 0.281877 0.005462 0.003480
0 0.494654 0.250338 0.005392 0.003480
0 0.714409 0.281871 0.005416 0.003571
0 0.796796 0.271381 0.005537 0.003525
0 0.486760 0.287364 0.009531 0.003408
0 0.510006 0.292542 0.006770 0.003254
0 0.506994 0.211089 0.005384 0.003368
0 0.235747 0.291136 0.010723 0.003497
0 0.160668 0.139600 0.014183 0.003326
0 0.160882 0.134585 0.009520 0.003323
0 0.210791 0.333254 0.006800 0.003351
0 0.231724 0.203695 0.005511 0.003406
0 0.160273 0.180819 0.006800 0.003354
0 0.192112 0.152898 0.005412 0.003494
0 0.253537 0.198602 0.005515 0.003394
0 0.338191 0.210312 0.005525 0.003525
0 0.185752 0.275862 0.006297 0.003346
0 0.314984 0.290711 0.005535 0.003531
0 0.642456 0.768435 0.006278 0.003374
0 0.331830 0.790365 0.005396 0.003494
0 0.208978 0.652739 0.005364 0.003494
0 0.194734 0.718256 0.005362 0.003494
0 0.306779 0.725115 0.006498 0.003323
0 0.177856 0.218391 0.005400 0.003537
0 0.289876 0.225439 0.006498 0.003371
0 0.228172 0.146884 0.009623 0.003445
0 0.553550 0.271461 0.006299 0.003366
0 0.607173 0.205685 0.006520 0.003306
0 0.560329 0.191549 0.010596 0.003497
0 0.656458 0.211500 0.005384 0.003081
0 0.780819 0.174295 0.005470 0.003368
0 0.202616 0.775523 0.006297 0.003340
0 0.671676 0.717296 0.006927 0.003334
0 0.636772 0.696928 0.010594 0.003534
0 0.669237 0.673646 0.006941 0.003292
0 0.600845 0.798273 0.006784 0.003380
0 0.576249 0.797984 0.014493 0.003337
0 0.576258 0.792881 0.009486 0.003357
0 0.177055 0.680667 0.006800 0.003351
0 0.699209 0.716569 0.006486 0.003351
0 0.245041 0.646703 0.009591 0.003380
0 0.718544 0.781445 0.005382 0.003448
0 0.683521 0.781421 0.005475 0.003514
0 0.584854 0.752739 0.005392 0.003511
0 0.675642 0.439893 0.003171 0.002813
0 0.589595 0.712331 0.005315 0.003380
0 0.596933 0.690750 0.008886 0.003294
0 0.571999 0.697994 0.009563 0.003351
0 0.725658 0.710913 0.005380 0.003377
0 0.177552 0.639457 0.014181 0.003326
0 0.177592 0.634443 0.009522 0.003323
0 0.752463 0.297561 0.007364 0.003728
0 0.486962 0.292454 0.014499 0.003374
0 0.648646 0.431746 0.019049 0.007013
0 0.667792 0.431597 0.014487 0.007013
0 0.275785 0.431831 0.019049 0.007013
0 0.294753 0.432019 0.014564 0.007013
0 0.275835 0.931537 0.019049 0.007013
0 0.294863 0.931475 0.014505 0.007013
0 0.648646 0.931579 0.019049 0.007016
0 0.667742 0.931643 0.014465 0.007013
0 0.675726 0.939602 0.003171 0.002813
0 0.302746 0.939805 0.003171 0.002813
0 0.302801 0.439987 0.003171 0.002813