0 0.482394 0.364872 0.015402 0.011117
0 0.482440 0.380088 0.015293 0.010861
0 0.483178 0.516938 0.014701 0.010775
0 0.346570 0.571293 0.014594 0.011206
0 0.576939 0.358600 0.015233 0.010946
0 0.639537 0.409872 0.014689 0.010975
0 0.372138 0.697332 0.021906 0.010775
0 0.493647 0.636727 0.021906 0.010775
0 0.622621 0.636682 0.021906 0.010775
0 0.621573 0.539930 0.014594 0.011206
0 0.317189 0.425723 0.014741 0.010670
0 0.317402 0.440587 0.015110 0.010969
0 0.367270 0.323826 0.014689 0.011060
0 0.367322 0.338814 0.014608 0.010661
0 0.479138 0.283771 0.021906 0.010775