0 0.216556 0.712331 0.005317 0.003380
0 0.263733 0.696928 0.010596 0.003534
0 0.223893 0.690750 0.008886 0.003294
0 0.198958 0.697994 0.009563 0.003351
0 0.352617 0.710913 0.005380 0.003377
0 0.545885 0.702636 0.005370 0.003329
0 0.634833 0.769423 0.006264 0.003394
0 0.602681 0.709062 0.006925 0.003363
0 0.554509 0.771503 0.005404 0.003508
0 0.575546 0.711187 0.006498 0.003366
0 0.589757 0.771496 0.005394 0.003465
0 0.697690 0.791868 0.009476 0.003366
0 0.686819 0.751736 0.005495 0.003494
0 0.326169 0.716569 0.006486 0.003351
0 0.298636 0.717296 0.006927 0.003334
0 0.296197 0.673646 0.006941 0.003292
0 0.227805 0.798273 0.006784 0.003380
0 0.203209 0.797984 0.014493 0.003337
0 0.637132 0.701170 0.010673 0.003485
0 0.675835 0.679364 0.008833 0.003340
0 0.698650 0.692291 0.009365 0.003374
0 0.602559 0.658628 0.006685 0.003423
0 0.671360 0.707204 0.005485 0.003340
0 0.671977 0.797543 0.006855 0.003357
0 0.203218 0.792881 0.009486 0.003357
0 0.269416 0.768435 0.006278 0.003374
0 0.345504 0.781445 0.005382 0.003448
0 0.310481 0.781421 0.005475 0.003514
0 0.211814 0.752739 0.005390 0.003511
0 0.263740 0.212267 0.010631 0.003480
0 0.345493 0.268237 0.005384 0.003508
0 0.310483 0.268236 0.005475 0.003477
0 0.211803 0.252893 0.005376 0.003471
0 0.288936 0.306084 0.006766 0.003351
0 0.259959 0.168723 0.006885 0.003386
0 0.352623 0.211046 0.005384 0.003340
0 0.216586 0.212447 0.005225 0.003326
0 0.199002 0.204374 0.009508 0.003311
0 0.576249 0.298126 0.014493 0.003337
0 0.699209 0.216711 0.006486 0.003351
0 0.671676 0.217438 0.006927 0.003334
0 0.636772 0.197070 0.010594 0.003534
0 0.324949 0.216727 0.006456 0.003337
0 0.669237 0.173789 0.006941 0.003292
0 0.576258 0.293024 0.009486 0.003357
0 0.600845 0.298416 0.006784 0.003380
0 0.642456 0.268578 0.006278 0.003374
0 0.718544 0.281587 0.005382 0.003448
0 0.683521 0.281563 0.005475 0.003514
0 0.584854 0.252881 0.005392 0.003511
0 0.589595 0.212474 0.005315 0.003380
0 0.596933 0.190892 0.008886 0.003294
0 0.571999 0.198136 0.009563 0.003351
0 0.725658 0.211056 0.005380 0.003377
0 0.298629 0.217464 0.006925 0.003340
0 0.203226 0.298102 0.014491 0.003192
0 0.203245 0.293022 0.009371 0.003292
0 0.264571 0.261914 0.006317 0.003360
0 0.275738 0.431547 0.018553 0.006783
0 0.294900 0.431606 0.014209 0.006500
0 0.302858 0.439873 0.002916 0.002653
0 0.648693 0.431603 0.018531 0.006825
0 0.667874 0.431603 0.014233 0.006552
0 0.675764 0.439795 0.003186 0.002730
0 0.697697 0.796714 0.014802 0.004719
0 0.783113 0.691975 0.009365 0.003374
0 0.771369 0.751727 0.005495 0.003494
0 0.781236 0.791728 0.009476 0.003366
0 0.781306 0.796938 0.014802 0.004716
0 0.648562 0.931614 0.018483 0.007076
0 0.667776 0.931556 0.014245 0.006765
0 0.675808 0.939614 0.003089 0.002932
0 0.275722 0.931499 0.018529 0.006891
0 0.294952 0.931398 0.014139 0.006552
0 0.302915 0.939518 0.003137 0.002457