0 0.436216 0.312256 0.020697 0.015738
0 0.572316 0.295828 0.032035 0.015584
0 0.619445 0.296213 0.020993 0.015556
0 0.524781 0.574478 0.021765 0.015410
0 0.370235 0.587876 0.020602 0.015525
0 0.904453 0.891700 0.054951 0.027261
0 0.231793 0.308994 0.043824 0.015707
0 0.747303 0.311256 0.042045 0.015516
0 0.763059 0.440802 0.048495 0.016115
0 0.610716 0.562107 0.020349 0.015747
0 0.254256 0.664062 0.020349 0.015747
0 0.227918 0.463267 0.021094 0.015542
0 0.357509 0.320774 0.021231 0.015465