0 0.626008 0.503746 0.014784 0.007286
0 0.656018 0.382109 0.014784 0.007286
0 0.701327 0.328550 0.009534 0.007055
0 0.701391 0.432255 0.009532 0.007058
0 0.260856 0.654778 0.014847 0.007229
0 0.844680 0.586977 0.009532 0.007055
0 0.781636 0.610586 0.009532 0.007055
0 0.777610 0.484236 0.020806 0.007201
0 0.320392 0.442597 0.023243 0.007223
0 0.208935 0.539790 0.009833 0.007118
0 0.273343 0.360231 0.009706 0.007144
0 0.259885 0.448667 0.009835 0.007278
0 0.228513 0.603472 0.009706 0.007144
0 0.303191 0.603580 0.011651 0.007212
0 0.324067 0.306249 0.016614 0.007497
0 0.195537 0.412540 0.016266 0.007543
0 0.268282 0.802958 0.032775 0.011753
0 0.302011 0.802893 0.025030 0.011750
0 0.699206 0.537494 0.023180 0.007241
0 0.275005 0.304628 0.014847 0.007226
0 0.261405 0.417185 0.012181 0.007090
0 0.810513 0.497080 0.009869 0.007192
0 0.636567 0.663481 0.020300 0.007429
0 0.755535 0.803046 0.032658 0.011776
0 0.708461 0.591471 0.011574 0.007286
0 0.831610 0.473378 0.020907 0.007144
0 0.780727 0.412942 0.012090 0.007018
0 0.755375 0.317003 0.009867 0.007192
0 0.789377 0.803059 0.024913 0.011767
0 0.759800 0.663823 0.014784 0.007286
0 0.637684 0.617144 0.014784 0.007286