0 0.554739 0.828300 0.030679 0.014324
0 0.480551 0.635520 0.018168 0.009068
0 0.618554 0.629086 0.024835 0.008817
0 0.429958 0.560448 0.011951 0.008751
0 0.551552 0.368811 0.011951 0.008751
0 0.551588 0.256958 0.011951 0.008751
0 0.615815 0.496233 0.018168 0.009068
0 0.593529 0.309905 0.018166 0.009068
0 0.463468 0.235820 0.012120 0.008977
0 0.444003 0.466840 0.012118 0.008977
0 0.410273 0.468221 0.025242 0.008979
0 0.416247 0.413901 0.025385 0.008857
0 0.465350 0.339481 0.014887 0.008826
0 0.414099 0.251596 0.019879 0.008962
0 0.536686 0.575553 0.014254 0.008979
0 0.560175 0.455773 0.028380 0.008922
0 0.513449 0.828481 0.040292 0.014624