0 0.296735 0.681976 0.013268 0.004312
0 0.342983 0.628081 0.011753 0.004175
0 0.374363 0.801954 0.011854 0.004175
0 0.346261 0.803381 0.008444 0.004135
0 0.254799 0.640174 0.008336 0.004132
0 0.345639 0.690742 0.005612 0.004135
0 0.186355 0.718716 0.005614 0.004135
0 0.569531 0.868025 0.011888 0.004246
0 0.580117 0.816127 0.006798 0.004041
0 0.661611 0.833785 0.006696 0.004189
0 0.658934 0.754895 0.013298 0.004420
0 0.594027 0.749836 0.005672 0.004226
0 0.572383 0.731074 0.012063 0.004246
0 0.599249 0.687273 0.007099 0.004109
0 0.652651 0.593431 0.005595 0.004246
0 0.366370 0.283968 0.005591 0.004238
0 0.687607 0.172387 0.007131 0.004067
0 0.253988 0.208165 0.013222 0.004320
0 0.648414 0.660093 0.005569 0.004243
0 0.593457 0.568433 0.011809 0.004201
0 0.688031 0.712207 0.008471 0.004198
0 0.599747 0.866207 0.008517 0.004195
0 0.371517 0.664450 0.011956 0.004146
0 0.599879 0.634266 0.005674 0.004218
0 0.214016 0.688529 0.006939 0.003990
0 0.190121 0.763901 0.005545 0.004144
0 0.236826 0.763887 0.005543 0.004144
0 0.294713 0.756080 0.006629 0.004141
0 0.357895 0.744808 0.006853 0.003990
0 0.732316 0.196902 0.005676 0.004263
0 0.635802 0.157667 0.005660 0.004243
0 0.650567 0.130078 0.011858 0.004146
0 0.594070 0.145064 0.006770 0.004058
0 0.185945 0.194715 0.012116 0.004238
0 0.324234 0.213051 0.005716 0.004243
0 0.261594 0.329560 0.008414 0.004192
0 0.199887 0.272525 0.006923 0.004075
0 0.248638 0.162623 0.008414 0.004192
0 0.362503 0.209279 0.007113 0.004075
0 0.263279 0.276130 0.006675 0.004229
0 0.183678 0.322575 0.011773 0.004243
0 0.206805 0.215370 0.005624 0.004346
0 0.212276 0.156775 0.011793 0.004238
0 0.557277 0.127243 0.011902 0.004209
0 0.728148 0.243504 0.005569 0.004215
0 0.681062 0.243475 0.005569 0.004215
0 0.635583 0.246928 0.013367 0.004332
0 0.578665 0.309000 0.011850 0.004172
0 0.590414 0.237347 0.006663 0.004166
0 0.635025 0.314641 0.008507 0.004209
0 0.555891 0.207945 0.008614 0.004206
0 0.319236 0.283950 0.005585 0.004235
0 0.799012 0.929169 0.016645 0.008119
0 0.325869 0.929118 0.016567 0.007937
0 0.684982 0.429360 0.016577 0.008364
0 0.312426 0.429386 0.016575 0.008142
0 0.290084 0.429339 0.021807 0.008122
0 0.662642 0.429382 0.021846 0.008150
0 0.303478 0.929169 0.021979 0.008062
0 0.776660 0.929233 0.021936 0.008447
0 0.800241 0.937740 0.004556 0.003688
0 0.326623 0.937714 0.004501 0.003682
0 0.686314 0.437767 0.004523 0.003577
0 0.313328 0.437814 0.004495 0.003767
0 0.421776 0.660705 0.020119 0.005748