0 0.651795 0.824772 0.005638 0.004317
0 0.572395 0.804981 0.008582 0.004366
0 0.573794 0.843088 0.011775 0.004295
0 0.597718 0.683290 0.006732 0.004295
0 0.605261 0.757854 0.008870 0.004320
0 0.653084 0.792506 0.012063 0.004295
0 0.674769 0.944813 0.021975 0.008082
0 0.697096 0.444859 0.016758 0.008299
0 0.310809 0.944808 0.016758 0.008299
0 0.697134 0.944756 0.016758 0.008299
0 0.320833 0.195688 0.005628 0.004166
0 0.262763 0.201741 0.013292 0.004246
0 0.301956 0.153954 0.008459 0.004192
0 0.218030 0.302686 0.008372 0.004129
0 0.189462 0.302947 0.011848 0.004144
0 0.206225 0.249902 0.006833 0.003970
0 0.262672 0.262049 0.006649 0.004149
0 0.341982 0.265040 0.005535 0.004192
0 0.357590 0.193361 0.007040 0.004021
0 0.220546 0.147392 0.011735 0.004149
0 0.194170 0.169981 0.012063 0.004146
0 0.721381 0.157072 0.005636 0.004146
0 0.612557 0.313957 0.006960 0.004260
0 0.683509 0.157622 0.005636 0.004146
0 0.638049 0.149117 0.013409 0.004429
0 0.608145 0.105856 0.008549 0.004263
0 0.574450 0.105140 0.011854 0.004283
0 0.659233 0.234691 0.005612 0.004315
0 0.693614 0.235110 0.006929 0.004275
0 0.653084 0.292649 0.012063 0.004295
0 0.605261 0.257997 0.008870 0.004320
0 0.597718 0.183433 0.006732 0.004295
0 0.573794 0.343230 0.011775 0.004295
0 0.572395 0.305124 0.008582 0.004366
0 0.651795 0.324915 0.005638 0.004317
0 0.214268 0.193840 0.005626 0.004135
0 0.608145 0.605714 0.008549 0.004263
0 0.303512 0.429248 0.021975 0.008082
0 0.325868 0.429248 0.016758 0.008299
0 0.326655 0.437791 0.004755 0.003796
0 0.674824 0.444944 0.021975 0.008082
0 0.288381 0.944728 0.021973 0.008082
0 0.693614 0.734967 0.006929 0.004275
0 0.659233 0.734548 0.005612 0.004315
0 0.574450 0.604997 0.011854 0.004283
0 0.638049 0.648974 0.013409 0.004429
0 0.683509 0.657479 0.005636 0.004146
0 0.721381 0.656929 0.005636 0.004146
0 0.612557 0.813814 0.006960 0.004260
0 0.306367 0.734986 0.007060 0.004249
0 0.271963 0.734563 0.005747 0.004246
0 0.264495 0.824759 0.005654 0.004303
0 0.265890 0.792509 0.012061 0.004232
0 0.186555 0.843093 0.011823 0.004278
0 0.187146 0.605007 0.011870 0.004258
0 0.220958 0.605715 0.008521 0.004243
0 0.167108 0.692642 0.008577 0.004263
0 0.218073 0.757858 0.008860 0.004289
0 0.186094 0.762548 0.008549 0.004229
0 0.210417 0.683289 0.006919 0.004155
0 0.318268 0.619481 0.008565 0.004298
0 0.250835 0.648977 0.013308 0.004406
0 0.225300 0.813817 0.006849 0.004260
0 0.334087 0.656921 0.005644 0.004175
0 0.296203 0.657481 0.005644 0.004178