0 0.628508 0.502080 0.006631 0.005677
0 0.649284 0.570359 0.010201 0.005893
0 0.831757 0.534412 0.006629 0.005677
0 0.770432 0.534320 0.006631 0.005700
0 0.842839 0.342787 0.011703 0.005757
0 0.651094 0.422164 0.013907 0.005606
0 0.610958 0.432655 0.014002 0.005794
0 0.608919 0.386401 0.013901 0.005888
0 0.654995 0.362387 0.013641 0.005691
0 0.840047 0.463009 0.013981 0.005865
0 0.807156 0.426944 0.006877 0.005685
0 0.762301 0.431533 0.010111 0.005802
0 0.703062 0.417203 0.015605 0.006027
0 0.706141 0.534486 0.006577 0.005888
0 0.222009 0.442582 0.007092 0.006110
0 0.307553 0.521862 0.015738 0.006067
0 0.283146 0.619363 0.006837 0.005976
0 0.148662 0.361982 0.012126 0.006660
0 0.221305 0.666528 0.010488 0.006295
0 0.205478 0.598441 0.006857 0.006463
0 0.217671 0.521153 0.013931 0.005913
0 0.193850 0.520983 0.013971 0.005968
0 0.295994 0.367519 0.006855 0.006461
0 0.295940 0.448683 0.006855 0.006463
0 0.349390 0.627457 0.009138 0.003958
0 0.342114 0.585207 0.014012 0.006047
0 0.245867 0.357179 0.014354 0.006207
0 0.187842 0.667276 0.014221 0.006292
0 0.610410 0.568408 0.008920 0.003964
0 0.442052 0.745479 0.020671 0.009356
0 0.465554 0.756783 0.005140 0.004531
0 0.737597 0.753247 0.020514 0.009356
0 0.758679 0.752995 0.015747 0.008743
0 0.761120 0.764447 0.005142 0.004591