0 0.761384 0.263693 0.007556 0.005244
0 0.817419 0.343488 0.015213 0.005358
0 0.729927 0.343430 0.007391 0.005264
0 0.785362 0.343502 0.011223 0.005272
0 0.841151 0.844453 0.042821 0.018812
0 0.899867 0.844682 0.064880 0.016518
0 0.825741 0.875767 0.035360 0.012616
0 0.825904 0.906278 0.032440 0.012619
0 0.826472 0.936217 0.036172 0.012388
0 0.899936 0.906284 0.050341 0.012169
0 0.775540 0.467372 0.034332 0.013001
0 0.740397 0.482952 0.008652 0.007073
0 0.841200 0.673998 0.016544 0.006423
0 0.874204 0.674423 0.021187 0.006184
0 0.891608 0.674290 0.008080 0.006267
0 0.917546 0.674060 0.021773 0.006176