0 0.694329 0.527082 0.004491 0.004246
0 0.641402 0.594725 0.002301 0.004127
0 0.678708 0.450064 0.004348 0.004363
0 0.727192 0.450037 0.004443 0.004366
0 0.778872 0.383249 0.009313 0.004206
0 0.818726 0.383306 0.009480 0.003995
0 0.309066 0.383188 0.009194 0.004078
0 0.825508 0.390492 0.007352 0.003953
0 0.825551 0.394312 0.007536 0.003562
0 0.279184 0.530814 0.004546 0.004283
0 0.325785 0.533494 0.010800 0.004178
0 0.327783 0.458786 0.005430 0.004223
0 0.349061 0.383076 0.009547 0.004186
0 0.290244 0.579801 0.009389 0.004189
0 0.356444 0.394319 0.007479 0.003417
0 0.212762 0.450105 0.004409 0.004132
0 0.233073 0.383041 0.007008 0.003750
0 0.171856 0.523404 0.004715 0.004352
0 0.224691 0.530916 0.004546 0.004409
0 0.182600 0.595469 0.002186 0.004366
0 0.356443 0.390737 0.007324 0.003525
0 0.802267 0.445959 0.005275 0.004172
0 0.802462 0.527189 0.010570 0.003998
0 0.759885 0.576059 0.009313 0.004132
0 0.748867 0.527152 0.004519 0.004186
0 0.610994 0.380299 0.007139 0.004092
0 0.609007 0.458796 0.004417 0.004146
0 0.599761 0.517442 0.009742 0.004272
0 0.640868 0.522290 0.004626 0.004169
0 0.255290 0.449986 0.004443 0.004303
0 0.139277 0.458787 0.004493 0.004209
0 0.130015 0.517395 0.009762 0.004206
0 0.818791 0.373565 0.018001 0.004520
0 0.349041 0.373709 0.018001 0.004078
0 0.259460 0.754675 0.019021 0.008894
0 0.278772 0.754501 0.014534 0.008461
0 0.263030 0.766245 0.004602 0.004392
0 0.729181 0.754524 0.019023 0.008894
0 0.748501 0.754635 0.014536 0.008461
0 0.732720 0.766258 0.004602 0.004394