0 0.742831 0.438223 0.008672 0.004203
0 0.270429 0.398874 0.008559 0.004280
0 0.374499 0.434651 0.012081 0.004286
0 0.373920 0.580564 0.011975 0.004292
0 0.374039 0.586931 0.018285 0.004041
0 0.221448 0.538988 0.006929 0.004417
0 0.354149 0.520762 0.006802 0.004420
0 0.305932 0.463065 0.008801 0.004203
0 0.178491 0.430524 0.006778 0.004184
0 0.359595 0.395653 0.007620 0.004283
0 0.261837 0.585234 0.008525 0.004192
0 0.154017 0.459307 0.008142 0.004206
0 0.150037 0.412278 0.008525 0.004192
0 0.340683 0.453406 0.006899 0.004235
0 0.213463 0.453528 0.006889 0.004417
0 0.285787 0.531961 0.007967 0.004275
0 0.688619 0.565898 0.008775 0.004221
0 0.689642 0.398366 0.008775 0.004221
0 0.751290 0.477419 0.006931 0.004580
0 0.613138 0.486139 0.006776 0.004241
0 0.689757 0.479440 0.006804 0.004397
0 0.702921 0.441783 0.008449 0.004203
0 0.271825 0.445282 0.013373 0.004431
0 0.143887 0.538119 0.006802 0.004417
0 0.184814 0.538183 0.011078 0.004203
0 0.247913 0.743319 0.023941 0.008832
0 0.271808 0.743188 0.017979 0.008832
0 0.281930 0.753383 0.003981 0.003180
0 0.711515 0.743350 0.023941 0.008832
0 0.735529 0.743438 0.017800 0.008832
0 0.751513 0.753685 0.003981 0.003180
0 0.864239 0.474635 0.006931 0.004580