0 0.710467 0.698831 0.018316 0.008837
0 0.670095 0.499772 0.012718 0.009099
0 0.670119 0.512258 0.012718 0.009168
0 0.607385 0.295097 0.012069 0.008780
0 0.709289 0.286916 0.018376 0.008951
0 0.337921 0.743971 0.012210 0.009322
0 0.477614 0.777252 0.012734 0.009065
0 0.600997 0.709493 0.012029 0.008666
0 0.245587 0.417175 0.018275 0.008922
0 0.345487 0.293928 0.011989 0.008837
0 0.470874 0.227694 0.012190 0.009208
0 0.476208 0.346001 0.012283 0.009025
0 0.476361 0.357987 0.012633 0.008751
0 0.381443 0.567403 0.012130 0.008979