0 0.739334 0.497648 0.011667 0.007480
0 0.311998 0.450365 0.012465 0.007127
0 0.203282 0.478652 0.009579 0.007235
0 0.202603 0.530044 0.009764 0.006445
0 0.373623 0.442861 0.016306 0.007916
0 0.760888 0.802859 0.032715 0.011938
0 0.794729 0.803107 0.024911 0.011944
0 0.272057 0.802788 0.033089 0.011727
0 0.616529 0.575513 0.020111 0.007212
0 0.755982 0.632879 0.015258 0.007258
0 0.646649 0.482972 0.009686 0.007226
0 0.809288 0.517088 0.009688 0.007226
0 0.846683 0.364956 0.012173 0.007095
0 0.627279 0.336260 0.020766 0.007292
0 0.628012 0.391183 0.020768 0.007252
0 0.660011 0.386839 0.009800 0.007286
0 0.257124 0.415834 0.022318 0.007015
0 0.874080 0.417745 0.009800 0.007286
0 0.802206 0.408133 0.015081 0.007252
0 0.739823 0.374374 0.023293 0.007346
0 0.804180 0.329580 0.021040 0.007318
0 0.860764 0.517252 0.009686 0.007229
0 0.221532 0.417499 0.020846 0.008002
0 0.200495 0.589822 0.009373 0.007107
0 0.278062 0.569860 0.011469 0.007343
0 0.337190 0.565070 0.009764 0.008025
0 0.334121 0.503793 0.010064 0.007078
0 0.667338 0.330403 0.020069 0.007215
0 0.305937 0.802767 0.024567 0.011839