0 0.214359 0.419416 0.015896 0.005580
0 0.363575 0.529045 0.007651 0.005597
0 0.250438 0.511617 0.018172 0.005868
0 0.181630 0.591319 0.007528 0.005603
0 0.308339 0.599897 0.007497 0.005614
0 0.251267 0.600076 0.009160 0.005651
0 0.642718 0.482740 0.007508 0.005600
0 0.392708 0.361907 0.014096 0.005848
0 0.738700 0.656254 0.007524 0.005617
0 0.764245 0.358866 0.014072 0.005774
0 0.812690 0.290192 0.014100 0.005714
0 0.358191 0.599899 0.007520 0.005657
0 0.690477 0.402233 0.007594 0.005571
0 0.711273 0.487220 0.008003 0.005617
0 0.730431 0.582717 0.007600 0.005634
0 0.754383 0.568061 0.016045 0.005617
0 0.656259 0.544516 0.018132 0.005742
0 0.622996 0.636894 0.011545 0.005597
0 0.672509 0.656394 0.009103 0.005588
0 0.441260 0.430238 0.014066 0.005794
0 0.295375 0.520828 0.011697 0.005617
0 0.297574 0.473433 0.011630 0.005617
0 0.333869 0.506723 0.008044 0.005671
0 0.186007 0.518501 0.007651 0.005688
0 0.166068 0.483465 0.016085 0.005614
0 0.642723 0.408024 0.007473 0.005651
0 0.012695 0.325581 0.010818 0.005834
0 0.012668 0.407561 0.010816 0.005836
0 0.012885 0.515429 0.010816 0.005836
0 0.012389 0.608501 0.010818 0.005836
0 0.036493 0.705192 0.010818 0.005836
0 0.005798 0.705147 0.007143 0.005950
0 0.020008 0.705088 0.018336 0.005953
0 0.172857 0.333209 0.010816 0.005836
0 0.237706 0.333129 0.010818 0.005836
0 0.482508 0.325721 0.010818 0.005834
0 0.482269 0.407653 0.010961 0.005896
0 0.482696 0.500627 0.010816 0.005836
0 0.482067 0.608341 0.010816 0.005836
0 0.506140 0.705138 0.010818 0.005836
0 0.475305 0.705151 0.006955 0.006170
0 0.489620 0.705115 0.018342 0.006173
0 0.343540 0.361042 0.006855 0.003708
0 0.438628 0.373279 0.006855 0.003708
0 0.202255 0.464504 0.014592 0.003708
0 0.452808 0.689628 0.011910 0.007384
0 0.303623 0.744731 0.031441 0.011194
0 0.335658 0.744736 0.023909 0.011194
0 0.922481 0.331680 0.011910 0.007384
0 0.798473 0.359654 0.006855 0.003708
0 0.798529 0.421294 0.006855 0.003710
0 0.616281 0.730512 0.015996 0.005948
0 0.616052 0.739615 0.015408 0.003984
0 0.932094 0.407251 0.010967 0.005845
0 0.932883 0.514939 0.010816 0.005836
0 0.941458 0.643024 0.013276 0.007883
0 0.957008 0.643079 0.013004 0.007543
0 0.970336 0.642984 0.008632 0.007278
0 0.847289 0.741576 0.025390 0.011177
0 0.872853 0.741493 0.019315 0.011177