0 0.597948 0.130224 0.005664 0.004203
0 0.646994 0.155949 0.005610 0.004158
0 0.646996 0.098710 0.005610 0.004158
0 0.592964 0.188011 0.006980 0.004075
0 0.588647 0.068753 0.011789 0.004192
0 0.646643 0.370597 0.008459 0.004141
0 0.636691 0.250939 0.013321 0.004346
0 0.635300 0.065611 0.008461 0.004144
0 0.565657 0.365637 0.011801 0.004172
0 0.572981 0.312001 0.006768 0.004098
0 0.567315 0.231248 0.012079 0.004172
0 0.317594 0.200264 0.005698 0.004249
0 0.259943 0.764583 0.006675 0.004206
0 0.204326 0.249912 0.006891 0.004075
0 0.260763 0.262069 0.006667 0.004195
0 0.260825 0.201736 0.013329 0.004372
0 0.212354 0.193889 0.005684 0.004192
0 0.190049 0.146300 0.008485 0.004181
0 0.255088 0.140452 0.008414 0.004181
0 0.260906 0.302992 0.008396 0.004184
0 0.187534 0.302960 0.011916 0.004238
0 0.203432 0.752489 0.006784 0.004021
0 0.353601 0.768909 0.005573 0.004218
0 0.259967 0.704298 0.013244 0.004349
0 0.193303 0.177240 0.012027 0.004198
0 0.217773 0.649952 0.011898 0.004206
0 0.355659 0.193381 0.007074 0.004055
0 0.211543 0.696465 0.005654 0.004232
0 0.192432 0.679684 0.012122 0.004172
0 0.354773 0.695945 0.007068 0.004064
0 0.189207 0.648829 0.008408 0.004195
0 0.254435 0.642323 0.008539 0.004195
0 0.260017 0.805549 0.008408 0.004195
0 0.311721 0.768896 0.005573 0.004221
0 0.186687 0.805527 0.011840 0.004300
0 0.558985 0.694573 0.012116 0.004238
0 0.697275 0.712908 0.005716 0.004243
0 0.634634 0.829417 0.008414 0.004192
0 0.572928 0.772382 0.006923 0.004075
0 0.621677 0.662481 0.008416 0.004192
0 0.735543 0.709137 0.007113 0.004075
0 0.636320 0.775987 0.006675 0.004229
0 0.739411 0.783826 0.005591 0.004238
0 0.692277 0.783807 0.005585 0.004235
0 0.627027 0.708022 0.013224 0.004320
0 0.556719 0.822432 0.011773 0.004243
0 0.579846 0.715228 0.005624 0.004346
0 0.585316 0.656633 0.011793 0.004238
0 0.218635 0.147442 0.011817 0.004198
0 0.337621 0.265073 0.005567 0.004212
0 0.637102 0.322150 0.006679 0.004192
0 0.589918 0.250675 0.005736 0.004206
0 0.316696 0.702679 0.005654 0.004161
0 0.313395 0.937629 0.004965 0.003625
0 0.686177 0.937643 0.004967 0.003625
0 0.786935 0.437771 0.004965 0.003625
0 0.313181 0.437710 0.004967 0.003622
0 0.312482 0.429392 0.017026 0.008359
0 0.785642 0.429295 0.017026 0.008359
0 0.685551 0.929252 0.017026 0.008359
0 0.311856 0.928983 0.017026 0.008361
0 0.289681 0.929105 0.022331 0.008361
0 0.290118 0.429229 0.022331 0.008359
0 0.763489 0.429349 0.022331 0.008359
0 0.663092 0.929028 0.022331 0.008361