0 0.588412 0.187961 0.007040 0.003964
0 0.563139 0.263463 0.005545 0.004121
0 0.609853 0.263480 0.005545 0.004189
0 0.261120 0.622724 0.008366 0.004178
0 0.259960 0.775987 0.006637 0.004184
0 0.218635 0.147442 0.011817 0.004198
0 0.358467 0.709152 0.007088 0.004095
0 0.204107 0.715463 0.005664 0.004184
0 0.258603 0.713843 0.013421 0.004317
0 0.599879 0.634266 0.005674 0.004218
0 0.688031 0.712207 0.008471 0.004198
0 0.599747 0.866207 0.008517 0.004195
0 0.658934 0.754895 0.013298 0.004420
0 0.594027 0.749836 0.005672 0.004226
0 0.572383 0.731074 0.012063 0.004246
0 0.599249 0.687273 0.007099 0.004109
0 0.652651 0.593431 0.005595 0.004246
0 0.648414 0.660093 0.005569 0.004243
0 0.593457 0.568433 0.011809 0.004201
0 0.569531 0.868025 0.011888 0.004246
0 0.580117 0.816127 0.006798 0.004041
0 0.661611 0.833785 0.006696 0.004189
0 0.206978 0.822486 0.008442 0.004221
0 0.208719 0.663906 0.011880 0.004209
0 0.180295 0.822425 0.011930 0.004218
0 0.742147 0.167874 0.012007 0.004155
0 0.716026 0.125970 0.011745 0.004132
0 0.182753 0.678799 0.011979 0.004192
0 0.196528 0.772384 0.006774 0.004050
0 0.315847 0.783830 0.005569 0.004218
0 0.321424 0.712913 0.005664 0.004235
0 0.363049 0.783802 0.005569 0.004218
0 0.667749 0.255648 0.006641 0.004121
0 0.730933 0.244357 0.006839 0.004007
0 0.747413 0.301409 0.011872 0.004175
0 0.355659 0.193381 0.007074 0.004055
0 0.317594 0.200264 0.005698 0.004249
0 0.193303 0.177240 0.012027 0.004198
0 0.204326 0.249912 0.006891 0.004075
0 0.260763 0.262069 0.006667 0.004195
0 0.260825 0.201736 0.013329 0.004372
0 0.212354 0.193889 0.005684 0.004192
0 0.190049 0.146300 0.008485 0.004181
0 0.255088 0.140452 0.008414 0.004181
0 0.260906 0.302992 0.008396 0.004184
0 0.187534 0.302960 0.011916 0.004238
0 0.337621 0.265073 0.005567 0.004212
0 0.561792 0.215553 0.005628 0.004141
0 0.718680 0.190305 0.005630 0.004138
0 0.672978 0.122834 0.008447 0.004175
0 0.667660 0.308659 0.008444 0.004175
0 0.744483 0.125975 0.008447 0.004175
0 0.669764 0.181361 0.013250 0.004152
0 0.290124 0.429360 0.021868 0.008279
0 0.312434 0.429243 0.016788 0.008359
0 0.313254 0.437672 0.004570 0.003796
0 0.663060 0.429211 0.021868 0.008282
0 0.776854 0.929035 0.021868 0.008279
0 0.303650 0.929196 0.021868 0.008282
0 0.685434 0.429300 0.016788 0.008359
0 0.325787 0.929219 0.016788 0.008356
0 0.799044 0.929394 0.016786 0.008359
0 0.686164 0.437816 0.004570 0.003799
0 0.800322 0.937783 0.004570 0.003796
0 0.326649 0.937518 0.004570 0.003796
0 0.794751 0.160831 0.020326 0.006101
0 0.835834 0.267878 0.020324 0.006101