0 0.248638 0.662481 0.008414 0.004192
0 0.362503 0.709137 0.007113 0.004075
0 0.263279 0.775987 0.006675 0.004229
0 0.366370 0.783826 0.005591 0.004238
0 0.319236 0.783807 0.005585 0.004235
0 0.253988 0.708022 0.013222 0.004320
0 0.183678 0.822432 0.011773 0.004243
0 0.206805 0.715228 0.005624 0.004346
0 0.212276 0.656633 0.011793 0.004238
0 0.261594 0.829417 0.008414 0.004192
0 0.631643 0.713843 0.013421 0.004317
0 0.577148 0.715463 0.005664 0.004184
0 0.731506 0.709152 0.007086 0.004095
0 0.633000 0.775987 0.006637 0.004184
0 0.634161 0.622724 0.008366 0.004178
0 0.736089 0.783802 0.005569 0.004218
0 0.694464 0.712913 0.005664 0.004235
0 0.688888 0.783830 0.005569 0.004218
0 0.569569 0.772384 0.006774 0.004050
0 0.555794 0.678799 0.011979 0.004192
0 0.553336 0.822425 0.011930 0.004218
0 0.581759 0.663906 0.011880 0.004209
0 0.580018 0.822486 0.008442 0.004221
0 0.185945 0.694573 0.012116 0.004238
0 0.324234 0.712908 0.005716 0.004243
0 0.199887 0.772382 0.006923 0.004075
0 0.580117 0.316270 0.006798 0.004041
0 0.661611 0.333927 0.006696 0.004189
0 0.658934 0.255037 0.013298 0.004420
0 0.594027 0.249979 0.005672 0.004226
0 0.572383 0.231217 0.012063 0.004246
0 0.599249 0.187415 0.007099 0.004109
0 0.652651 0.093574 0.005595 0.004246
0 0.648414 0.160235 0.005569 0.004243
0 0.593457 0.068575 0.011809 0.004201
0 0.688031 0.212350 0.008471 0.004198
0 0.599747 0.366349 0.008517 0.004195
0 0.599879 0.134409 0.005674 0.004218
0 0.314635 0.275712 0.005603 0.004272
0 0.193344 0.177952 0.012116 0.004238
0 0.261745 0.264761 0.006690 0.004203
0 0.188546 0.305648 0.011930 0.004320
0 0.205318 0.252629 0.006881 0.004095
0 0.261862 0.204478 0.013331 0.004346
0 0.217100 0.305378 0.008404 0.004195
0 0.301018 0.156679 0.008515 0.004192
0 0.219605 0.150113 0.011832 0.004209
0 0.318514 0.202821 0.005640 0.004218
0 0.213342 0.196577 0.005640 0.004178
0 0.356646 0.196083 0.007099 0.004124
0 0.303071 0.429171 0.021826 0.007928
0 0.325418 0.429316 0.016623 0.008111
0 0.326707 0.437853 0.004697 0.003634
0 0.776784 0.429236 0.021826 0.008145
0 0.799023 0.429420 0.016462 0.008359
0 0.800229 0.437898 0.004620 0.003485
0 0.676514 0.929115 0.021826 0.008113
0 0.698839 0.929052 0.016708 0.008113
0 0.699504 0.937639 0.004658 0.003662
0 0.290167 0.929201 0.021826 0.008113
0 0.312340 0.929199 0.016625 0.008116
0 0.313372 0.937687 0.004729 0.003679
0 0.356563 0.275704 0.005561 0.004272
0 0.569531 0.368168 0.011888 0.004246