0 0.507101 0.386897 0.013947 0.010801
0 0.262920 0.534148 0.013335 0.010211
0 0.352876 0.398814 0.014828 0.011631
0 0.418527 0.374306 0.013947 0.010801
0 0.513479 0.301043 0.013945 0.010798
0 0.513234 0.313158 0.013947 0.010798
0 0.619169 0.552913 0.013945 0.010798
0 0.517872 0.550212 0.013947 0.010801
0 0.517872 0.562675 0.013947 0.010801
0 0.442545 0.556582 0.020846 0.010177
0 0.342571 0.655544 0.020846 0.010177
0 0.561840 0.710544 0.020846 0.010177
0 0.697872 0.511253 0.020846 0.010180
0 0.364616 0.563960 0.013335 0.010211
0 0.613697 0.336354 0.013335 0.010211