0 0.663225 0.587350 0.006047 0.005608
0 0.711302 0.587214 0.006049 0.005606
0 0.820228 0.545244 0.006049 0.005608
0 0.759356 0.563038 0.006139 0.005711
0 0.729032 0.618195 0.009343 0.005782
0 0.755988 0.432404 0.009345 0.005782
0 0.353760 0.487447 0.006238 0.005637
0 0.676624 0.492365 0.006256 0.005466
0 0.597501 0.434179 0.010879 0.005520
0 0.560548 0.344007 0.007608 0.004771
0 0.838549 0.614142 0.012775 0.005606
0 0.762378 0.488786 0.014294 0.005859
0 0.218231 0.493659 0.006351 0.005620
0 0.380884 0.611888 0.012801 0.005714
0 0.840292 0.463339 0.009265 0.005782
0 0.290945 0.432206 0.009333 0.005774
0 0.199989 0.587250 0.006123 0.005620
0 0.139895 0.434111 0.010945 0.005691
0 0.183005 0.517736 0.006240 0.005640
0 0.378687 0.463736 0.009335 0.005774
0 0.367089 0.550083 0.006123 0.005620
0 0.271355 0.617928 0.009335 0.005774
0 0.304649 0.488803 0.014425 0.005968
0 0.301783 0.562871 0.006287 0.005851
0 0.253729 0.587298 0.006123 0.005620
0 0.713353 0.510479 0.009244 0.005665
0 0.640618 0.517729 0.006075 0.005608
0 0.811227 0.487492 0.006073 0.005608
0 0.255712 0.510386 0.009349 0.005805
0 0.731388 0.754325 0.046029 0.011556
0 0.248651 0.749406 0.046031 0.011556