0 0.298271 0.292326 0.019230 0.011688
0 0.365470 0.406499 0.028456 0.009954
0 0.223412 0.304149 0.024453 0.009661
0 0.467515 0.384004 0.011917 0.009302
0 0.290259 0.421277 0.025973 0.009270
0 0.280005 0.702419 0.018260 0.009302
0 0.585351 0.495286 0.011963 0.008857
0 0.481751 0.882605 0.044239 0.022987
0 0.568746 0.608488 0.011994 0.009022
0 0.477551 0.608428 0.011840 0.009370
0 0.522337 0.904732 0.009589 0.009464
0 0.421485 0.882621 0.058704 0.023298
0 0.626900 0.328160 0.023644 0.009245
0 0.540907 0.409679 0.015344 0.009376
0 0.374067 0.608543 0.014697 0.008911
0 0.263758 0.608516 0.011971 0.009307
0 0.238260 0.419319 0.012211 0.008911
0 0.267992 0.358057 0.025717 0.009028
0 0.570374 0.250212 0.009061 0.005904
0 0.263637 0.503655 0.014511 0.009304