0 0.670467 0.447231 0.006383 0.004830
0 0.733332 0.335110 0.011221 0.006526
0 0.806657 0.415721 0.010683 0.004813
0 0.691529 0.397046 0.010288 0.004882
0 0.665364 0.575737 0.011219 0.006526
0 0.811752 0.360231 0.011221 0.006526
0 0.761996 0.578017 0.011221 0.006526
0 0.751888 0.391777 0.012029 0.005657
0 0.686177 0.523418 0.006204 0.004785
0 0.864635 0.507263 0.011221 0.006523
0 0.639546 0.523451 0.006204 0.004782
0 0.840101 0.577102 0.015092 0.006703
0 0.345883 0.523454 0.005394 0.004337
0 0.353219 0.473500 0.004604 0.004360
0 0.236287 0.508463 0.005348 0.004272
0 0.319455 0.448766 0.005817 0.004337
0 0.299397 0.523420 0.005527 0.004394
0 0.148323 0.577293 0.014779 0.005916
0 0.163963 0.508463 0.005424 0.004300
0 0.181431 0.412130 0.010131 0.004380
0 0.752098 0.508595 0.006113 0.005004
0 0.821800 0.508363 0.006204 0.004785
0 0.834064 0.441300 0.004739 0.004645
0 0.631063 0.473542 0.004741 0.004645
0 0.236158 0.405514 0.011384 0.004645
0 0.729477 0.770489 0.020066 0.009778
0 0.749443 0.770417 0.015601 0.009778
0 0.259868 0.770372 0.020066 0.009778
0 0.279547 0.770363 0.015603 0.009778
0 0.212399 0.576379 0.011189 0.006318
0 0.322060 0.572267 0.011189 0.006318
0 0.340361 0.608007 0.011441 0.007013
0 0.253173 0.340567 0.011187 0.006321
0 0.173551 0.364654 0.011189 0.006321
0 0.292258 0.387972 0.010326 0.004734
0 0.149984 0.441151 0.005130 0.004845
0 0.575685 0.349969 0.009198 0.005608