0 0.320407 0.728569 0.018727 0.009669
0 0.316348 0.618720 0.012140 0.009014
0 0.330157 0.364160 0.012073 0.009421
0 0.296894 0.465135 0.012656 0.009176
0 0.433988 0.241546 0.018509 0.009131
0 0.561093 0.362996 0.011503 0.009344
0 0.646937 0.351528 0.012339 0.010205
0 0.646986 0.461720 0.012339 0.008617
0 0.646985 0.473957 0.012523 0.008580
0 0.615411 0.604235 0.012261 0.008766
0 0.597786 0.729568 0.018666 0.008503
0 0.458958 0.750730 0.018332 0.009145
0 0.454514 0.602751 0.012309 0.008979
0 0.431837 0.359259 0.012813 0.009418
0 0.431887 0.371834 0.012720 0.009399