0 0.356508 0.423172 0.013443 0.004611
0 0.320597 0.417736 0.006603 0.004819
0 0.269510 0.394601 0.009720 0.005053
0 0.354042 0.368736 0.009720 0.005053
0 0.340102 0.553492 0.009859 0.004791
0 0.209266 0.474729 0.006450 0.005195
0 0.771295 0.551516 0.006631 0.005135
0 0.334331 0.482649 0.006627 0.005053
0 0.176024 0.610254 0.009718 0.005050
0 0.203726 0.557015 0.006327 0.004933
0 0.272948 0.548685 0.006778 0.005081
0 0.230940 0.394630 0.009718 0.005053
0 0.325049 0.368153 0.019911 0.004850
0 0.793073 0.452404 0.007221 0.005133
0 0.263192 0.455192 0.016143 0.005284
0 0.701231 0.543638 0.006883 0.005326
0 0.753620 0.464897 0.010089 0.005155
0 0.744757 0.388160 0.009825 0.004836
0 0.701907 0.426395 0.016758 0.004890
0 0.633116 0.453978 0.006945 0.005494
0 0.609474 0.427070 0.013323 0.005130
0 0.639593 0.385252 0.013194 0.004981
0 0.621804 0.530423 0.006240 0.005355
0 0.633746 0.602757 0.010026 0.004830
0 0.600038 0.605549 0.019948 0.004976
0 0.158442 0.468559 0.006532 0.004905
0 0.269775 0.610241 0.009718 0.005053
0 0.151169 0.557353 0.006407 0.004902
0 0.825980 0.552092 0.006665 0.004924
0 0.244989 0.759061 0.021942 0.007760
0 0.268259 0.759057 0.016816 0.007335
0 0.714747 0.759722 0.021942 0.007760
0 0.737809 0.759850 0.016746 0.007515