0 0.313482 0.370386 0.019545 0.008159
0 0.349591 0.394772 0.009752 0.007806
0 0.473321 0.632833 0.014092 0.008099
0 0.674255 0.546049 0.009659 0.007675
0 0.683572 0.446208 0.009752 0.007806
0 0.585364 0.545996 0.009659 0.007677
0 0.469279 0.271878 0.014092 0.008099
0 0.573947 0.326213 0.014092 0.008099
0 0.308853 0.631529 0.018970 0.007538
0 0.635731 0.398672 0.009323 0.007301
0 0.569340 0.405670 0.014606 0.007572
0 0.602711 0.466090 0.010109 0.007392
0 0.480773 0.363115 0.021404 0.007581
0 0.473280 0.544753 0.010304 0.008413
0 0.340217 0.518740 0.009661 0.007677
0 0.314025 0.414481 0.019470 0.008028
0 0.895672 0.883155 0.008148 0.006446
0 0.844584 0.871592 0.031259 0.012417
0 0.874987 0.871542 0.024114 0.012414