0 0.638624 0.697654 0.006972 0.003284
0 0.637815 0.652192 0.004612 0.003352
0 0.638227 0.588512 0.004574 0.003318
0 0.726831 0.729072 0.009458 0.003384
0 0.274968 0.279685 0.005428 0.003355
0 0.202996 0.190383 0.009407 0.003355
0 0.215107 0.266099 0.005469 0.003207
0 0.284724 0.147194 0.006799 0.003401
0 0.230280 0.151202 0.009776 0.003275
0 0.202259 0.151183 0.006904 0.003381
0 0.371160 0.283515 0.004602 0.003312
0 0.225012 0.200986 0.004533 0.003295
0 0.328597 0.283529 0.004644 0.003341
0 0.328579 0.794032 0.004620 0.003344
0 0.643955 0.152171 0.004596 0.003310
0 0.726798 0.229051 0.009524 0.003312
0 0.714942 0.303207 0.005497 0.003216
0 0.730933 0.364387 0.009716 0.003341
0 0.666602 0.359527 0.006916 0.003341
0 0.700005 0.125507 0.005561 0.003284
0 0.701448 0.237662 0.004562 0.003255
0 0.647315 0.246306 0.010659 0.003369
0 0.695170 0.172644 0.004435 0.003327
0 0.644348 0.088469 0.004596 0.003352
0 0.650861 0.310832 0.005434 0.003341
0 0.603850 0.329885 0.009405 0.003355
0 0.596919 0.260063 0.006807 0.003312
0 0.378357 0.236874 0.004519 0.003355
0 0.344431 0.207838 0.005580 0.003184
0 0.291071 0.321735 0.006787 0.003367
0 0.644741 0.197668 0.006962 0.003312
0 0.276133 0.672360 0.010693 0.003324
0 0.196374 0.321860 0.009349 0.003315
0 0.275020 0.193097 0.010730 0.003355
0 0.274973 0.785093 0.005398 0.003310
0 0.222713 0.821755 0.006801 0.003270
0 0.196390 0.821954 0.009434 0.003270
0 0.378372 0.736867 0.004570 0.003284
0 0.215126 0.766103 0.005471 0.003158
0 0.225037 0.700922 0.004564 0.003281
0 0.230234 0.651173 0.009768 0.003372
0 0.203025 0.682882 0.009379 0.003375
0 0.371158 0.794048 0.004586 0.003369
0 0.309648 0.664508 0.006779 0.003230
0 0.344418 0.707831 0.005563 0.003198
0 0.714962 0.803194 0.005477 0.003213
0 0.730939 0.867239 0.009704 0.003321
0 0.703853 0.862108 0.006807 0.003349
0 0.603870 0.829863 0.009365 0.003312
0 0.650878 0.810811 0.005340 0.003355
0 0.598948 0.793456 0.006809 0.003355
0 0.632838 0.751388 0.010687 0.003381
0 0.701453 0.737684 0.004572 0.003213
0 0.695137 0.672668 0.004562 0.003347
0 0.700026 0.625550 0.005580 0.003227
0 0.304113 0.436365 0.015922 0.006916
0 0.283244 0.436552 0.020329 0.006913
0 0.656861 0.442868 0.020329 0.006916
0 0.656641 0.943006 0.020329 0.006913
0 0.283285 0.936499 0.020329 0.006916
0 0.677519 0.442712 0.015924 0.006913
0 0.677623 0.942546 0.015924 0.006916
0 0.304077 0.936519 0.015922 0.006916
0 0.377514 0.170306 0.006767 0.003002
0 0.726950 0.074433 0.006934 0.003244
0 0.726809 0.574414 0.006733 0.003110
0 0.377603 0.670515 0.006898 0.003270