0 0.558150 0.515061 0.014225 0.006184
0 0.466170 0.605130 0.005964 0.005586
0 0.455585 0.484326 0.009402 0.006156
0 0.482380 0.702750 0.009007 0.005842
0 0.466170 0.375477 0.005964 0.005557
0 0.583427 0.256213 0.006347 0.005899
0 0.559964 0.650057 0.005803 0.005899
0 0.528410 0.327273 0.006367 0.005643
0 0.575589 0.396395 0.005984 0.005899
0 0.565072 0.457068 0.012472 0.005899
0 0.461823 0.916629 0.031606 0.012049
0 0.494002 0.916499 0.023591 0.011624
0 0.516134 0.927653 0.007820 0.006375