0 0.210649 0.462459 0.009714 0.007323
0 0.245048 0.471548 0.009714 0.007326
0 0.210608 0.497339 0.020752 0.007323
0 0.177241 0.488424 0.020730 0.007332
0 0.295345 0.353072 0.009633 0.007494
0 0.774845 0.406239 0.023160 0.007283
0 0.614385 0.450443 0.009807 0.007295
0 0.662571 0.419269 0.012078 0.006998
0 0.860097 0.552021 0.009593 0.007229
0 0.765810 0.549007 0.011600 0.007352
0 0.853838 0.432645 0.020768 0.007166
0 0.882359 0.484310 0.020683 0.007252
0 0.852219 0.484249 0.009807 0.007295
0 0.702592 0.405239 0.009593 0.007229
0 0.264223 0.599842 0.009635 0.007494
0 0.687767 0.563485 0.009593 0.007226
0 0.848943 0.360731 0.020389 0.007312
0 0.887290 0.341130 0.020349 0.007295
0 0.789990 0.803049 0.025046 0.011645
0 0.756292 0.802918 0.032801 0.011787
0 0.200064 0.570563 0.009633 0.007494
0 0.272202 0.802997 0.032739 0.011673
0 0.305786 0.802987 0.025179 0.011676
0 0.338345 0.584698 0.011632 0.007326
0 0.367333 0.492424 0.020272 0.007095
0 0.365240 0.452514 0.020189 0.007269
0 0.326477 0.450406 0.023241 0.007335
0 0.245315 0.415241 0.012042 0.007095
0 0.628257 0.563664 0.009593 0.007226