0 0.386606 0.329906 0.025539 0.009344
0 0.459081 0.550305 0.015037 0.010108
0 0.545332 0.573274 0.012518 0.009900
0 0.272993 0.417460 0.026599 0.009607
0 0.625372 0.573412 0.012518 0.009698
0 0.295822 0.533144 0.013161 0.009578
0 0.637732 0.454263 0.012884 0.009775
0 0.333727 0.350415 0.026124 0.009718
0 0.446079 0.392454 0.029591 0.010416
0 0.478187 0.839280 0.049424 0.018144
0 0.535799 0.381725 0.013062 0.009755
0 0.528729 0.839216 0.037857 0.017993
0 0.327926 0.422822 0.012884 0.010114