0 0.418844 0.384786 0.018237 0.008501
0 0.304198 0.464803 0.015057 0.008398
0 0.609228 0.412667 0.025630 0.008521
0 0.566441 0.639047 0.018092 0.008581
0 0.616605 0.638894 0.025235 0.008726
0 0.609247 0.456785 0.025438 0.008424
0 0.564674 0.464278 0.011922 0.008658
0 0.260904 0.369538 0.014195 0.008396
0 0.485197 0.392113 0.029049 0.008706
0 0.390399 0.596025 0.011868 0.008407
0 0.318067 0.595982 0.011834 0.008378
0 0.485906 0.595925 0.014366 0.008606
0 0.591341 0.552582 0.014566 0.008487
0 0.360223 0.464816 0.032277 0.008470
0 0.413066 0.463931 0.011809 0.009379
0 0.458988 0.898089 0.041283 0.014195
0 0.500481 0.898485 0.031882 0.014195
0 0.316952 0.375492 0.013647 0.006555