0 0.377618 0.428508 0.015426 0.007333
0 0.568062 0.704631 0.009837 0.007381
0 0.456846 0.691573 0.012160 0.007381
0 0.581860 0.580040 0.010014 0.007432
0 0.341249 0.512504 0.010014 0.007429
0 0.342221 0.403106 0.022513 0.007444
0 0.443150 0.486986 0.024898 0.007447
0 0.529031 0.534873 0.010840 0.007068
0 0.261719 0.384858 0.015462 0.007447
0 0.599372 0.782107 0.021558 0.007327
0 0.617859 0.415972 0.018954 0.007429
0 0.331468 0.704677 0.009883 0.007381
0 0.257203 0.543614 0.009611 0.007381
0 0.242791 0.449545 0.022317 0.007287
0 0.240905 0.664467 0.015462 0.007447
0 0.442807 0.788705 0.015616 0.007258
0 0.658741 0.335933 0.014737 0.006446
0 0.787370 0.928145 0.037121 0.012676
0 0.825753 0.928079 0.028729 0.012465
0 0.840897 0.941116 0.009805 0.007429
0 0.860530 0.928252 0.027963 0.013032
0 0.882204 0.123752 0.027963 0.013032
0 0.879936 0.065056 0.019254 0.008048