0 0.244819 0.472047 0.007510 0.003900
0 0.266581 0.464686 0.004675 0.003843
0 0.376710 0.498712 0.002370 0.003831
0 0.777934 0.450905 0.005869 0.003840
0 0.185505 0.463398 0.005650 0.003826
0 0.464604 0.751660 0.006121 0.005299
0 0.703681 0.573120 0.005396 0.004005
0 0.704393 0.480369 0.005734 0.004085
0 0.605997 0.516940 0.008469 0.003834
0 0.634920 0.442092 0.004538 0.003922
0 0.710740 0.443077 0.005821 0.003891
0 0.703888 0.386229 0.007070 0.003843
0 0.634739 0.573082 0.004538 0.003922
0 0.188371 0.545298 0.005386 0.003891
0 0.318139 0.492218 0.005777 0.003826
0 0.804118 0.511254 0.009970 0.003797
0 0.805818 0.457402 0.007316 0.004045
0 0.120135 0.423116 0.009901 0.003979
0 0.809859 0.431522 0.002357 0.003814
0 0.143332 0.472222 0.009750 0.003851
0 0.112664 0.472409 0.004675 0.003997
0 0.241517 0.420797 0.007153 0.003988
0 0.278753 0.404647 0.008644 0.004105
0 0.259716 0.545399 0.004582 0.003877
0 0.311812 0.545316 0.004523 0.004031
0 0.771191 0.512762 0.004747 0.003843
0 0.120774 0.587289 0.007536 0.004225
0 0.446692 0.741497 0.017518 0.009572
0 0.964323 0.751595 0.005938 0.004832
0 0.923717 0.741605 0.023738 0.010063
0 0.946355 0.741874 0.017675 0.009210
0 0.775816 0.568779 0.004540 0.004034
0 0.130780 0.522698 0.004497 0.004062
0 0.633427 0.518992 0.005118 0.004461
0 0.185585 0.426397 0.006303 0.004447
0 0.423996 0.741608 0.023853 0.009783
0 0.280213 0.386951 0.010653 0.004872
0 0.813696 0.457464 0.007284 0.004404
0 0.226621 0.464095 0.002853 0.010624
0 0.813607 0.382682 0.002357 0.003814
0 0.762565 0.402853 0.002357 0.003814
0 0.777618 0.412868 0.002357 0.003814
0 0.339063 0.490108 0.002357 0.003814
0 0.357008 0.533706 0.002357 0.003814
0 0.364147 0.555590 0.002357 0.003814
0 0.361463 0.577765 0.002357 0.003814