0 0.540147 0.692642 0.008575 0.004263
0 0.262260 0.565469 0.008461 0.004144
0 0.583458 0.683289 0.006919 0.004155
0 0.559135 0.762548 0.008549 0.004229
0 0.591112 0.757858 0.008858 0.004289
0 0.593999 0.605715 0.008521 0.004243
0 0.264061 0.822008 0.006679 0.004192
0 0.216879 0.750533 0.005734 0.004206
0 0.224908 0.630081 0.005666 0.004203
0 0.273953 0.655806 0.005610 0.004158
0 0.273955 0.598568 0.005610 0.004158
0 0.219923 0.687868 0.006980 0.004075
0 0.215609 0.568611 0.011789 0.004192
0 0.273604 0.870455 0.008461 0.004141
0 0.263650 0.750797 0.013321 0.004346
0 0.645003 0.734563 0.005747 0.004246
0 0.560184 0.605007 0.011870 0.004258
0 0.559595 0.843093 0.011823 0.004278
0 0.638929 0.792509 0.012063 0.004232
0 0.637536 0.824759 0.005654 0.004303
0 0.679408 0.734986 0.007060 0.004249
0 0.707127 0.656921 0.005646 0.004175
0 0.669243 0.657481 0.005644 0.004178
0 0.598340 0.813817 0.006851 0.004260
0 0.623876 0.648977 0.013308 0.004406
0 0.691309 0.619481 0.008565 0.004298
0 0.192616 0.865494 0.011801 0.004172
0 0.199941 0.811858 0.006768 0.004098
0 0.194275 0.731106 0.012079 0.004172
0 0.236812 0.263480 0.005545 0.004189
0 0.190099 0.263463 0.005545 0.004121
0 0.215372 0.187961 0.007040 0.003964
0 0.296724 0.181361 0.013250 0.004152
0 0.369107 0.167874 0.012009 0.004155
0 0.342985 0.125970 0.011745 0.004132
0 0.371443 0.125975 0.008447 0.004175
0 0.294620 0.308659 0.008447 0.004175
0 0.299938 0.122834 0.008447 0.004175
0 0.345640 0.190305 0.005630 0.004138
0 0.188752 0.215553 0.005628 0.004141
0 0.609866 0.264030 0.005543 0.004144
0 0.667753 0.256223 0.006629 0.004141
0 0.730935 0.244950 0.006855 0.003990
0 0.744558 0.164592 0.011956 0.004146
0 0.669775 0.182119 0.013268 0.004312
0 0.716024 0.128223 0.011753 0.004175
0 0.747404 0.302096 0.011854 0.004175
0 0.719302 0.303524 0.008444 0.004135
0 0.627839 0.140316 0.008336 0.004132
0 0.718679 0.190885 0.005612 0.004135
0 0.794522 0.160992 0.020183 0.006315
0 0.835820 0.268042 0.020183 0.006315
0 0.676499 0.429241 0.022098 0.008433
0 0.698784 0.429617 0.017141 0.008433
0 0.661240 0.944801 0.022098 0.008433
0 0.683684 0.944488 0.016915 0.008715
0 0.390394 0.929081 0.022098 0.008433
0 0.412484 0.929242 0.017103 0.008316
0 0.290317 0.429269 0.022098 0.008433
0 0.312493 0.429269 0.016843 0.008433
0 0.699719 0.437686 0.005156 0.004138
0 0.413763 0.937838 0.005156 0.004135
0 0.313084 0.437609 0.005156 0.004138
0 0.421837 0.161106 0.020183 0.006315
0 0.559396 0.218859 0.005614 0.004135
0 0.587056 0.188672 0.006939 0.003990
0 0.563161 0.264044 0.005545 0.004144
0 0.374372 0.301409 0.011872 0.004175
0 0.357892 0.244357 0.006839 0.004007
0 0.294709 0.255648 0.006641 0.004121