0 0.565152 0.152898 0.005412 0.003494
0 0.196273 0.272022 0.006297 0.003337
0 0.160663 0.139648 0.014181 0.003286
0 0.160827 0.134632 0.009520 0.003360
0 0.576249 0.797984 0.014493 0.003337
0 0.576258 0.792881 0.009486 0.003357
0 0.642456 0.768435 0.006278 0.003374
0 0.699209 0.716569 0.006486 0.003351
0 0.718544 0.781445 0.005382 0.003448
0 0.671676 0.717296 0.006927 0.003334
0 0.636772 0.696928 0.010594 0.003534
0 0.669237 0.673646 0.006941 0.003292
0 0.235747 0.790993 0.010723 0.003497
0 0.160668 0.639457 0.014183 0.003326
0 0.675799 0.939627 0.003220 0.002422
0 0.648667 0.931520 0.019035 0.007464
0 0.667816 0.931634 0.014802 0.007464
0 0.275853 0.931563 0.019037 0.007464
0 0.275717 0.431780 0.019035 0.007464
0 0.648732 0.431891 0.019035 0.007464
0 0.294886 0.931788 0.014802 0.007464
0 0.294994 0.431697 0.014804 0.007464
0 0.667931 0.431871 0.014802 0.007464
0 0.302914 0.939843 0.003220 0.002422
0 0.302851 0.439801 0.003220 0.002422
0 0.675749 0.439939 0.003220 0.002419
0 0.160882 0.634443 0.009520 0.003323
0 0.210791 0.833112 0.006800 0.003351
0 0.231724 0.703552 0.005511 0.003406
0 0.600845 0.798273 0.006784 0.003380
0 0.160273 0.680677 0.006800 0.003354
0 0.683521 0.781421 0.005475 0.003514
0 0.584854 0.752739 0.005392 0.003511
0 0.589595 0.712331 0.005315 0.003380
0 0.596933 0.690750 0.008886 0.003294
0 0.571999 0.697994 0.009563 0.003351
0 0.725658 0.710913 0.005380 0.003377
0 0.192112 0.652756 0.005412 0.003494
0 0.253537 0.698460 0.005515 0.003394
0 0.338191 0.710170 0.005525 0.003525
0 0.185752 0.775720 0.006297 0.003346
0 0.314984 0.790569 0.005535 0.003531
0 0.177856 0.718249 0.005400 0.003537
0 0.289876 0.725296 0.006498 0.003371
0 0.228172 0.646741 0.009623 0.003445
0 0.193938 0.312960 0.006800 0.003417
0 0.336876 0.199775 0.005523 0.003522
0 0.314926 0.279225 0.005396 0.003494
0 0.188001 0.216252 0.005396 0.003494
0 0.289080 0.226294 0.006498 0.003411
0 0.239418 0.300527 0.010615 0.003511
0 0.316119 0.326143 0.006879 0.003326
0 0.226253 0.221587 0.005386 0.003351
0 0.278164 0.281607 0.006758 0.003272
0 0.253538 0.198557 0.005493 0.003394
0 0.348293 0.239179 0.006798 0.003380
0 0.159082 0.225154 0.006800 0.003354
0 0.228182 0.146867 0.009625 0.003383
0 0.193412 0.149769 0.005402 0.003494
0 0.608787 0.291136 0.010723 0.003497
0 0.533708 0.139600 0.014183 0.003326
0 0.533922 0.134585 0.009520 0.003323
0 0.583831 0.333254 0.006800 0.003351
0 0.604764 0.203695 0.005511 0.003406
0 0.533314 0.180819 0.006800 0.003354
0 0.626578 0.198602 0.005515 0.003394
0 0.711231 0.210312 0.005525 0.003525
0 0.558791 0.275862 0.006299 0.003346
0 0.688023 0.290711 0.005537 0.003531
0 0.550896 0.218391 0.005398 0.003537
0 0.662917 0.225439 0.006498 0.003371
0 0.601212 0.146884 0.009621 0.003445