0 0.461972 0.211734 0.012712 0.009231
0 0.393453 0.263832 0.012712 0.009231
0 0.544469 0.264840 0.012710 0.009231
0 0.330213 0.287656 0.010415 0.009231
0 0.328901 0.508011 0.010415 0.009233
0 0.605280 0.508101 0.010415 0.009231
0 0.603124 0.288239 0.010415 0.009233
0 0.396301 0.621570 0.016260 0.009718
0 0.542135 0.621357 0.016262 0.009718
0 0.421091 0.507875 0.012482 0.009396
0 0.517486 0.508437 0.012482 0.009396
0 0.422564 0.352545 0.024185 0.009912
0 0.516139 0.353021 0.024183 0.009912
0 0.326164 0.410051 0.012940 0.009718
0 0.612752 0.410496 0.012940 0.009718
0 0.480771 0.886104 0.045325 0.019031
0 0.526813 0.885698 0.034546 0.017951
0 0.420605 0.905674 0.009734 0.008504