0 0.747127 0.407751 0.012211 0.007161
0 0.766153 0.355623 0.016526 0.007426
0 0.805627 0.566150 0.011653 0.007226
0 0.339750 0.492869 0.009972 0.007397
0 0.255567 0.342962 0.020248 0.007052
0 0.680070 0.398119 0.016334 0.007548
0 0.744768 0.565949 0.009766 0.007212
0 0.291974 0.482176 0.009966 0.007135
0 0.204603 0.457643 0.022701 0.007668
0 0.268853 0.400855 0.012483 0.008204
0 0.215464 0.572161 0.011991 0.007286
0 0.752066 0.803013 0.032830 0.011950
0 0.330325 0.572166 0.009728 0.007223
0 0.814657 0.365919 0.009766 0.007232
0 0.273522 0.572020 0.010155 0.007825
0 0.785834 0.802986 0.025042 0.011759
0 0.685518 0.565951 0.009766 0.007158
0 0.675349 0.486633 0.009855 0.007338
0 0.719663 0.478741 0.009855 0.007238
0 0.814053 0.463374 0.023160 0.007232
0 0.346270 0.404478 0.015760 0.008050
0 0.270220 0.802802 0.033079 0.011899
0 0.206107 0.368940 0.009672 0.007332
0 0.304079 0.802801 0.024933 0.011844