0 0.675501 0.566877 0.009619 0.007112
0 0.830619 0.567238 0.009617 0.007115
0 0.843420 0.477490 0.009649 0.007129
0 0.651761 0.337216 0.020310 0.007129
0 0.751279 0.803019 0.032715 0.011534
0 0.785082 0.802832 0.024807 0.011605
0 0.862374 0.396351 0.016239 0.007514
0 0.229814 0.406069 0.009619 0.007115
0 0.186427 0.337347 0.020310 0.007129
0 0.239821 0.335539 0.014841 0.007172
0 0.296236 0.559287 0.011493 0.007503
0 0.382528 0.396351 0.016241 0.007514
0 0.189864 0.483439 0.020687 0.007335
0 0.216518 0.483579 0.009311 0.007118
0 0.285400 0.472373 0.023049 0.007318
0 0.344318 0.466160 0.012102 0.007121
0 0.271431 0.803019 0.032713 0.011534
0 0.305236 0.802832 0.024805 0.011605
0 0.305943 0.330413 0.014841 0.007172
0 0.191014 0.416266 0.020689 0.007189
0 0.276925 0.628710 0.014841 0.007175
0 0.210235 0.566886 0.009619 0.007112
0 0.365199 0.567175 0.009619 0.007115
0 0.378068 0.477245 0.009651 0.007129
0 0.656216 0.416140 0.020877 0.007178
0 0.695151 0.406069 0.009617 0.007115
0 0.655209 0.483426 0.020687 0.007338
0 0.682272 0.483481 0.009264 0.007178
0 0.750765 0.472373 0.023049 0.007318
0 0.809604 0.466286 0.012102 0.007121
0 0.761567 0.559210 0.011493 0.007503
0 0.760544 0.349109 0.020085 0.007357