0 0.169438 0.465076 0.004671 0.004337
0 0.172329 0.611409 0.014765 0.005623
0 0.639113 0.465076 0.004671 0.004337
0 0.686878 0.437422 0.007332 0.004329
0 0.815963 0.543501 0.010552 0.005737
0 0.686445 0.388501 0.005660 0.004246
0 0.642005 0.611409 0.014765 0.005623
0 0.729778 0.293827 0.010566 0.005831
0 0.743004 0.331810 0.005432 0.004360
0 0.671054 0.608274 0.010494 0.005714
0 0.687286 0.484659 0.010075 0.004394
0 0.779902 0.409293 0.010701 0.005842
0 0.743145 0.393337 0.005416 0.004503
0 0.737630 0.459622 0.011171 0.004483
0 0.809168 0.468983 0.010848 0.005882
0 0.776388 0.550935 0.005422 0.004366
0 0.778872 0.610681 0.010542 0.005785
0 0.660023 0.550702 0.005402 0.004386
0 0.260103 0.293827 0.010566 0.005831
0 0.202263 0.618601 0.010494 0.005859
0 0.273329 0.331810 0.005432 0.004360
0 0.310240 0.360778 0.010699 0.005694
0 0.306896 0.465178 0.011173 0.004486
0 0.215916 0.388501 0.005658 0.004246
0 0.217610 0.484659 0.010075 0.004394
0 0.190348 0.550702 0.005402 0.004386
0 0.273461 0.388366 0.005358 0.004500
0 0.306713 0.550935 0.005422 0.004366
0 0.346214 0.531198 0.010554 0.005737
0 0.309196 0.610681 0.010542 0.005785
0 0.217192 0.437390 0.007256 0.004320
0 0.215901 0.327318 0.004749 0.004526
0 0.617856 0.394102 0.008817 0.004785
0 0.685688 0.327290 0.004671 0.004337
0 0.259935 0.770497 0.019603 0.009077
0 0.279802 0.770305 0.014969 0.008663
0 0.729651 0.770445 0.019561 0.008840
0 0.749512 0.770388 0.014818 0.008840