0 0.729778 0.293827 0.010566 0.005831
0 0.687286 0.484659 0.010075 0.004394
0 0.642005 0.611409 0.014765 0.005623
0 0.639113 0.465076 0.004671 0.004337
0 0.686868 0.437390 0.007256 0.004320
0 0.778872 0.610681 0.010542 0.005785
0 0.815890 0.531198 0.010554 0.005737
0 0.776388 0.550935 0.005422 0.004366
0 0.743136 0.388366 0.005358 0.004500
0 0.660023 0.550702 0.005402 0.004386
0 0.685591 0.388501 0.005658 0.004246
0 0.776572 0.465178 0.011173 0.004486
0 0.779915 0.360778 0.010699 0.005694
0 0.743004 0.331810 0.005432 0.004360
0 0.671938 0.618601 0.010494 0.005859
0 0.237687 0.553150 0.005573 0.004449
0 0.345891 0.564742 0.005430 0.004400
0 0.299418 0.564749 0.005573 0.004449
0 0.163910 0.553108 0.005571 0.004449
0 0.328558 0.483334 0.005825 0.004406
0 0.295664 0.420633 0.009599 0.004412
0 0.238182 0.435087 0.011016 0.004622
0 0.355880 0.514793 0.004731 0.004412
0 0.152178 0.485164 0.004731 0.004412
0 0.165679 0.417078 0.010064 0.004380
0 0.322228 0.613163 0.010522 0.005865
0 0.212445 0.621252 0.010524 0.005868
0 0.239621 0.368203 0.010522 0.005868
0 0.164175 0.368009 0.010522 0.005868
0 0.148291 0.622180 0.014838 0.005808
0 0.214366 0.670389 0.008628 0.006062
0 0.240198 0.770184 0.014650 0.008763
0 0.259858 0.770430 0.019224 0.008601
0 0.279864 0.770184 0.014650 0.008273
0 0.729689 0.770336 0.019180 0.008943
0 0.749562 0.770286 0.014453 0.008455