0 0.193938 0.312960 0.006800 0.003417
0 0.541355 0.271845 0.006780 0.003366
0 0.497266 0.261240 0.005412 0.003522
0 0.601613 0.308246 0.006780 0.003354
0 0.550401 0.206926 0.006778 0.003366
0 0.576200 0.214463 0.006778 0.003380
0 0.755829 0.183658 0.006919 0.003383
0 0.761176 0.321086 0.006893 0.003380
0 0.508409 0.179248 0.005382 0.003351
0 0.810718 0.326945 0.009492 0.003323
0 0.677959 0.294278 0.006984 0.003368
0 0.485013 0.212760 0.009631 0.003394
0 0.580446 0.269819 0.005430 0.003525
0 0.478870 0.176909 0.006790 0.003508
0 0.800604 0.279433 0.005404 0.003522
0 0.770891 0.762220 0.005384 0.003323
0 0.811513 0.715879 0.005291 0.003397
0 0.835371 0.694735 0.009621 0.003337
0 0.839534 0.806981 0.009492 0.003354
0 0.839589 0.801562 0.014604 0.003340
0 0.463530 0.662525 0.007008 0.003351
0 0.469470 0.723575 0.009623 0.003337
0 0.511412 0.763450 0.005404 0.003508
0 0.599549 0.781934 0.005404 0.003508
0 0.638505 0.781917 0.005404 0.003508
0 0.464556 0.788105 0.007008 0.003351
0 0.823808 0.762714 0.005404 0.003508
0 0.559955 0.679699 0.007006 0.003349
0 0.559955 0.802012 0.007006 0.003351
0 0.701151 0.794912 0.007076 0.003388
0 0.839408 0.659940 0.007028 0.003351
0 0.508249 0.675702 0.005384 0.003397
0 0.645675 0.716385 0.005382 0.003394
0 0.677479 0.715051 0.005593 0.003366
0 0.235747 0.790993 0.010723 0.003497
0 0.160668 0.639457 0.014183 0.003326
0 0.160882 0.634443 0.009520 0.003323
0 0.210791 0.833112 0.006800 0.003351
0 0.231724 0.703552 0.005511 0.003406
0 0.160273 0.680677 0.006800 0.003354
0 0.192112 0.652756 0.005412 0.003494
0 0.253537 0.698460 0.005515 0.003394
0 0.338191 0.710170 0.005525 0.003525
0 0.185752 0.775720 0.006297 0.003346
0 0.314984 0.790569 0.005535 0.003531
0 0.177856 0.718249 0.005400 0.003537
0 0.289876 0.725296 0.006498 0.003371
0 0.228172 0.646741 0.009623 0.003445
0 0.719597 0.674303 0.006911 0.003351
0 0.798259 0.661951 0.006871 0.003394
0 0.810588 0.807136 0.006798 0.003386
0 0.619956 0.269782 0.005481 0.003525
0 0.644234 0.214530 0.005112 0.003235
0 0.789098 0.230778 0.005487 0.003391
0 0.817557 0.228266 0.009601 0.003394
0 0.695488 0.213069 0.006458 0.003380
0 0.743426 0.224705 0.010750 0.003494
0 0.745408 0.278376 0.006278 0.003380
0 0.810760 0.321840 0.014612 0.003320
0 0.275746 0.431623 0.018447 0.006763
0 0.294984 0.431651 0.014223 0.006763
0 0.302813 0.439796 0.003079 0.002368
0 0.648727 0.431555 0.018449 0.006763
0 0.667924 0.431690 0.014264 0.007068
0 0.675698 0.439702 0.002825 0.002271
0 0.654614 0.931469 0.018449 0.006763
0 0.673787 0.931469 0.014102 0.006763
0 0.681721 0.939659 0.003071 0.002699
0 0.275685 0.931603 0.018447 0.006763
0 0.294895 0.931603 0.014118 0.006763
0 0.302799 0.939855 0.003067 0.002365
0 0.763343 0.700579 0.005686 0.003688
0 0.159082 0.225154 0.006800 0.003354
0 0.228182 0.146867 0.009625 0.003383
0 0.193412 0.149769 0.005402 0.003494
0 0.196273 0.272022 0.006297 0.003337
0 0.160663 0.139648 0.014181 0.003286
0 0.160827 0.134632 0.009520 0.003360
0 0.336876 0.199775 0.005523 0.003522
0 0.314926 0.279225 0.005396 0.003494
0 0.188001 0.216252 0.005396 0.003494
0 0.289080 0.226294 0.006498 0.003411
0 0.239418 0.300527 0.010615 0.003511
0 0.316119 0.326143 0.006879 0.003326
0 0.226253 0.221587 0.005386 0.003351
0 0.278164 0.281607 0.006758 0.003272
0 0.253538 0.198557 0.005493 0.003394
0 0.348293 0.239179 0.006798 0.003380
0 0.568268 0.177083 0.006994 0.003366
0 0.545089 0.304652 0.007010 0.003411
0 0.496650 0.312911 0.006780 0.003383