0 0.211355 0.421180 0.006164 0.004532
0 0.298384 0.430436 0.003038 0.004532
0 0.464076 0.691397 0.014955 0.008136
0 0.187298 0.421377 0.006162 0.004532
0 0.487637 0.691269 0.024239 0.007731
0 0.980069 0.704313 0.007483 0.004356
0 0.977959 0.691906 0.044062 0.008486
0 0.201388 0.389872 0.006964 0.004692
0 0.250663 0.412165 0.008366 0.004575
0 0.200083 0.449608 0.003038 0.004530
0 0.181406 0.601357 0.003038 0.004532
0 0.479675 0.704403 0.007219 0.004199
0 0.302265 0.376900 0.010066 0.004592