0 0.141541 0.577260 0.014826 0.005868
0 0.245742 0.340685 0.010554 0.005862
0 0.864635 0.507263 0.011221 0.006523
0 0.660137 0.463832 0.006383 0.004830
0 0.630947 0.511623 0.004739 0.004648
0 0.810023 0.361295 0.011221 0.006523
0 0.639588 0.565965 0.006204 0.004782
0 0.840101 0.577102 0.015092 0.006703
0 0.806832 0.415930 0.010681 0.004816
0 0.752079 0.409932 0.012029 0.005654
0 0.696432 0.398998 0.010288 0.004882
0 0.686344 0.565798 0.006204 0.004785
0 0.752098 0.508595 0.006113 0.005004
0 0.821800 0.508363 0.006204 0.004785
0 0.834064 0.441300 0.004739 0.004645
0 0.675921 0.617652 0.011221 0.006526
0 0.766342 0.577030 0.011221 0.006526
0 0.729264 0.335301 0.011221 0.006526
0 0.772240 0.614818 0.011890 0.006438
0 0.226567 0.581394 0.010554 0.005859
0 0.309680 0.574031 0.010554 0.005862
0 0.292674 0.523438 0.005428 0.004357
0 0.339041 0.523414 0.005585 0.004355
0 0.229498 0.508488 0.005428 0.004392
0 0.229476 0.405577 0.011146 0.004560
0 0.285320 0.387941 0.009617 0.004357
0 0.311939 0.448856 0.005676 0.004374
0 0.346504 0.473592 0.004779 0.004414
0 0.165460 0.360446 0.010554 0.005862
0 0.174682 0.405476 0.010165 0.004283
0 0.143226 0.441265 0.004646 0.004337
0 0.157057 0.508451 0.005430 0.004357
0 0.279937 0.770423 0.015303 0.009225
0 0.749469 0.770335 0.015303 0.009225
0 0.729523 0.770335 0.020663 0.009225
0 0.260109 0.770301 0.020665 0.009225
0 0.358092 0.395148 0.009305 0.005201
0 0.575530 0.350154 0.009303 0.005198