0 0.525683 0.828267 0.040081 0.014624
0 0.567142 0.828572 0.030520 0.014635
0 0.584978 0.478167 0.011866 0.008854
0 0.648043 0.478368 0.011866 0.008857
0 0.361999 0.256633 0.025441 0.008934
0 0.362896 0.323921 0.025441 0.008885
0 0.402100 0.318597 0.012007 0.008928
0 0.664355 0.356462 0.012007 0.008928
0 0.576304 0.344685 0.018476 0.008885
0 0.499877 0.303328 0.028537 0.008999
0 0.578720 0.248448 0.025776 0.008965
0 0.630791 0.291790 0.014911 0.008694
0 0.499279 0.454353 0.014293 0.009162
0 0.411076 0.249460 0.024587 0.008840
0 0.348828 0.549745 0.024637 0.008834
0 0.519674 0.620023 0.018694 0.008894
0 0.385728 0.436371 0.011866 0.008854