0 0.639998 0.629954 0.011944 0.004178
0 0.595450 0.644924 0.006810 0.004007
0 0.591727 0.737179 0.006637 0.004109
0 0.580019 0.808775 0.011749 0.004121
0 0.607595 0.802002 0.008449 0.004175
0 0.557316 0.669089 0.008346 0.004175
0 0.729580 0.743296 0.005567 0.004135
0 0.558638 0.627076 0.011751 0.004166
0 0.682474 0.743284 0.005529 0.004135
0 0.636909 0.738693 0.013294 0.004317
0 0.689050 0.672192 0.007014 0.004007
0 0.733763 0.696728 0.005636 0.004155
0 0.637224 0.657491 0.005636 0.004135
0 0.184237 0.627100 0.011900 0.004209
0 0.355108 0.743361 0.005569 0.004215
0 0.308021 0.743333 0.005569 0.004215
0 0.262543 0.746785 0.013367 0.004332
0 0.205625 0.808857 0.011850 0.004172
0 0.217374 0.737204 0.006663 0.004166
0 0.261985 0.814498 0.008507 0.004209
0 0.182850 0.707803 0.008614 0.004206
0 0.314568 0.672244 0.007133 0.004067
0 0.359277 0.696760 0.005674 0.004263
0 0.262761 0.657525 0.005660 0.004243
0 0.277527 0.629936 0.011858 0.004146
0 0.221031 0.644922 0.006768 0.004058
0 0.259943 0.264725 0.006675 0.004206
0 0.316696 0.202821 0.005654 0.004161
0 0.259967 0.204440 0.013244 0.004349
0 0.353601 0.269051 0.005573 0.004218
0 0.203432 0.252632 0.006784 0.004021
0 0.691555 0.202821 0.005640 0.004218
0 0.590140 0.305378 0.008404 0.004195
0 0.674058 0.156679 0.008515 0.004192
0 0.592645 0.150113 0.011834 0.004209
0 0.566384 0.177952 0.012116 0.004238
0 0.634785 0.264761 0.006690 0.004203
0 0.561587 0.305648 0.011930 0.004320
0 0.578357 0.252629 0.006881 0.004095
0 0.254435 0.142465 0.008539 0.004195
0 0.586382 0.196577 0.005640 0.004178
0 0.729687 0.196083 0.007099 0.004124
0 0.729603 0.275704 0.005561 0.004272
0 0.687676 0.275712 0.005603 0.004272
0 0.311721 0.269038 0.005573 0.004221
0 0.186687 0.305670 0.011840 0.004300
0 0.260017 0.305691 0.008408 0.004195
0 0.634902 0.204478 0.013331 0.004346
0 0.189207 0.148971 0.008408 0.004195
0 0.354773 0.196087 0.007068 0.004064
0 0.192432 0.179826 0.012122 0.004172
0 0.211543 0.196607 0.005654 0.004232
0 0.217773 0.150094 0.011898 0.004206
0 0.676035 0.429290 0.022220 0.008561
0 0.698350 0.429407 0.016800 0.008561
0 0.289766 0.429367 0.022220 0.008561
0 0.312209 0.429020 0.016968 0.008561
0 0.289516 0.929305 0.022220 0.008561
0 0.312089 0.929171 0.017328 0.008561
0 0.676170 0.929037 0.022220 0.008561
0 0.698193 0.929268 0.017115 0.008561
0 0.699511 0.937516 0.005450 0.004135
0 0.313192 0.937571 0.005452 0.004135
0 0.313396 0.437858 0.005450 0.004135
0 0.699775 0.437895 0.005450 0.004135