0 0.613387 0.348679 0.030278 0.011422
0 0.530019 0.443501 0.018115 0.010559
0 0.585671 0.494719 0.015152 0.011257
0 0.572851 0.629270 0.014495 0.011180
0 0.438925 0.629615 0.017293 0.011026
0 0.244121 0.747376 0.031951 0.010807
0 0.441001 0.748318 0.023558 0.011403
0 0.440929 0.413937 0.039988 0.011271
0 0.240092 0.524525 0.032495 0.012979
0 0.202986 0.596438 0.015434 0.011257
0 0.288834 0.629605 0.015559 0.012112
0 0.326897 0.415275 0.015547 0.012437
0 0.403512 0.263625 0.023558 0.012090