0 0.563341 0.587849 0.009861 0.008063
0 0.365052 0.497719 0.024134 0.007803
0 0.490236 0.225330 0.010427 0.008484
0 0.352904 0.321462 0.016025 0.008108
0 0.651652 0.208219 0.020709 0.007966
0 0.348047 0.592530 0.022214 0.008057
0 0.414353 0.239288 0.009730 0.007920
0 0.597255 0.392449 0.021311 0.008288
0 0.434450 0.608902 0.011640 0.007832
0 0.547925 0.449842 0.010427 0.008487
0 0.433714 0.738698 0.016025 0.008108
0 0.550345 0.705313 0.016025 0.008108
0 0.301161 0.516178 0.016025 0.008111
0 0.555328 0.281392 0.013155 0.008288
0 0.412812 0.359585 0.009992 0.007895
0 0.789117 0.944302 0.007786 0.007635
0 0.785793 0.925568 0.023499 0.013707
0 0.755353 0.925779 0.031398 0.013707
0 0.301077 0.247030 0.011223 0.006425
0 0.300965 0.254610 0.014589 0.006427