0 0.353322 0.461442 0.016141 0.009832
0 0.459444 0.459362 0.036728 0.010219
0 0.436184 0.573254 0.020383 0.009148
0 0.571038 0.501850 0.013302 0.009256
0 0.662888 0.501877 0.012914 0.008957
0 0.679964 0.397364 0.015644 0.009165
0 0.298316 0.262847 0.028785 0.009216
0 0.299312 0.346110 0.020220 0.009695
0 0.371004 0.287675 0.012785 0.008977
0 0.451242 0.275093 0.027570 0.008800
0 0.532183 0.274233 0.015795 0.009060
0 0.463950 0.346726 0.015831 0.009307
0 0.522825 0.811139 0.049938 0.016879
0 0.574183 0.811734 0.038577 0.016879
0 0.558971 0.826198 0.010044 0.006537