0 0.656883 0.494625 0.005892 0.004279
0 0.750351 0.384709 0.005892 0.004276
0 0.688804 0.455195 0.006055 0.004490
0 0.228557 0.530274 0.005742 0.004418
0 0.313562 0.577684 0.008862 0.004507
0 0.693621 0.494105 0.005742 0.004418
0 0.741360 0.496941 0.005742 0.004418
0 0.774644 0.389113 0.005920 0.004464
0 0.817437 0.487300 0.005851 0.004310
0 0.264558 0.407742 0.006033 0.004173
0 0.814650 0.410034 0.005742 0.004418
0 0.350437 0.438539 0.008862 0.004507
0 0.329361 0.509940 0.005851 0.004310
0 0.227155 0.440698 0.005892 0.004276
0 0.136357 0.517265 0.005892 0.004279
0 0.238309 0.400084 0.005892 0.004279
0 0.309512 0.422104 0.005742 0.004418
0 0.178997 0.528375 0.005742 0.004418
0 0.264445 0.401936 0.005920 0.004464
0 0.174655 0.474029 0.006055 0.004490
0 0.272619 0.560989 0.006093 0.004276
0 0.774693 0.394937 0.006033 0.004173
0 0.738320 0.423967 0.005892 0.004279
0 0.784920 0.503049 0.006105 0.004461
0 0.797223 0.548562 0.008862 0.004507
0 0.854153 0.451626 0.008862 0.004507
0 0.718431 0.540945 0.008860 0.004507
0 0.784957 0.497292 0.006093 0.004276
0 0.272613 0.566983 0.006105 0.004461