0 0.445222 0.611380 0.013200 0.006562
0 0.442860 0.620381 0.008561 0.006531
0 0.445265 0.602533 0.013460 0.006531
0 0.447606 0.593670 0.017969 0.006776
0 0.443066 0.584702 0.008843 0.006383
0 0.945015 0.621156 0.013173 0.006628
0 0.947374 0.630030 0.018209 0.006548
0 0.383701 0.695113 0.020193 0.009404
0 0.945296 0.594570 0.013784 0.006722
0 0.443065 0.575731 0.009103 0.006594
0 0.945253 0.612299 0.013701 0.006536
0 0.883556 0.695718 0.020101 0.009761
0 0.942705 0.603418 0.008698 0.006631
0 0.445372 0.629267 0.013722 0.006653