0 0.391421 0.642134 0.009857 0.007949
0 0.618487 0.339299 0.021495 0.007778
0 0.362497 0.453272 0.013161 0.008681
0 0.281798 0.523142 0.011569 0.009179
0 0.599249 0.485954 0.009706 0.008234
0 0.572943 0.374386 0.011567 0.009182
0 0.491865 0.400929 0.023981 0.007926
0 0.295495 0.642245 0.009857 0.007949
0 0.483997 0.642382 0.011869 0.007738
0 0.360651 0.255694 0.021519 0.009177
0 0.583094 0.604252 0.016317 0.008174
0 0.452441 0.929289 0.029821 0.013444
0 0.483112 0.929148 0.022514 0.013162
0 0.486615 0.947688 0.007307 0.007501
0 0.429525 0.394390 0.022083 0.008695