0 0.526143 0.784639 0.009655 0.003465
0 0.234466 0.811241 0.005571 0.003309
0 0.153054 0.784628 0.009569 0.003391
0 0.233792 0.855289 0.006951 0.003403
0 0.136101 0.891489 0.009655 0.003149
0 0.168533 0.811661 0.005533 0.003414
0 0.155710 0.723118 0.009567 0.003425
0 0.290713 0.819775 0.005360 0.003528
0 0.346156 0.819775 0.005545 0.003528
0 0.355345 0.680975 0.008170 0.003500
0 0.350206 0.746837 0.005674 0.003351
0 0.682862 0.779088 0.005571 0.003203
0 0.662694 0.730446 0.005561 0.003320
0 0.606618 0.718179 0.010544 0.003414
0 0.606960 0.818993 0.005372 0.003343
0 0.553327 0.862840 0.006931 0.003371
0 0.231659 0.224313 0.010548 0.003320
0 0.787621 0.319765 0.009448 0.003212
0 0.624981 0.329288 0.005569 0.003528
0 0.736118 0.362938 0.006901 0.003283
0 0.567806 0.247039 0.005601 0.003283
0 0.569461 0.329161 0.005458 0.003571
0 0.605801 0.285497 0.005493 0.003283
0 0.684391 0.218373 0.010584 0.003283
0 0.637355 0.167343 0.009492 0.003531
0 0.683889 0.315848 0.005493 0.003249
0 0.759347 0.278777 0.005388 0.003482
0 0.785330 0.388770 0.009537 0.003337
0 0.747031 0.311871 0.005386 0.003257
0 0.555560 0.165426 0.008046 0.003460
0 0.175255 0.341881 0.006790 0.003420
0 0.230049 0.298175 0.005446 0.003280
0 0.165098 0.298095 0.005348 0.003309
0 0.167574 0.263762 0.005335 0.003243
0 0.152075 0.234077 0.009607 0.003252
0 0.152063 0.201587 0.009506 0.003363
0 0.161469 0.132917 0.009377 0.003326
0 0.379460 0.185727 0.008096 0.003309
0 0.345773 0.222229 0.005569 0.003368
0 0.343349 0.314705 0.005384 0.003460
0 0.288241 0.314694 0.005614 0.003329
0 0.816807 0.257871 0.009690 0.003266
0 0.303017 0.261801 0.005442 0.003283
0 0.308270 0.141268 0.009569 0.003357
0 0.275434 0.214534 0.005352 0.003374
0 0.528722 0.723136 0.009581 0.003411
0 0.545886 0.784649 0.005392 0.003024
0 0.728065 0.676926 0.008021 0.003531
0 0.723199 0.746828 0.005761 0.003192
0 0.719293 0.829005 0.005569 0.003545
0 0.663762 0.829017 0.005468 0.003465
0 0.309647 0.779040 0.005303 0.003152
0 0.509090 0.891489 0.009593 0.003195
0 0.172867 0.784618 0.005372 0.003343
0 0.285587 0.754201 0.008845 0.003283
0 0.194828 0.664322 0.009406 0.003411
0 0.237831 0.701707 0.006861 0.003283
0 0.240809 0.755752 0.010584 0.003326
0 0.541602 0.811775 0.005348 0.003403
0 0.567697 0.664269 0.009357 0.003403
0 0.800419 0.942388 0.025460 0.009496
0 0.826083 0.942382 0.019807 0.009496
0 0.427373 0.942306 0.025460 0.009496
0 0.285396 0.442354 0.025460 0.009496
0 0.800761 0.442707 0.025462 0.009496
0 0.826089 0.442707 0.019807 0.009496
0 0.310975 0.442707 0.019807 0.009496
0 0.323571 0.582767 0.006119 0.003500
0 0.404402 0.136235 0.006224 0.003500
0 0.580616 0.116079 0.006224 0.003500