0 0.683820 0.388455 0.005779 0.004366
0 0.740402 0.331872 0.005410 0.004366
0 0.734973 0.550970 0.005581 0.004369
0 0.807980 0.568457 0.010874 0.005759
0 0.731010 0.618292 0.010609 0.005794
0 0.669334 0.618659 0.010508 0.005720
0 0.639420 0.611453 0.014741 0.005814
0 0.657397 0.550738 0.005412 0.004389
0 0.727170 0.293799 0.010540 0.005797
0 0.684671 0.484669 0.010083 0.004374
0 0.636403 0.465084 0.004646 0.004263
0 0.776646 0.453207 0.010532 0.005611
0 0.734901 0.459590 0.011136 0.004429
0 0.740504 0.392150 0.005481 0.004317
0 0.684305 0.438525 0.007240 0.004374
0 0.237687 0.553150 0.005573 0.004449
0 0.345891 0.564742 0.005430 0.004400
0 0.299418 0.564749 0.005573 0.004449
0 0.163910 0.553108 0.005571 0.004449
0 0.328558 0.483334 0.005825 0.004406
0 0.295664 0.420633 0.009599 0.004412
0 0.238182 0.435087 0.011016 0.004622
0 0.355880 0.514793 0.004731 0.004412
0 0.152178 0.485164 0.004731 0.004412
0 0.165679 0.417078 0.010064 0.004380
0 0.322228 0.613163 0.010522 0.005865
0 0.212445 0.621252 0.010524 0.005868
0 0.239621 0.368203 0.010522 0.005868
0 0.164175 0.368009 0.010522 0.005868
0 0.148291 0.622180 0.014838 0.005808
0 0.729601 0.770316 0.020113 0.009667
0 0.749564 0.770308 0.015319 0.009667
0 0.259821 0.770345 0.020113 0.009667
0 0.279806 0.770339 0.015319 0.009667
0 0.240094 0.770222 0.015319 0.009667
0 0.339427 0.650013 0.016613 0.006728
0 0.214458 0.670333 0.009206 0.006156
0 0.683007 0.327314 0.004769 0.004933