0 0.785119 0.526753 0.011817 0.005606
0 0.422357 0.537459 0.007588 0.005617
0 0.830521 0.516060 0.018096 0.005811
0 0.915233 0.487910 0.016099 0.005634
0 0.779707 0.479326 0.011729 0.005873
0 0.891907 0.524436 0.007663 0.005623
0 0.310111 0.492568 0.011558 0.005654
0 0.699118 0.371395 0.014046 0.005794
0 0.828750 0.605969 0.009041 0.005634
0 0.770198 0.605799 0.007497 0.005654
0 0.445695 0.501153 0.016073 0.005617
0 0.396873 0.439269 0.015841 0.005651
0 0.866507 0.426034 0.015847 0.005651
0 0.249430 0.618854 0.007532 0.005580
0 0.277620 0.525687 0.008056 0.005680
0 0.300641 0.618870 0.007495 0.005645
0 0.359220 0.619024 0.008974 0.005566
0 0.426210 0.611121 0.007504 0.005634
0 0.315579 0.539752 0.011811 0.005620
0 0.245201 0.547995 0.007626 0.005651
0 0.229561 0.381969 0.014052 0.005740
0 0.360971 0.529152 0.018146 0.005811
0 0.895753 0.597921 0.007499 0.005634
0 0.718961 0.605754 0.007550 0.005597
0 0.714739 0.534966 0.007576 0.005560
0 0.747042 0.512629 0.008015 0.005594
0 0.012767 0.325442 0.011068 0.006073
0 0.012530 0.407719 0.011068 0.006073
0 0.012988 0.515584 0.011070 0.006073
0 0.012301 0.608223 0.011070 0.006073
0 0.036577 0.704915 0.011070 0.006073
0 0.506327 0.704779 0.011070 0.006076
0 0.482091 0.607844 0.011070 0.006073
0 0.482750 0.515254 0.011070 0.006073
0 0.482421 0.407506 0.011068 0.006076
0 0.482585 0.325413 0.011070 0.006073
0 0.020125 0.705057 0.018686 0.006609
0 0.489671 0.705299 0.018688 0.006609
0 0.005723 0.705081 0.007090 0.006281
0 0.475312 0.704855 0.007090 0.006278
0 0.092423 0.710792 0.012087 0.007985
0 0.561897 0.710724 0.012087 0.007985
0 0.351610 0.313406 0.019936 0.006247
0 0.415043 0.313514 0.019936 0.006247
0 0.821110 0.297398 0.019936 0.006247
0 0.884648 0.297398 0.019936 0.006247
0 0.259376 0.336964 0.007175 0.003742
0 0.257766 0.341928 0.011011 0.004449
0 0.273586 0.341928 0.010963 0.004449
0 0.306535 0.763658 0.027598 0.010849
0 0.333618 0.763577 0.021070 0.011337
0 0.775973 0.757408 0.027598 0.010849
0 0.803124 0.757247 0.021070 0.011337
0 0.729104 0.321298 0.007175 0.003742
0 0.727391 0.325895 0.011009 0.004449
0 0.743140 0.325928 0.010963 0.004446