0 0.338191 0.710170 0.005525 0.003525
0 0.185752 0.775720 0.006297 0.003346
0 0.314984 0.790569 0.005535 0.003531
0 0.177856 0.718249 0.005400 0.003537
0 0.289876 0.725296 0.006498 0.003371
0 0.228172 0.646741 0.009623 0.003445
0 0.235747 0.790993 0.010723 0.003497
0 0.160668 0.639457 0.014183 0.003326
0 0.160882 0.634443 0.009520 0.003323
0 0.210791 0.833112 0.006800 0.003351
0 0.231724 0.703552 0.005511 0.003406
0 0.160273 0.680677 0.006800 0.003354
0 0.704346 0.797734 0.006798 0.003408
0 0.714650 0.750209 0.005493 0.003480
0 0.727351 0.686640 0.009581 0.003340
0 0.707052 0.700704 0.005364 0.003311
0 0.689873 0.664835 0.006718 0.003337
0 0.665658 0.687444 0.010256 0.003522
0 0.662604 0.759386 0.006276 0.003366
0 0.630070 0.686243 0.008888 0.003366
0 0.614515 0.769785 0.005493 0.003480
0 0.582441 0.769778 0.005362 0.003494
0 0.584494 0.706485 0.006478 0.003337
0 0.603073 0.678643 0.005472 0.003294
0 0.581062 0.657213 0.009494 0.003311
0 0.580996 0.662605 0.014542 0.003368
0 0.192112 0.652756 0.005412 0.003494
0 0.253537 0.698460 0.005515 0.003394
0 0.665303 0.201186 0.010623 0.003511
0 0.662629 0.257646 0.006287 0.003380
0 0.630897 0.208652 0.006899 0.003351
0 0.196273 0.272022 0.006297 0.003337
0 0.160663 0.139648 0.014181 0.003286
0 0.160827 0.134632 0.009520 0.003360
0 0.193938 0.312960 0.006800 0.003417
0 0.675783 0.939617 0.003308 0.002727
0 0.648745 0.931482 0.018989 0.007427
0 0.667847 0.931513 0.014699 0.007427
0 0.275468 0.931918 0.018989 0.007427
0 0.275629 0.431679 0.018987 0.007427
0 0.648647 0.431673 0.018987 0.007427
0 0.667726 0.431721 0.014699 0.007427
0 0.294904 0.431788 0.014697 0.007424
0 0.294486 0.931918 0.014699 0.007427
0 0.302811 0.939858 0.003308 0.002730
0 0.302956 0.439839 0.003308 0.002727
0 0.810057 0.296774 0.014542 0.003602
0 0.810258 0.291821 0.009486 0.003374
0 0.803434 0.251811 0.005382 0.003508
0 0.675767 0.439840 0.003308 0.002730
0 0.336876 0.199775 0.005523 0.003522
0 0.314926 0.279225 0.005396 0.003494
0 0.188001 0.216252 0.005396 0.003494
0 0.289080 0.226294 0.006498 0.003411
0 0.239418 0.300527 0.010615 0.003511
0 0.316119 0.326143 0.006879 0.003326
0 0.226253 0.221587 0.005386 0.003351
0 0.278164 0.281607 0.006758 0.003272
0 0.253538 0.198557 0.005493 0.003394
0 0.348293 0.239179 0.006798 0.003380
0 0.159082 0.225154 0.006800 0.003354
0 0.228182 0.146867 0.009625 0.003383
0 0.193412 0.149769 0.005402 0.003494
0 0.603382 0.212602 0.006510 0.003351
0 0.648860 0.296868 0.006851 0.003408
0 0.714716 0.251885 0.005382 0.003508
0 0.617645 0.259714 0.005485 0.003508
0 0.582436 0.259714 0.005392 0.003480
0 0.705721 0.207374 0.005495 0.003354
0 0.575114 0.206091 0.005356 0.003360
0 0.666306 0.159622 0.006768 0.003309
0 0.725704 0.296983 0.014475 0.003263
0 0.725708 0.292009 0.009486 0.003374
0 0.727582 0.199830 0.009571 0.003360
0 0.810770 0.199796 0.009571 0.003360