0 0.568037 0.560852 0.007498 0.006642
0 0.580611 0.479028 0.007982 0.006642
0 0.574390 0.414282 0.007438 0.006499
0 0.489216 0.335305 0.012014 0.006471
0 0.388712 0.468472 0.007902 0.006670
0 0.401220 0.543158 0.007519 0.006556
0 0.486136 0.544293 0.009030 0.006528
0 0.491536 0.608144 0.011953 0.006642
0 0.484755 0.424082 0.018371 0.006739
0 0.411429 0.296494 0.009675 0.004789
0 0.594347 0.634334 0.027763 0.005271
0 0.457948 0.891331 0.045120 0.017680
0 0.502194 0.891405 0.033386 0.017680
0 0.421191 0.428928 0.010550 0.007138
0 0.207723 0.350750 0.012423 0.006824
0 0.207843 0.414277 0.007785 0.006947
0 0.215343 0.560844 0.008271 0.006933
0 0.214865 0.479042 0.007718 0.006853