0 0.669775 0.681976 0.013268 0.004312
0 0.318514 0.702679 0.005640 0.004218
0 0.587056 0.688529 0.006939 0.003990
0 0.205318 0.752486 0.006881 0.004095
0 0.188546 0.805506 0.011930 0.004320
0 0.261745 0.764618 0.006690 0.004203
0 0.193344 0.677810 0.012116 0.004238
0 0.744558 0.664450 0.011956 0.004146
0 0.667753 0.756080 0.006629 0.004141
0 0.609866 0.763887 0.005543 0.004144
0 0.730935 0.744808 0.006855 0.003990
0 0.314635 0.775570 0.005603 0.004272
0 0.692277 0.283950 0.005585 0.004235
0 0.356646 0.695940 0.007099 0.004124
0 0.213342 0.696435 0.005640 0.004178
0 0.355659 0.193381 0.007074 0.004055
0 0.558985 0.194715 0.012116 0.004238
0 0.697275 0.213051 0.005716 0.004243
0 0.634634 0.329560 0.008414 0.004192
0 0.572928 0.272525 0.006923 0.004075
0 0.621677 0.162623 0.008416 0.004192
0 0.735543 0.209279 0.007113 0.004075
0 0.636320 0.276130 0.006675 0.004229
0 0.356563 0.775561 0.005561 0.004272
0 0.627027 0.208165 0.013224 0.004320
0 0.556719 0.322575 0.011773 0.004243
0 0.579846 0.215370 0.005624 0.004346
0 0.585316 0.156775 0.011793 0.004238
0 0.317594 0.200264 0.005698 0.004249
0 0.193303 0.177240 0.012027 0.004198
0 0.204326 0.249912 0.006891 0.004075
0 0.260763 0.262069 0.006667 0.004195
0 0.337621 0.265073 0.005567 0.004212
0 0.260825 0.201736 0.013329 0.004372
0 0.212354 0.193889 0.005684 0.004192
0 0.190049 0.146300 0.008485 0.004181
0 0.255088 0.140452 0.008414 0.004181
0 0.260906 0.302992 0.008396 0.004184
0 0.187534 0.302960 0.011916 0.004238
0 0.218635 0.147442 0.011817 0.004198
0 0.563161 0.763901 0.005545 0.004144
0 0.219605 0.649970 0.011832 0.004209
0 0.301018 0.656536 0.008515 0.004192
0 0.217100 0.805235 0.008404 0.004195
0 0.261862 0.704336 0.013331 0.004346
0 0.559396 0.718716 0.005614 0.004135
0 0.718679 0.690742 0.005612 0.004135
0 0.627839 0.640174 0.008336 0.004132
0 0.719302 0.803381 0.008444 0.004135
0 0.747404 0.801954 0.011854 0.004175
0 0.716024 0.628081 0.011753 0.004175
0 0.739411 0.283968 0.005591 0.004238
0 0.699682 0.937716 0.005166 0.004135
0 0.676527 0.929007 0.022569 0.008672
0 0.698883 0.928914 0.017024 0.008675
0 0.303281 0.929146 0.022569 0.008672
0 0.290116 0.429064 0.022569 0.008672
0 0.662971 0.429144 0.022569 0.008672
0 0.325224 0.928998 0.017024 0.008672
0 0.312231 0.429333 0.017022 0.008675
0 0.685404 0.429151 0.017022 0.008675
0 0.326758 0.937676 0.005166 0.004135
0 0.313242 0.437662 0.005166 0.004135
0 0.686311 0.437804 0.005166 0.004135
0 0.794623 0.660613 0.020707 0.006503
0 0.835562 0.767927 0.020707 0.006500