0 0.204107 0.715463 0.005664 0.004184
0 0.258603 0.713843 0.013421 0.004317
0 0.563161 0.763901 0.005545 0.004144
0 0.716024 0.628081 0.011753 0.004175
0 0.587056 0.688529 0.006939 0.003990
0 0.559396 0.718716 0.005614 0.004135
0 0.718679 0.690742 0.005612 0.004135
0 0.627839 0.640174 0.008336 0.004132
0 0.719302 0.803381 0.008444 0.004135
0 0.747404 0.801954 0.011854 0.004175
0 0.259960 0.775987 0.006637 0.004184
0 0.669775 0.681976 0.013268 0.004312
0 0.730935 0.744808 0.006855 0.003990
0 0.667753 0.756080 0.006629 0.004141
0 0.609866 0.763887 0.005543 0.004144
0 0.206978 0.822486 0.008442 0.004221
0 0.208719 0.663906 0.011880 0.004209
0 0.180295 0.822425 0.011930 0.004218
0 0.182753 0.678799 0.011979 0.004192
0 0.196528 0.772384 0.006774 0.004050
0 0.315847 0.783830 0.005569 0.004218
0 0.321424 0.712913 0.005664 0.004235
0 0.261120 0.622724 0.008366 0.004178
0 0.363049 0.783802 0.005569 0.004218
0 0.320833 0.195688 0.005628 0.004166
0 0.262763 0.201741 0.013292 0.004246
0 0.301956 0.153954 0.008459 0.004192
0 0.218030 0.302686 0.008372 0.004129
0 0.189462 0.302947 0.011848 0.004144
0 0.206225 0.249902 0.006833 0.003970
0 0.262672 0.262049 0.006649 0.004149
0 0.341982 0.265040 0.005535 0.004192
0 0.357590 0.193361 0.007040 0.004021
0 0.220546 0.147392 0.011735 0.004149
0 0.194170 0.169981 0.012063 0.004146
0 0.631643 0.213985 0.013421 0.004317
0 0.577148 0.215606 0.005664 0.004184
0 0.731506 0.209295 0.007086 0.004095
0 0.633000 0.276130 0.006637 0.004184
0 0.634161 0.122867 0.008366 0.004178
0 0.736089 0.283944 0.005569 0.004218
0 0.694464 0.213055 0.005664 0.004235
0 0.688888 0.283973 0.005569 0.004218
0 0.569569 0.272526 0.006774 0.004050
0 0.555794 0.178941 0.011979 0.004192
0 0.553336 0.322568 0.011930 0.004218
0 0.581759 0.164048 0.011880 0.004209
0 0.580018 0.322629 0.008442 0.004221
0 0.214268 0.193840 0.005626 0.004135
0 0.744558 0.664450 0.011956 0.004146
0 0.358467 0.709152 0.007088 0.004095
0 0.303586 0.429355 0.022247 0.008490
0 0.325916 0.429444 0.016917 0.008492
0 0.676578 0.429487 0.022247 0.008492
0 0.698732 0.429357 0.017084 0.008490
0 0.676713 0.929109 0.022247 0.008490
0 0.698871 0.929215 0.017129 0.008490
0 0.303665 0.929084 0.022245 0.008490
0 0.325789 0.929260 0.017574 0.009048
0 0.326499 0.937522 0.005273 0.003953
0 0.699544 0.937568 0.005273 0.003953
0 0.699447 0.437397 0.005273 0.003953
0 0.326340 0.437868 0.005273 0.003950
0 0.794677 0.660459 0.020423 0.006298
0 0.835654 0.767894 0.020423 0.006298