0 0.589280 0.828486 0.030852 0.014384
0 0.383690 0.339641 0.020407 0.009196
0 0.446070 0.434119 0.012394 0.008888
0 0.431311 0.514641 0.011933 0.009458
0 0.469589 0.269247 0.011818 0.009213
0 0.450288 0.310906 0.015252 0.009059
0 0.534475 0.277362 0.011610 0.008731
0 0.531097 0.371147 0.011788 0.009159
0 0.562647 0.457692 0.028293 0.008709
0 0.521557 0.532784 0.014641 0.009376
0 0.610966 0.556079 0.024488 0.009393
0 0.513256 0.828340 0.040191 0.014775
0 0.554865 0.828340 0.030508 0.013697