0 0.555891 0.207945 0.008614 0.004206
0 0.635025 0.314641 0.008507 0.004209
0 0.578665 0.309000 0.011850 0.004172
0 0.635583 0.246928 0.013367 0.004332
0 0.681062 0.243475 0.005569 0.004215
0 0.355659 0.193381 0.007074 0.004055
0 0.317594 0.200264 0.005698 0.004249
0 0.193303 0.177240 0.012027 0.004198
0 0.204326 0.249912 0.006891 0.004075
0 0.260763 0.262069 0.006667 0.004195
0 0.590414 0.237347 0.006663 0.004166
0 0.212354 0.193889 0.005684 0.004192
0 0.190049 0.146300 0.008485 0.004181
0 0.728148 0.243504 0.005569 0.004215
0 0.255088 0.140452 0.008414 0.004181
0 0.260906 0.302992 0.008396 0.004184
0 0.260825 0.201736 0.013329 0.004372
0 0.187534 0.302960 0.011916 0.004238
0 0.219605 0.649970 0.011832 0.004209
0 0.337621 0.265073 0.005567 0.004212
0 0.594070 0.145064 0.006770 0.004058
0 0.650567 0.130078 0.011858 0.004146
0 0.557277 0.127243 0.011902 0.004209
0 0.563161 0.763901 0.005545 0.004144
0 0.218635 0.147442 0.011817 0.004198
0 0.301018 0.656536 0.008515 0.004192
0 0.217100 0.805235 0.008404 0.004195
0 0.261862 0.704336 0.013331 0.004346
0 0.559396 0.718716 0.005614 0.004135
0 0.718679 0.690742 0.005612 0.004135
0 0.627839 0.640174 0.008336 0.004132
0 0.719302 0.803381 0.008444 0.004135
0 0.747404 0.801954 0.011854 0.004175
0 0.716024 0.628081 0.011753 0.004175
0 0.669775 0.681976 0.013268 0.004312
0 0.318514 0.702679 0.005640 0.004218
0 0.587056 0.688529 0.006939 0.003990
0 0.205318 0.752486 0.006881 0.004095
0 0.188546 0.805506 0.011930 0.004320
0 0.261745 0.764618 0.006690 0.004203
0 0.193344 0.677810 0.012116 0.004238
0 0.744558 0.664450 0.011956 0.004146
0 0.667753 0.756080 0.006629 0.004141
0 0.609866 0.763887 0.005543 0.004144
0 0.730935 0.744808 0.006855 0.003990
0 0.314635 0.775570 0.005603 0.004272
0 0.356563 0.775561 0.005561 0.004272
0 0.356646 0.695940 0.007099 0.004124
0 0.213342 0.696435 0.005640 0.004178
0 0.635802 0.157667 0.005660 0.004243
0 0.732316 0.196902 0.005676 0.004263
0 0.687607 0.172387 0.007131 0.004067
0 0.313003 0.437846 0.005704 0.004109
0 0.312520 0.428864 0.017866 0.009288
0 0.290080 0.428941 0.022924 0.009134
0 0.662776 0.429282 0.022646 0.008880
0 0.685010 0.429440 0.018386 0.008775
0 0.686393 0.437793 0.005307 0.004124
0 0.303185 0.929025 0.023867 0.009205
0 0.325270 0.929025 0.017822 0.008766
0 0.326719 0.937598 0.005543 0.004229
0 0.794609 0.660543 0.020449 0.006215
0 0.836055 0.767706 0.020794 0.006395
0 0.676142 0.928787 0.023431 0.009470
0 0.699047 0.929024 0.017848 0.009641
0 0.699568 0.937439 0.005382 0.004426