0 0.762491 0.474437 0.013325 0.004132
0 0.703269 0.410190 0.011950 0.004443
0 0.600286 0.407776 0.010131 0.004352
0 0.370030 0.404855 0.010010 0.004477
0 0.892461 0.602095 0.011894 0.004047
0 0.617787 0.613927 0.006873 0.004497
0 0.663542 0.558807 0.006915 0.004420
0 0.761858 0.597011 0.006915 0.004394
0 0.856725 0.550437 0.007062 0.004494
0 0.133559 0.629912 0.008767 0.004309
0 0.889459 0.688813 0.012245 0.004528
0 0.841356 0.592018 0.006778 0.004383
0 0.100073 0.531519 0.012061 0.004389
0 0.124047 0.531369 0.006752 0.004431
0 0.197618 0.436622 0.013327 0.004392
0 0.263731 0.478601 0.007050 0.004622
0 0.289858 0.524719 0.007320 0.004412
0 0.337656 0.484528 0.007248 0.004280
0 0.139161 0.380158 0.012047 0.004317
0 0.120846 0.574675 0.007028 0.004694
0 0.275942 0.595576 0.007068 0.004488
0 0.332272 0.595566 0.006953 0.004583
0 0.082457 0.666087 0.011878 0.004446
0 0.104876 0.445604 0.012412 0.004289
0 0.929208 0.524098 0.012198 0.004252
0 0.687629 0.613853 0.007135 0.004907
0 0.827586 0.656375 0.008749 0.004286
0 0.615861 0.510416 0.007367 0.004360
0 0.202932 0.574651 0.006911 0.004474
0 0.402346 0.314082 0.007514 0.004152
0 0.631706 0.345584 0.007514 0.004152
0 0.908829 0.757055 0.031501 0.010445
0 0.940488 0.756832 0.024808 0.010445
0 0.254445 0.756932 0.024808 0.010445
0 0.222644 0.756530 0.031501 0.010445