0 0.921827 0.730093 0.019962 0.008555
0 0.750280 0.537529 0.006150 0.004521
0 0.759196 0.415869 0.006150 0.004521
0 0.631635 0.541519 0.006147 0.004521
0 0.620881 0.496189 0.006657 0.004521
0 0.601270 0.453190 0.006655 0.004521
0 0.768837 0.596879 0.013250 0.004521
0 0.671519 0.596906 0.009539 0.004524
0 0.732000 0.596938 0.009541 0.004521
0 0.228569 0.746142 0.026017 0.008737
0 0.255376 0.746048 0.019968 0.008367
0 0.328008 0.438914 0.006667 0.004590
0 0.171854 0.413570 0.006121 0.004735
0 0.180441 0.540143 0.006226 0.004612
0 0.294143 0.543016 0.006121 0.004732
0 0.226259 0.400251 0.006764 0.004458
0 0.183984 0.354170 0.013256 0.004299
0 0.265424 0.450949 0.013250 0.004590
0 0.174759 0.471417 0.013254 0.004590
0 0.307293 0.496243 0.006655 0.004470
0 0.244132 0.531505 0.006413 0.004470
0 0.256858 0.597013 0.009553 0.004590
0 0.197059 0.596964 0.009553 0.004590
0 0.162184 0.596897 0.013298 0.004592
0 0.725116 0.354113 0.009539 0.004521
0 0.670058 0.469490 0.013238 0.004521
0 0.761592 0.471559 0.013238 0.004521
0 0.685545 0.537700 0.006428 0.004521
0 0.708342 0.406197 0.006839 0.004521
0 0.894889 0.729964 0.025829 0.008749
0 0.266322 0.757477 0.005442 0.004339
0 0.932597 0.741371 0.005428 0.004322