0 0.402782 0.615165 0.009091 0.007680
0 0.499307 0.615790 0.012050 0.007514
0 0.633534 0.703248 0.020165 0.006896
0 0.620266 0.528508 0.019085 0.007443
0 0.511733 0.904175 0.033572 0.015624
0 0.468258 0.904404 0.043431 0.015986
0 0.586016 0.703206 0.014608 0.006816
0 0.601599 0.615681 0.009089 0.007680
0 0.619753 0.464096 0.009101 0.006665
0 0.363163 0.400848 0.018246 0.007443
0 0.431632 0.481793 0.009182 0.007360
0 0.387922 0.514316 0.009099 0.006665
0 0.583754 0.450459 0.009089 0.007680
0 0.526457 0.377858 0.018643 0.006816
0 0.493255 0.466772 0.021435 0.008059
0 0.365479 0.323526 0.010990 0.005570
0 0.547599 0.922045 0.009700 0.008247