0 0.582682 0.596354 0.009548 0.007942
0 0.356805 0.383273 0.009550 0.007942
0 0.542250 0.382985 0.009550 0.007942
0 0.523873 0.930239 0.024449 0.012172
0 0.494213 0.929997 0.025035 0.011824
0 0.462518 0.929962 0.031969 0.011896
0 0.456122 0.383241 0.013663 0.007942
0 0.455374 0.590117 0.013663 0.007942
0 0.603149 0.483416 0.019415 0.007044
0 0.506011 0.942018 0.009357 0.005804
0 0.431971 0.279391 0.013751 0.007186
0 0.530580 0.279426 0.013753 0.007186
0 0.453752 0.706535 0.013753 0.007186
0 0.624336 0.706698 0.019254 0.007483
0 0.358432 0.568493 0.009397 0.006958
0 0.609886 0.383110 0.009395 0.006956
0 0.335143 0.492942 0.012838 0.006403