0 0.607379 0.445100 0.013492 0.004437
0 0.601511 0.405673 0.008511 0.004238
0 0.850121 0.529766 0.008523 0.004246
0 0.848352 0.455170 0.008523 0.004246
0 0.728676 0.461288 0.006935 0.004218
0 0.665268 0.458465 0.008211 0.004164
0 0.166493 0.532914 0.006816 0.004477
0 0.216130 0.532895 0.006953 0.004406
0 0.246209 0.462556 0.006925 0.004223
0 0.455089 0.455740 0.012128 0.004332
0 0.303352 0.457334 0.008170 0.004221
0 0.826189 0.408195 0.008852 0.004221
0 0.191516 0.579689 0.008545 0.004252
0 0.362872 0.404664 0.008553 0.004072
0 0.131107 0.528172 0.008573 0.004266
0 0.366082 0.461562 0.013530 0.004417
0 0.928982 0.409595 0.008930 0.004577
0 0.247962 0.743168 0.023766 0.009276
0 0.272166 0.743125 0.018050 0.008934
0 0.282004 0.753293 0.003790 0.003406
0 0.717596 0.743185 0.023764 0.009276
0 0.741519 0.743256 0.018050 0.008934
0 0.751641 0.753388 0.003790 0.003403
0 0.800521 0.540269 0.007127 0.004494
0 0.904284 0.526868 0.007036 0.004719
0 0.532156 0.461860 0.006778 0.004483
0 0.776343 0.579571 0.008660 0.004454
0 0.906962 0.587434 0.008886 0.004506
0 0.513663 0.561177 0.012001 0.004543
0 0.923823 0.461996 0.012345 0.004221
0 0.513844 0.568659 0.018255 0.004545
0 0.848248 0.574250 0.009170 0.004471
0 0.685849 0.558331 0.009055 0.004437
0 0.523603 0.514550 0.006790 0.004648
0 0.600990 0.530526 0.008066 0.004454
0 0.568436 0.579533 0.008644 0.004491
0 0.049337 0.459443 0.011670 0.004437
0 0.128417 0.452989 0.008569 0.004469
0 0.061046 0.527126 0.006814 0.004608
0 0.160300 0.462616 0.008612 0.004457
0 0.147574 0.410620 0.008950 0.004540
0 0.289042 0.567207 0.008993 0.004463
0 0.122685 0.575466 0.009021 0.004508
0 0.038536 0.413286 0.008843 0.004491
0 0.074689 0.419692 0.006802 0.004389
0 0.425799 0.462434 0.006875 0.004434
0 0.062110 0.587987 0.008684 0.004471
0 0.441210 0.527100 0.006909 0.004557
0 0.374207 0.527090 0.008136 0.004594
0 0.455354 0.574732 0.012057 0.004580
0 0.455510 0.580903 0.018495 0.004611
0 0.807525 0.466278 0.008521 0.004252
0 0.398879 0.579947 0.008880 0.004523
0 0.884498 0.423303 0.006877 0.004315
0 0.509196 0.452754 0.012081 0.004511
0 0.751438 0.540171 0.007086 0.004594