0 0.597948 0.130224 0.005664 0.004203
0 0.646994 0.155949 0.005610 0.004158
0 0.646996 0.098710 0.005610 0.004158
0 0.592964 0.188011 0.006980 0.004075
0 0.588647 0.068753 0.011789 0.004192
0 0.646643 0.370597 0.008459 0.004141
0 0.636691 0.250939 0.013321 0.004346
0 0.635300 0.065611 0.008461 0.004144
0 0.636909 0.738693 0.013294 0.004317
0 0.572981 0.312001 0.006768 0.004098
0 0.567315 0.231248 0.012079 0.004172
0 0.185945 0.194715 0.012116 0.004238
0 0.324234 0.213051 0.005716 0.004243
0 0.261594 0.329560 0.008414 0.004192
0 0.248638 0.162623 0.008414 0.004192
0 0.362503 0.209279 0.007113 0.004075
0 0.263279 0.276130 0.006675 0.004229
0 0.366370 0.283968 0.005591 0.004238
0 0.319236 0.283950 0.005585 0.004235
0 0.253988 0.208165 0.013222 0.004320
0 0.183678 0.322575 0.011773 0.004243
0 0.206805 0.215370 0.005624 0.004346
0 0.212276 0.156775 0.011793 0.004238
0 0.199887 0.272525 0.006923 0.004075
0 0.565657 0.365637 0.011801 0.004172
0 0.689050 0.672192 0.007014 0.004007
0 0.733763 0.696728 0.005636 0.004155
0 0.637224 0.657491 0.005636 0.004135
0 0.261120 0.622724 0.008366 0.004178
0 0.591727 0.737179 0.006637 0.004109
0 0.580019 0.808775 0.011749 0.004121
0 0.607595 0.802002 0.008449 0.004175
0 0.557316 0.669089 0.008346 0.004175
0 0.595450 0.644924 0.006810 0.004007
0 0.558638 0.627076 0.011751 0.004166
0 0.729580 0.743296 0.005567 0.004135
0 0.258603 0.713843 0.013421 0.004317
0 0.204107 0.715463 0.005664 0.004184
0 0.358467 0.709152 0.007088 0.004095
0 0.259960 0.775987 0.006637 0.004184
0 0.639998 0.629954 0.011944 0.004178
0 0.363049 0.783802 0.005569 0.004218
0 0.321424 0.712913 0.005664 0.004235
0 0.315847 0.783830 0.005569 0.004218
0 0.196528 0.772384 0.006774 0.004050
0 0.182753 0.678799 0.011979 0.004192
0 0.180295 0.822425 0.011930 0.004218
0 0.208719 0.663906 0.011880 0.004209
0 0.206978 0.822486 0.008442 0.004221
0 0.682474 0.743284 0.005529 0.004135
0 0.637102 0.322150 0.006679 0.004192
0 0.589918 0.250675 0.005736 0.004206
0 0.303313 0.928742 0.024163 0.009909
0 0.676338 0.928843 0.024165 0.009912
0 0.763315 0.428944 0.024163 0.009909
0 0.290000 0.428980 0.024163 0.009912
0 0.312554 0.429164 0.017383 0.009538
0 0.785701 0.429223 0.017383 0.009538
0 0.326054 0.928881 0.017383 0.009538
0 0.698228 0.929044 0.017383 0.009538
0 0.699567 0.937619 0.005541 0.004055
0 0.326530 0.937608 0.005541 0.004055
0 0.787004 0.437863 0.005541 0.004058
0 0.313212 0.437630 0.005541 0.004055