0 0.597718 0.683290 0.006732 0.004295
0 0.605261 0.757854 0.008870 0.004320
0 0.653084 0.792506 0.012063 0.004295
0 0.693614 0.734967 0.006929 0.004275
0 0.659233 0.734548 0.005612 0.004315
0 0.574450 0.604997 0.011854 0.004283
0 0.608145 0.605714 0.008549 0.004263
0 0.638049 0.648974 0.013409 0.004429
0 0.683509 0.657479 0.005636 0.004146
0 0.721381 0.656929 0.005636 0.004146
0 0.612557 0.813814 0.006960 0.004260
0 0.206978 0.822486 0.008442 0.004221
0 0.208719 0.663906 0.011880 0.004209
0 0.180295 0.822425 0.011930 0.004218
0 0.182753 0.678799 0.011979 0.004192
0 0.196528 0.772384 0.006774 0.004050
0 0.315847 0.783830 0.005569 0.004218
0 0.321424 0.712913 0.005664 0.004235
0 0.363049 0.783802 0.005569 0.004218
0 0.261120 0.622724 0.008366 0.004178
0 0.259960 0.775987 0.006637 0.004184
0 0.358467 0.709152 0.007088 0.004095
0 0.204107 0.715463 0.005664 0.004184
0 0.258603 0.713843 0.013421 0.004317
0 0.572395 0.804981 0.008582 0.004366
0 0.651795 0.824772 0.005638 0.004317
0 0.569531 0.368168 0.011888 0.004246
0 0.356563 0.275704 0.005561 0.004272
0 0.356646 0.196083 0.007099 0.004124
0 0.213342 0.196577 0.005640 0.004178
0 0.318514 0.202821 0.005640 0.004218
0 0.219605 0.150113 0.011832 0.004209
0 0.301018 0.156679 0.008515 0.004192
0 0.217100 0.305378 0.008404 0.004195
0 0.261862 0.204478 0.013331 0.004346
0 0.205318 0.252629 0.006881 0.004095
0 0.188546 0.305648 0.011930 0.004320
0 0.261745 0.264761 0.006690 0.004203
0 0.193344 0.177952 0.012116 0.004238
0 0.314635 0.275712 0.005603 0.004272
0 0.599879 0.134409 0.005674 0.004218
0 0.599747 0.366349 0.008517 0.004195
0 0.688031 0.212350 0.008471 0.004198
0 0.593457 0.068575 0.011809 0.004201
0 0.648414 0.160235 0.005569 0.004243
0 0.652651 0.093574 0.005595 0.004246
0 0.599249 0.187415 0.007099 0.004109
0 0.572383 0.231217 0.012063 0.004246
0 0.594027 0.249979 0.005672 0.004226
0 0.658934 0.255037 0.013298 0.004420
0 0.661611 0.333927 0.006696 0.004189
0 0.580117 0.316270 0.006798 0.004041
0 0.573794 0.843088 0.011775 0.004295
0 0.303061 0.429386 0.021805 0.008233
0 0.325384 0.429332 0.016530 0.008233
0 0.326614 0.437723 0.004709 0.003665
0 0.776740 0.429246 0.021805 0.008233
0 0.799019 0.429330 0.016591 0.008236
0 0.800216 0.437722 0.004501 0.003668
0 0.674795 0.944679 0.021805 0.008236
0 0.697135 0.944741 0.016635 0.008233
0 0.303503 0.929188 0.021803 0.008236
0 0.325834 0.929137 0.016516 0.008236
0 0.326589 0.937746 0.004731 0.003904