0 0.358738 0.551957 0.005781 0.003920
0 0.429267 0.430686 0.006266 0.003920
0 0.471174 0.373123 0.006071 0.003920
0 0.226776 0.455951 0.012214 0.003920
0 0.472093 0.462214 0.012214 0.003920
0 0.422802 0.907672 0.044274 0.015567
0 0.473007 0.907611 0.044358 0.015935
0 0.517843 0.907489 0.033877 0.015445
0 0.270756 0.551991 0.005783 0.003920
0 0.461869 0.571291 0.005781 0.003922
0 0.240817 0.355845 0.005781 0.003920
0 0.342820 0.355878 0.006401 0.003922
0 0.300476 0.252651 0.008898 0.003900
0 0.279238 0.662591 0.008898 0.003900
0 0.381169 0.662261 0.008898 0.003900
0 0.216202 0.662300 0.012448 0.003900