0 0.268778 0.260875 0.005608 0.008814
0 0.342632 0.446321 0.012173 0.008464
0 0.334484 0.388783 0.011419 0.009094
0 0.392597 0.298066 0.011419 0.008600
0 0.422782 0.426415 0.011804 0.008914
0 0.313507 0.650403 0.012413 0.008657
0 0.283050 0.740630 0.024934 0.008352
0 0.383657 0.734570 0.017271 0.008455
0 0.485134 0.544803 0.017271 0.008455
0 0.426639 0.527268 0.028480 0.008578
0 0.485197 0.633974 0.024277 0.008672
0 0.412445 0.649408 0.012401 0.008709
0 0.327761 0.910435 0.053953 0.018794
0 0.383682 0.910869 0.041651 0.018130
0 0.327525 0.516213 0.011788 0.009222
0 0.282285 0.530617 0.025029 0.008378
0 0.323495 0.221179 0.013255 0.006793
0 0.323681 0.291579 0.013255 0.006796