0 0.603850 0.829885 0.009405 0.003355
0 0.650861 0.810832 0.005434 0.003341
0 0.297763 0.841782 0.006894 0.003324
0 0.647315 0.746306 0.010659 0.003369
0 0.701448 0.737662 0.004562 0.003255
0 0.700005 0.625507 0.005561 0.003284
0 0.666602 0.859527 0.006916 0.003341
0 0.730933 0.864387 0.009716 0.003341
0 0.714942 0.803207 0.005497 0.003216
0 0.726798 0.729051 0.009524 0.003312
0 0.643955 0.652171 0.004596 0.003310
0 0.644741 0.697668 0.006962 0.003312
0 0.596919 0.760063 0.006807 0.003312
0 0.275020 0.193097 0.010730 0.003355
0 0.284724 0.147194 0.006799 0.003401
0 0.645374 0.114917 0.004596 0.003352
0 0.724620 0.207141 0.009538 0.003352
0 0.728554 0.342038 0.009387 0.003352
0 0.196374 0.321860 0.009349 0.003315
0 0.272281 0.614917 0.004598 0.003352
0 0.355461 0.842038 0.009389 0.003352
0 0.227013 0.743854 0.006926 0.003324
0 0.644348 0.588469 0.004596 0.003352
0 0.231698 0.811720 0.009613 0.003498
0 0.279887 0.795453 0.005358 0.003341
0 0.339557 0.788726 0.005479 0.003181
0 0.274968 0.279685 0.005428 0.003355
0 0.202996 0.190383 0.009407 0.003355
0 0.215107 0.266099 0.005469 0.003207
0 0.230280 0.151202 0.009776 0.003275
0 0.202259 0.151183 0.006904 0.003381
0 0.371160 0.283515 0.004602 0.003312
0 0.225012 0.200986 0.004533 0.003295
0 0.604791 0.311720 0.009615 0.003498
0 0.700177 0.128649 0.005636 0.003227
0 0.291071 0.321735 0.006787 0.003367
0 0.377266 0.170448 0.006767 0.003233
0 0.352307 0.575505 0.006654 0.003096
0 0.726803 0.574380 0.006704 0.003121
0 0.283173 0.436569 0.020105 0.007186
0 0.303828 0.436531 0.015465 0.006950
0 0.647420 0.234923 0.011030 0.003729
0 0.656962 0.436656 0.020105 0.007184
0 0.283892 0.936514 0.020105 0.007184
0 0.656718 0.942729 0.020105 0.007186
0 0.304713 0.936464 0.015465 0.006953
0 0.677321 0.942727 0.015465 0.006953
0 0.677702 0.436642 0.015465 0.006950
0 0.274364 0.734735 0.010659 0.003369
0 0.351526 0.707141 0.009538 0.003352
0 0.327843 0.726581 0.004564 0.003275
0 0.324516 0.676089 0.004481 0.003290
0 0.327084 0.628649 0.005638 0.003227
0 0.272289 0.673774 0.004554 0.003312
0 0.695170 0.672644 0.004435 0.003327
0 0.328597 0.283529 0.004644 0.003341
0 0.670856 0.341782 0.006892 0.003324
0 0.700935 0.226581 0.004564 0.003275
0 0.697609 0.176089 0.004483 0.003290
0 0.645383 0.173774 0.004554 0.003312
0 0.712650 0.288726 0.005477 0.003181
0 0.652980 0.295453 0.005356 0.003341
0 0.600106 0.243854 0.006924 0.003324
0 0.378357 0.236874 0.004519 0.003355
0 0.344431 0.207838 0.005580 0.003184
0 0.725233 0.075470 0.006620 0.003221