0 0.303487 0.417474 0.018867 0.006727
0 0.447833 0.596579 0.010885 0.006727
0 0.447938 0.422919 0.021520 0.006727
0 0.290203 0.681167 0.018748 0.006651
0 0.480131 0.680915 0.013614 0.006756
0 0.587149 0.452480 0.011189 0.006385
0 0.655193 0.510718 0.009067 0.006727
0 0.555393 0.604290 0.009311 0.006699
0 0.347642 0.438740 0.009091 0.006613
0 0.640758 0.604262 0.009232 0.006642
0 0.302006 0.338854 0.013848 0.006784
0 0.358206 0.338891 0.019609 0.006574
0 0.467400 0.330854 0.013638 0.006822
0 0.327775 0.569332 0.010970 0.006434
0 0.464209 0.911145 0.039694 0.013458
0 0.506062 0.911237 0.030689 0.013957
0 0.653174 0.377223 0.012620 0.005416