0 0.275715 0.931324 0.019599 0.008763
0 0.644290 0.931518 0.019601 0.008763
0 0.648696 0.431874 0.019601 0.008763
0 0.275919 0.431213 0.019599 0.008763
0 0.765039 0.718366 0.006089 0.003907
0 0.662861 0.931734 0.014906 0.007561
0 0.294930 0.931730 0.014906 0.007558
0 0.294479 0.431650 0.014906 0.007558
0 0.667581 0.431847 0.014904 0.007558
0 0.675862 0.439802 0.003552 0.003024
0 0.302763 0.439802 0.003552 0.003024
0 0.699058 0.168884 0.006768 0.003337
0 0.741929 0.174403 0.009573 0.003351
0 0.748819 0.302806 0.009510 0.003354
0 0.749437 0.308096 0.014521 0.003340
0 0.720737 0.304960 0.006770 0.003337
0 0.627888 0.278463 0.005505 0.003508
0 0.733317 0.257568 0.005404 0.003508
0 0.722412 0.201667 0.005481 0.003363
0 0.619769 0.195333 0.005470 0.003508
0 0.694810 0.209340 0.006992 0.003337
0 0.566260 0.277740 0.005404 0.003511
0 0.573331 0.208916 0.006468 0.003326
0 0.197950 0.668860 0.006772 0.003329
0 0.225571 0.768861 0.008797 0.003337
0 0.193065 0.768810 0.005404 0.003508
0 0.364391 0.655654 0.006051 0.003403
0 0.294680 0.695073 0.010621 0.003522
0 0.360065 0.755023 0.005402 0.003508
0 0.254669 0.769500 0.005505 0.003508
0 0.375864 0.807578 0.014521 0.003209
0 0.375769 0.802521 0.009510 0.003411
0 0.376229 0.686630 0.009597 0.003406
0 0.293572 0.658213 0.006798 0.003397
0 0.305770 0.763917 0.006329 0.003394
0 0.248326 0.701623 0.005472 0.003508
0 0.668777 0.689467 0.006887 0.003340
0 0.177055 0.180809 0.006800 0.003351
0 0.245041 0.146845 0.009591 0.003380
0 0.208978 0.152881 0.005364 0.003494
0 0.202616 0.275665 0.006297 0.003340
0 0.177552 0.139600 0.014181 0.003326
0 0.177592 0.134585 0.009522 0.003323
0 0.227093 0.332789 0.006800 0.003354
0 0.248566 0.203666 0.005374 0.003354
0 0.270421 0.198559 0.005513 0.003394
0 0.355025 0.208017 0.005364 0.003494
0 0.331830 0.290507 0.005396 0.003494
0 0.194734 0.218398 0.005362 0.003494
0 0.306779 0.225258 0.006498 0.003323
0 0.252589 0.290943 0.010627 0.003494
0 0.302800 0.939577 0.003552 0.003024
0 0.675911 0.939813 0.003552 0.003024
0 0.637078 0.692294 0.006710 0.003340
0 0.626623 0.722203 0.005404 0.003494
0 0.565769 0.727524 0.005384 0.003368
0 0.675496 0.720598 0.005503 0.003636
0 0.626531 0.657808 0.006970 0.003351
0 0.625719 0.790872 0.006970 0.003351
0 0.201111 0.706214 0.006466 0.003343
0 0.286747 0.806231 0.006772 0.003331
0 0.220549 0.683351 0.005382 0.003323
0 0.321769 0.709198 0.006992 0.003337
0 0.349371 0.701525 0.005481 0.003363
0 0.598812 0.277797 0.008759 0.003340
0 0.593590 0.183494 0.005382 0.003323
0 0.665150 0.189255 0.010727 0.003480
0 0.678910 0.266589 0.006287 0.003397