0 0.667749 0.255648 0.006641 0.004121
0 0.730933 0.244357 0.006839 0.004007
0 0.747413 0.301409 0.011872 0.004175
0 0.355659 0.193381 0.007074 0.004055
0 0.317594 0.200264 0.005698 0.004249
0 0.193303 0.177240 0.012027 0.004198
0 0.204326 0.249912 0.006891 0.004075
0 0.260763 0.262069 0.006667 0.004195
0 0.260825 0.201736 0.013329 0.004372
0 0.212354 0.193889 0.005684 0.004192
0 0.190049 0.146300 0.008485 0.004181
0 0.255088 0.140452 0.008414 0.004181
0 0.203432 0.752489 0.006784 0.004021
0 0.187534 0.302960 0.011916 0.004238
0 0.337621 0.265073 0.005567 0.004212
0 0.561792 0.215553 0.005628 0.004141
0 0.718680 0.190305 0.005630 0.004138
0 0.672978 0.122834 0.008447 0.004175
0 0.667660 0.308659 0.008444 0.004175
0 0.744483 0.125975 0.008447 0.004175
0 0.716026 0.125970 0.011745 0.004132
0 0.742147 0.167874 0.012007 0.004155
0 0.669764 0.181361 0.013250 0.004152
0 0.588412 0.187961 0.007040 0.003964
0 0.563139 0.263463 0.005545 0.004121
0 0.260906 0.302992 0.008396 0.004184
0 0.353601 0.768909 0.005573 0.004218
0 0.259967 0.704298 0.013244 0.004349
0 0.218635 0.147442 0.011817 0.004198
0 0.316696 0.702679 0.005654 0.004161
0 0.259943 0.764583 0.006675 0.004206
0 0.217773 0.649952 0.011898 0.004206
0 0.211543 0.696465 0.005654 0.004232
0 0.192432 0.679684 0.012122 0.004172
0 0.354773 0.695945 0.007068 0.004064
0 0.189207 0.648829 0.008408 0.004195
0 0.254435 0.642323 0.008539 0.004195
0 0.260017 0.805549 0.008408 0.004195
0 0.311721 0.768896 0.005573 0.004221
0 0.186687 0.805527 0.011840 0.004300
0 0.637102 0.822008 0.006679 0.004192
0 0.589918 0.750533 0.005736 0.004206
0 0.597948 0.630081 0.005664 0.004203
0 0.646994 0.655806 0.005610 0.004158
0 0.646996 0.598568 0.005610 0.004158
0 0.592964 0.687868 0.006980 0.004075
0 0.588647 0.568611 0.011789 0.004192
0 0.646643 0.870455 0.008459 0.004141
0 0.636691 0.750797 0.013321 0.004346
0 0.635300 0.565469 0.008461 0.004144
0 0.565657 0.865494 0.011801 0.004172
0 0.572981 0.811858 0.006768 0.004098
0 0.567315 0.731106 0.012079 0.004172
0 0.609853 0.263480 0.005545 0.004189
0 0.786858 0.937713 0.005148 0.004141
0 0.763302 0.929055 0.022434 0.008632
0 0.785423 0.929052 0.016822 0.008632
0 0.289630 0.929087 0.022436 0.008632
0 0.290038 0.429141 0.022434 0.008632
0 0.662966 0.428911 0.022434 0.008635
0 0.312250 0.929087 0.016822 0.008632
0 0.312334 0.429283 0.016822 0.008632
0 0.685274 0.429155 0.016822 0.008632
0 0.313338 0.937556 0.005148 0.004141
0 0.313285 0.437833 0.005148 0.004141
0 0.686329 0.437901 0.005150 0.004141
0 0.794536 0.160886 0.020842 0.006070
0 0.835925 0.267944 0.020840 0.006073