0 0.193303 0.177240 0.012027 0.004198
0 0.260825 0.201736 0.013329 0.004372
0 0.212354 0.193889 0.005684 0.004192
0 0.190049 0.146300 0.008485 0.004181
0 0.266957 0.629954 0.011944 0.004178
0 0.218635 0.147442 0.011817 0.004198
0 0.337621 0.265073 0.005567 0.004212
0 0.576472 0.252632 0.006782 0.004021
0 0.726641 0.269051 0.005573 0.004218
0 0.633006 0.204440 0.013246 0.004349
0 0.689736 0.202821 0.005654 0.004161
0 0.632983 0.264725 0.006675 0.004206
0 0.590813 0.150094 0.011898 0.004206
0 0.584584 0.196607 0.005654 0.004232
0 0.565472 0.179826 0.012122 0.004172
0 0.727814 0.196087 0.007068 0.004064
0 0.562248 0.148971 0.008408 0.004195
0 0.627475 0.142465 0.008539 0.004195
0 0.234555 0.802002 0.008449 0.004175
0 0.206979 0.808775 0.011749 0.004121
0 0.218686 0.737179 0.006637 0.004109
0 0.222411 0.644924 0.006812 0.004007
0 0.255088 0.140452 0.008414 0.004181
0 0.264184 0.657491 0.005636 0.004135
0 0.360722 0.696728 0.005636 0.004155
0 0.316009 0.672192 0.007014 0.004007
0 0.263870 0.738693 0.013292 0.004317
0 0.309434 0.743284 0.005529 0.004135
0 0.356539 0.743296 0.005567 0.004135
0 0.587056 0.688529 0.006939 0.003990
0 0.563161 0.763901 0.005545 0.004144
0 0.609866 0.763887 0.005543 0.004144
0 0.667753 0.756080 0.006629 0.004141
0 0.730935 0.744808 0.006855 0.003990
0 0.669775 0.681976 0.013268 0.004312
0 0.716024 0.628081 0.011753 0.004175
0 0.747404 0.801954 0.011854 0.004175
0 0.719302 0.803381 0.008444 0.004135
0 0.627839 0.640174 0.008336 0.004132
0 0.718679 0.690742 0.005612 0.004135
0 0.559396 0.718716 0.005614 0.004135
0 0.185597 0.627076 0.011751 0.004166
0 0.184277 0.669089 0.008348 0.004175
0 0.633058 0.305691 0.008408 0.004195
0 0.559728 0.305670 0.011840 0.004300
0 0.684761 0.269038 0.005573 0.004221
0 0.355659 0.193381 0.007074 0.004055
0 0.317594 0.200264 0.005698 0.004249
0 0.289964 0.429249 0.022031 0.008245
0 0.312520 0.429285 0.016750 0.008247
0 0.313408 0.437807 0.004616 0.003782
0 0.684858 0.429460 0.016748 0.008245
0 0.662762 0.429423 0.022031 0.008245
0 0.686211 0.437770 0.004616 0.003782
0 0.303258 0.929298 0.022031 0.008245
0 0.676589 0.929141 0.022031 0.008245
0 0.698555 0.929300 0.016748 0.008245
0 0.325335 0.929431 0.017191 0.008245
0 0.794429 0.660718 0.020451 0.005950
0 0.835896 0.767626 0.020451 0.005950
0 0.699505 0.937679 0.004616 0.003782
0 0.326431 0.937784 0.004616 0.003782
0 0.260985 0.302813 0.008555 0.004543
0 0.187534 0.302853 0.011916 0.004451
0 0.260872 0.261807 0.006887 0.004719
0 0.744558 0.664374 0.011956 0.004451
0 0.204379 0.249799 0.006998 0.004300