0 0.222411 0.644924 0.006812 0.004007
0 0.580027 0.816073 0.007103 0.004503
0 0.661592 0.833685 0.006899 0.004617
0 0.658894 0.754810 0.013625 0.004828
0 0.593965 0.749558 0.005984 0.004560
0 0.572325 0.731019 0.012311 0.004819
0 0.599190 0.687223 0.007463 0.004580
0 0.652571 0.593388 0.005759 0.004560
0 0.648434 0.659977 0.005972 0.004696
0 0.593472 0.568413 0.012130 0.004639
0 0.687959 0.712050 0.008970 0.004511
0 0.599730 0.634089 0.005900 0.004434
0 0.599769 0.866181 0.009045 0.004885
0 0.356638 0.743242 0.005926 0.004768
0 0.309470 0.743150 0.005884 0.004608
0 0.263883 0.738444 0.013641 0.004617
0 0.316013 0.672227 0.007223 0.004591
0 0.360768 0.696599 0.005928 0.004637
0 0.264231 0.657407 0.006053 0.004708
0 0.266942 0.629820 0.012237 0.004309
0 0.218720 0.736972 0.007050 0.004483
0 0.207038 0.808615 0.012158 0.004486
0 0.234710 0.801924 0.009081 0.004816
0 0.184335 0.669175 0.008803 0.004825
0 0.185720 0.627016 0.011997 0.004446
0 0.569593 0.867910 0.012013 0.004563
0 0.580107 0.316167 0.007185 0.004657
0 0.661612 0.333756 0.007060 0.004531
0 0.658871 0.254833 0.013591 0.004725
0 0.593973 0.249823 0.005888 0.004543
0 0.572416 0.231090 0.012130 0.004500
0 0.599220 0.187380 0.007443 0.004551
0 0.652585 0.093579 0.005811 0.004748
0 0.648401 0.160208 0.005757 0.004634
0 0.593443 0.068561 0.012065 0.004457
0 0.687959 0.212378 0.008890 0.004711
0 0.599745 0.366375 0.008932 0.004839
0 0.599831 0.134260 0.005819 0.004377
0 0.314692 0.275660 0.005837 0.004622
0 0.193371 0.177881 0.012170 0.004380
0 0.261798 0.264783 0.006970 0.004659
0 0.188580 0.305492 0.012281 0.004577
0 0.205350 0.252585 0.007234 0.004662
0 0.261883 0.204332 0.013651 0.004446
0 0.217192 0.305365 0.008735 0.004716
0 0.300913 0.156656 0.008974 0.004500
0 0.219615 0.150004 0.012271 0.004426
0 0.318538 0.202596 0.005882 0.004383
0 0.213431 0.196418 0.006141 0.004486
0 0.356732 0.196064 0.007270 0.004565
0 0.356638 0.275690 0.005886 0.004734
0 0.569631 0.368052 0.012138 0.004563
0 0.776673 0.929306 0.022152 0.008643
0 0.799115 0.929102 0.016760 0.008652
0 0.800268 0.937707 0.004663 0.004038
0 0.303049 0.429457 0.022152 0.008643
0 0.776704 0.429471 0.022152 0.008643
0 0.303210 0.929121 0.022152 0.008643
0 0.325295 0.929071 0.016760 0.008652
0 0.325412 0.429279 0.016760 0.008652
0 0.799158 0.429330 0.016760 0.008652
0 0.326679 0.937652 0.004663 0.004041
0 0.326518 0.437746 0.004663 0.004041
0 0.800121 0.437766 0.004663 0.004041