0 0.695139 0.462192 0.008710 0.004235
0 0.738441 0.452818 0.013373 0.004417
0 0.660481 0.466824 0.008195 0.004226
0 0.921184 0.439942 0.012426 0.004785
0 0.908747 0.516904 0.006923 0.004671
0 0.920921 0.567237 0.012231 0.004722
0 0.920988 0.573529 0.018483 0.004540
0 0.247907 0.743230 0.023752 0.008951
0 0.272021 0.742981 0.017957 0.008766
0 0.281929 0.753321 0.003903 0.003075
0 0.717553 0.743396 0.023750 0.008951
0 0.741688 0.743340 0.017957 0.008766
0 0.751566 0.753632 0.003905 0.003075
0 0.530681 0.541639 0.006923 0.004651
0 0.520324 0.458765 0.006895 0.004477
0 0.696181 0.406180 0.008807 0.004454
0 0.783265 0.573524 0.008928 0.004677
0 0.734992 0.538984 0.008396 0.004563
0 0.678484 0.541723 0.007086 0.004728
0 0.816712 0.439927 0.012275 0.004785
0 0.814514 0.573507 0.018483 0.004540
0 0.624842 0.458947 0.006895 0.004477
0 0.814517 0.567288 0.012231 0.004722
0 0.789325 0.460494 0.007084 0.004403
0 0.184920 0.549168 0.011421 0.004600
0 0.178448 0.430443 0.006865 0.004346
0 0.268522 0.437687 0.013711 0.004591
0 0.285865 0.535185 0.008201 0.004694
0 0.152908 0.462449 0.008293 0.004352
0 0.365154 0.419051 0.012186 0.004360
0 0.311241 0.412110 0.008789 0.004734
0 0.373837 0.580667 0.012188 0.004696
0 0.374583 0.587280 0.018394 0.004637
0 0.338536 0.583381 0.008843 0.004511
0 0.221708 0.550001 0.007199 0.004813
0 0.354339 0.523726 0.007018 0.004699
0 0.211442 0.445361 0.007058 0.004748
0 0.340620 0.453344 0.007215 0.004568
0 0.305889 0.463019 0.009178 0.004768
0 0.144078 0.549084 0.007068 0.004996
0 0.634116 0.541647 0.006923 0.004651
0 0.786702 0.417203 0.011646 0.004426
0 0.800649 0.516844 0.006923 0.004671