0 0.605944 0.324145 0.015180 0.011921
0 0.626431 0.454954 0.015980 0.011505
0 0.459441 0.653184 0.015501 0.011881
0 0.306381 0.505795 0.015402 0.011699
0 0.614709 0.659116 0.015180 0.011921
0 0.347763 0.656581 0.015180 0.011918
0 0.554787 0.445188 0.015402 0.011699
0 0.495331 0.444567 0.015402 0.011699
0 0.312511 0.240899 0.023232 0.011884
0 0.506699 0.235979 0.023230 0.011884
0 0.529332 0.310473 0.015855 0.011420
0 0.624424 0.531492 0.015980 0.011508
0 0.425395 0.275248 0.015855 0.011420
0 0.425554 0.291038 0.015908 0.011842
0 0.319550 0.361991 0.015182 0.011918
0 0.529581 0.325731 0.015910 0.011839
0 0.605907 0.308287 0.015501 0.011887