0 0.571004 0.600000 0.016323 0.008378
0 0.486803 0.789842 0.016238 0.008467
0 0.567610 0.189064 0.022668 0.008307
0 0.456851 0.268146 0.021701 0.008307
0 0.515487 0.282704 0.010856 0.008259
0 0.528390 0.404092 0.010800 0.008128
0 0.529297 0.597364 0.010598 0.008179
0 0.445783 0.477330 0.013532 0.008065
0 0.425025 0.692348 0.011203 0.008350
0 0.520542 0.714594 0.010780 0.008498
0 0.338337 0.456398 0.018027 0.008435
0 0.429794 0.306516 0.016252 0.008359
0 0.467268 0.179987 0.016260 0.008535
0 0.523087 0.188504 0.016248 0.008413
0 0.571827 0.274565 0.016250 0.008293
0 0.571791 0.403709 0.016252 0.008370
0 0.535541 0.507957 0.016285 0.008447