0 0.555891 0.707803 0.008614 0.004206
0 0.635025 0.814498 0.008507 0.004209
0 0.590414 0.737204 0.006663 0.004166
0 0.578665 0.808857 0.011850 0.004172
0 0.635583 0.746785 0.013367 0.004332
0 0.681062 0.743333 0.005569 0.004215
0 0.728148 0.743361 0.005569 0.004215
0 0.557277 0.627100 0.011902 0.004209
0 0.212276 0.656633 0.011793 0.004238
0 0.206805 0.715228 0.005624 0.004346
0 0.183678 0.822432 0.011773 0.004243
0 0.253988 0.708022 0.013222 0.004320
0 0.687607 0.672244 0.007131 0.004067
0 0.366370 0.783826 0.005591 0.004238
0 0.263279 0.775987 0.006675 0.004229
0 0.362503 0.709137 0.007113 0.004075
0 0.248638 0.662481 0.008414 0.004192
0 0.199887 0.772382 0.006923 0.004075
0 0.261594 0.829417 0.008414 0.004192
0 0.324234 0.712908 0.005716 0.004243
0 0.185945 0.694573 0.012116 0.004238
0 0.594070 0.644922 0.006770 0.004058
0 0.650567 0.629936 0.011858 0.004146
0 0.732316 0.696760 0.005676 0.004263
0 0.635802 0.657525 0.005660 0.004243
0 0.320833 0.195688 0.005628 0.004166
0 0.262763 0.201741 0.013292 0.004246
0 0.301956 0.153954 0.008459 0.004192
0 0.218030 0.302686 0.008372 0.004129
0 0.189462 0.302947 0.011848 0.004144
0 0.206225 0.249902 0.006833 0.003970
0 0.262672 0.262049 0.006649 0.004149
0 0.341982 0.265040 0.005535 0.004192
0 0.357590 0.193361 0.007040 0.004021
0 0.220546 0.147392 0.011735 0.004149
0 0.194170 0.169981 0.012063 0.004146
0 0.721381 0.157072 0.005636 0.004146
0 0.612557 0.313957 0.006960 0.004260
0 0.683509 0.157622 0.005636 0.004146
0 0.638049 0.149117 0.013409 0.004429
0 0.608145 0.105856 0.008549 0.004263
0 0.574450 0.105140 0.011854 0.004283
0 0.659233 0.234691 0.005612 0.004315
0 0.693614 0.235110 0.006929 0.004275
0 0.653084 0.292649 0.012063 0.004295
0 0.605261 0.257997 0.008870 0.004320
0 0.597718 0.183433 0.006732 0.004295
0 0.573794 0.343230 0.011775 0.004295
0 0.572395 0.305124 0.008582 0.004366
0 0.651795 0.324915 0.005638 0.004317
0 0.214268 0.193840 0.005626 0.004135
0 0.319236 0.783807 0.005585 0.004235
0 0.303550 0.429280 0.021588 0.008170
0 0.325965 0.429319 0.016657 0.008168
0 0.326639 0.437894 0.004711 0.003779
0 0.674906 0.444875 0.021938 0.008398
0 0.697071 0.444806 0.016899 0.008170
0 0.662708 0.929174 0.021588 0.008168
0 0.685038 0.929108 0.016625 0.008168
0 0.686245 0.937754 0.004540 0.003773
0 0.290139 0.929174 0.021737 0.008225
0 0.312469 0.929174 0.016448 0.008111
0 0.313299 0.937549 0.004632 0.003614