0 0.684671 0.484474 0.010083 0.004355
0 0.657410 0.550543 0.005438 0.004374
0 0.670131 0.606257 0.010530 0.005759
0 0.744946 0.550705 0.005418 0.004369
0 0.810359 0.560868 0.010913 0.005913
0 0.684272 0.438138 0.007306 0.004335
0 0.746973 0.384622 0.005382 0.004349
0 0.746879 0.318742 0.005493 0.004363
0 0.639420 0.611231 0.014741 0.005814
0 0.752638 0.462018 0.011203 0.004531
0 0.235167 0.508408 0.005515 0.004272
0 0.235077 0.405509 0.011124 0.004412
0 0.287818 0.344719 0.009591 0.004229
0 0.285968 0.405450 0.007242 0.004363
0 0.286016 0.448829 0.007183 0.004412
0 0.318411 0.448829 0.005817 0.004337
0 0.298329 0.534434 0.005434 0.004337
0 0.344818 0.534497 0.005456 0.004337
0 0.176473 0.391774 0.010133 0.004380
0 0.162864 0.508485 0.005515 0.004300
0 0.147188 0.577193 0.014671 0.005939
0 0.640667 0.466287 0.004679 0.004223
0 0.683820 0.388455 0.005779 0.004366
0 0.322972 0.610811 0.010913 0.005913
0 0.352027 0.473505 0.004550 0.004429
0 0.148937 0.441153 0.004644 0.004728
0 0.177136 0.584298 0.010750 0.005985
0 0.259804 0.770383 0.019426 0.008900
0 0.279762 0.770363 0.015209 0.008718
0 0.729588 0.770338 0.019426 0.008900
0 0.749598 0.770199 0.014808 0.008475