0 0.787183 0.422699 0.006081 0.004560
0 0.608196 0.345323 0.012228 0.004355
0 0.880734 0.580923 0.011894 0.004600
0 0.654008 0.420399 0.005924 0.004412
0 0.678372 0.466010 0.006069 0.004377
0 0.621698 0.452858 0.005841 0.004560
0 0.855056 0.418498 0.005793 0.004560
0 0.769119 0.503213 0.005686 0.004540
0 0.855521 0.503766 0.005702 0.004580
0 0.825159 0.411281 0.008719 0.004597
0 0.781971 0.365875 0.006069 0.004523
0 0.895160 0.370705 0.012214 0.004545
0 0.840291 0.587382 0.008469 0.004637
0 0.687691 0.538846 0.005686 0.004577
0 0.627074 0.538869 0.005585 0.004577
0 0.704780 0.397635 0.005688 0.004577
0 0.835468 0.359074 0.011848 0.004543
0 0.894939 0.425493 0.011795 0.004523
0 0.320252 0.336744 0.008451 0.004534
0 0.441697 0.486223 0.008579 0.004591
0 0.411059 0.580923 0.011894 0.004600
0 0.299323 0.581918 0.008547 0.004337
0 0.299444 0.503213 0.005686 0.004540
0 0.138520 0.345323 0.012228 0.004355
0 0.157371 0.521500 0.005585 0.004580
0 0.313657 0.392834 0.013484 0.004585
0 0.235088 0.415718 0.005686 0.004580
0 0.218002 0.521489 0.005688 0.004580
0 0.208696 0.466010 0.006069 0.004377
0 0.184332 0.420399 0.005924 0.004412
0 0.152022 0.452858 0.005841 0.004560
0 0.385381 0.418498 0.005793 0.004560
0 0.418378 0.384158 0.012359 0.004503
0 0.385845 0.503766 0.005702 0.004580
0 0.760121 0.731203 0.019927 0.007746
0 0.779841 0.731235 0.015555 0.007811
0 0.793209 0.738852 0.004922 0.004166