0 0.760489 0.551787 0.007445 0.005056
0 0.637158 0.421384 0.011261 0.005480
0 0.145795 0.458245 0.007362 0.005523
0 0.378058 0.451354 0.014294 0.005882
0 0.684745 0.591887 0.010377 0.005261
0 0.400458 0.451127 0.014933 0.006033
0 0.217480 0.426106 0.014800 0.005908
0 0.198884 0.461855 0.014576 0.006036
0 0.613863 0.589423 0.014201 0.005127
0 0.248418 0.458165 0.008854 0.005734
0 0.074293 0.433454 0.014667 0.005734
0 0.068469 0.475560 0.014910 0.006429
0 0.293493 0.537958 0.007425 0.005885
0 0.079346 0.580584 0.011036 0.005500
0 0.314936 0.461945 0.014578 0.006033
0 0.073134 0.536636 0.007425 0.005885
0 0.338883 0.538283 0.007425 0.005885
0 0.386343 0.485955 0.007423 0.005885
0 0.158568 0.580296 0.011036 0.005500
0 0.316282 0.580465 0.011034 0.005500
0 0.387900 0.521161 0.011034 0.005503
0 0.349230 0.452266 0.011034 0.005500
0 0.151277 0.406915 0.011034 0.005503
0 0.070274 0.406291 0.011034 0.005503
0 0.144310 0.534875 0.007520 0.005805
0 0.718227 0.557593 0.006911 0.005058
0 0.673736 0.556565 0.006758 0.005167
0 0.682805 0.491707 0.008733 0.005500
0 0.765859 0.443441 0.010328 0.005338
0 0.620298 0.540943 0.006903 0.005056
0 0.765563 0.488467 0.006947 0.005198
0 0.716641 0.742995 0.025344 0.009023
0 0.741962 0.743049 0.019361 0.009023
0 0.250365 0.743002 0.025344 0.009020
0 0.275709 0.743021 0.019361 0.009023
0 0.613580 0.470365 0.014910 0.006429
0 0.640293 0.484910 0.014667 0.005734
0 0.584212 0.489118 0.014578 0.006033
0 0.797389 0.509803 0.010377 0.005261