0 0.454772 0.573083 0.013889 0.009444
0 0.739996 0.633624 0.030381 0.008997
0 0.676588 0.634316 0.021997 0.009402
0 0.703110 0.517935 0.014147 0.009937
0 0.427950 0.416609 0.014320 0.009074
0 0.306025 0.518998 0.013846 0.009288
0 0.490321 0.416423 0.014078 0.010185
0 0.389472 0.570801 0.022482 0.009262
0 0.568620 0.515854 0.013863 0.009535
0 0.565149 0.320925 0.035489 0.009903
0 0.656194 0.301027 0.030671 0.009903
0 0.730565 0.353170 0.031354 0.009362
0 0.674213 0.408646 0.030377 0.009906
0 0.513064 0.835131 0.045080 0.015232
0 0.562178 0.835433 0.034701 0.015232
0 0.551992 0.853019 0.010302 0.008125