0 0.681778 0.483542 0.009674 0.007318
0 0.809782 0.466203 0.012116 0.007223
0 0.655277 0.483354 0.020703 0.007477
0 0.760471 0.349096 0.020264 0.007229
0 0.651805 0.337313 0.020272 0.007135
0 0.221376 0.488988 0.009871 0.007229
0 0.230199 0.376435 0.012219 0.007198
0 0.302776 0.802982 0.024972 0.011642
0 0.761644 0.559463 0.011673 0.007380
0 0.294075 0.351988 0.009621 0.007255
0 0.174789 0.314611 0.016419 0.007625
0 0.294109 0.420114 0.009621 0.007258
0 0.213082 0.539759 0.009623 0.007255
0 0.269019 0.802970 0.032926 0.011842
0 0.750812 0.472399 0.023184 0.007380
0 0.292480 0.512570 0.011675 0.007255
0 0.283149 0.575334 0.023186 0.007258
0 0.241736 0.332088 0.009873 0.007426
0 0.862418 0.396263 0.016239 0.007520
0 0.751294 0.802953 0.032882 0.011779
0 0.695171 0.406056 0.009674 0.007380
0 0.785100 0.802905 0.025020 0.011733
0 0.656275 0.416277 0.020703 0.007258
0 0.675452 0.567094 0.009672 0.007380
0 0.346807 0.578731 0.016616 0.007258
0 0.830696 0.567091 0.009676 0.007380
0 0.843498 0.477350 0.009788 0.007380