0 0.344104 0.506844 0.014907 0.008067
0 0.348169 0.580684 0.019990 0.007509
0 0.319962 0.397567 0.012277 0.007591
0 0.709371 0.336631 0.015103 0.007018
0 0.743818 0.345157 0.020212 0.007018
0 0.758915 0.410218 0.011892 0.007432
0 0.831398 0.417958 0.016189 0.008560
0 0.693089 0.459686 0.022547 0.007166
0 0.781365 0.484165 0.010143 0.007018
0 0.828180 0.495383 0.010770 0.007061
0 0.707433 0.568585 0.011852 0.007848
0 0.761497 0.574061 0.010339 0.006953
0 0.818675 0.574329 0.009708 0.007135
0 0.740403 0.625177 0.015058 0.007309
0 0.758352 0.803208 0.032747 0.011890
0 0.792430 0.803369 0.025304 0.012013
0 0.275363 0.561706 0.011520 0.007283
0 0.696275 0.386765 0.009962 0.007315
0 0.292240 0.500281 0.022783 0.008099
0 0.289247 0.429879 0.009599 0.007323
0 0.289247 0.352859 0.009881 0.007269
0 0.270985 0.803220 0.033176 0.011867
0 0.305136 0.803013 0.025173 0.011454
0 0.232675 0.346492 0.009756 0.006804
0 0.216909 0.380450 0.012060 0.007189
0 0.162648 0.403951 0.016328 0.008244
0 0.214502 0.481256 0.009960 0.007101
0 0.204828 0.547139 0.009514 0.007705
0 0.183010 0.594781 0.015359 0.007748
0 0.249271 0.622574 0.014851 0.007588