0 0.312700 0.472405 0.013730 0.008453
0 0.258997 0.449463 0.011163 0.008455
0 0.358330 0.436265 0.020492 0.008347
0 0.324817 0.579030 0.026369 0.008541
0 0.311901 0.523712 0.017383 0.008404
0 0.345188 0.626925 0.016587 0.008413
0 0.235623 0.651308 0.016565 0.008413
0 0.275010 0.705326 0.023492 0.008145
0 0.206472 0.682059 0.023244 0.008524
0 0.294923 0.438472 0.011161 0.008321
0 0.205972 0.708343 0.023244 0.008524
0 0.258471 0.578981 0.013375 0.008501
0 0.272993 0.657053 0.011136 0.008549
0 0.311011 0.657023 0.011183 0.008609
0 0.258992 0.508545 0.011294 0.008501
0 0.386108 0.473812 0.015331 0.008404
0 0.415681 0.473495 0.015331 0.008404
0 0.406110 0.365883 0.015331 0.008404
0 0.831865 0.904910 0.015738 0.014232
0 0.854913 0.905235 0.023963 0.014232
0 0.824950 0.922742 0.007526 0.008150