0 0.179456 0.762244 0.013766 0.006449
0 0.297090 0.495510 0.016679 0.009567
0 0.435815 0.739920 0.016563 0.009581
0 0.439158 0.643351 0.010913 0.009222
0 0.436805 0.588545 0.011120 0.009213
0 0.530740 0.608230 0.021751 0.009832
0 0.392302 0.593797 0.016307 0.009624
0 0.579671 0.592281 0.021525 0.009088
0 0.661214 0.770218 0.016681 0.009567
0 0.585657 0.458004 0.021908 0.008980
0 0.633376 0.384810 0.010915 0.009273
0 0.681054 0.404906 0.016679 0.009567
0 0.713312 0.430707 0.016565 0.009581
0 0.662182 0.616918 0.015918 0.009430
0 0.304275 0.690154 0.010407 0.009860
0 0.218159 0.579753 0.010415 0.009510
0 0.301341 0.553431 0.023943 0.009342
0 0.662542 0.521706 0.021908 0.008980
0 0.182171 0.549212 0.021908 0.008980
0 0.661314 0.697367 0.010913 0.009273
0 0.555503 0.697404 0.010913 0.009273
0 0.195418 0.679815 0.010913 0.009273
0 0.739513 0.593614 0.016681 0.009564
0 0.566414 0.542135 0.021441 0.009005
0 0.561139 0.769916 0.016681 0.009567
0 0.270009 0.769939 0.016681 0.009567
0 0.495435 0.431264 0.018116 0.009060
0 0.447277 0.255343 0.012519 0.007296
0 0.447248 0.354819 0.012537 0.007090
0 0.494064 0.254383 0.031940 0.008931
0 0.518461 0.254221 0.010107 0.008743
0 0.464895 0.936396 0.031523 0.013671
0 0.497495 0.936285 0.024393 0.013671
0 0.498942 0.953951 0.007878 0.006888