0 0.360214 0.917412 0.017409 0.012189
0 0.189420 0.256166 0.013983 0.007320
0 0.324990 0.256130 0.019035 0.007386
0 0.369902 0.555607 0.015021 0.006403
0 0.236870 0.609292 0.012337 0.006958
0 0.256804 0.648917 0.015104 0.006784
0 0.372699 0.892930 0.014747 0.021608
0 0.418064 0.893455 0.050272 0.021243
0 0.202751 0.405991 0.016984 0.006719
0 0.246257 0.485570 0.004080 0.006853
0 0.246339 0.435255 0.012501 0.006400
0 0.312165 0.549046 0.012382 0.006468
0 0.202817 0.498398 0.012283 0.006642