0 0.191699 0.294283 0.013778 0.006957
0 0.241746 0.294664 0.019820 0.007550
0 0.655738 0.389292 0.021926 0.007477
0 0.654643 0.680278 0.014891 0.006897
0 0.565297 0.528947 0.011211 0.006957
0 0.435216 0.584755 0.013778 0.006897
0 0.318549 0.539564 0.015019 0.006776
0 0.372229 0.305505 0.014720 0.007623
0 0.566496 0.623442 0.013950 0.006957
0 0.476466 0.512341 0.009157 0.007502
0 0.402054 0.512341 0.009140 0.007332
0 0.184228 0.586413 0.019213 0.006957
0 0.231515 0.586449 0.013736 0.006776
0 0.221010 0.483606 0.009071 0.007018
0 0.195807 0.384483 0.019255 0.006836
0 0.512559 0.306352 0.020753 0.006897
0 0.641853 0.918167 0.036705 0.015330
0 0.678682 0.918288 0.029200 0.014846
0 0.507131 0.365917 0.012439 0.006897
0 0.313860 0.353466 0.009140 0.007332