0 0.450211 0.381792 0.014209 0.006850
0 0.588740 0.372058 0.018754 0.006796
0 0.589677 0.454537 0.009365 0.006850
0 0.647747 0.408278 0.019373 0.006545
0 0.615632 0.552681 0.009301 0.006787
0 0.513179 0.587548 0.009301 0.006756
0 0.581855 0.640101 0.013822 0.006941
0 0.634556 0.654624 0.032679 0.008221
0 0.333471 0.366139 0.018726 0.007671
0 0.334014 0.500515 0.009290 0.006462
0 0.380248 0.460145 0.009776 0.006545
0 0.350720 0.594031 0.008821 0.006448
0 0.420491 0.593937 0.009045 0.006556
0 0.453760 0.460257 0.014277 0.006978
0 0.522962 0.407774 0.021203 0.007104
0 0.103980 0.106733 0.046678 0.020342
0 0.151176 0.106950 0.035080 0.020342