0 0.840747 0.416144 0.007070 0.006007
0 0.892519 0.445871 0.010727 0.006207
0 0.858841 0.618579 0.007068 0.006005
0 0.790310 0.618604 0.007068 0.006007
0 0.557092 0.607211 0.007068 0.006005
0 0.793961 0.665569 0.010804 0.006195
0 0.622943 0.487843 0.010802 0.006195
0 0.712792 0.646140 0.010725 0.006204
0 0.284482 0.602764 0.006571 0.005876
0 0.301009 0.533488 0.015503 0.005928
0 0.441011 0.745174 0.021334 0.009293
0 0.731636 0.772880 0.021334 0.009293
0 0.752603 0.773054 0.016019 0.009516
0 0.462185 0.745529 0.016021 0.009518
0 0.464610 0.756653 0.005726 0.004910
0 0.211571 0.531375 0.014324 0.006643
0 0.174746 0.520680 0.014324 0.006643
0 0.179432 0.675019 0.009180 0.005038
0 0.751106 0.445993 0.012089 0.005979
0 0.750499 0.331552 0.021308 0.006500
0 0.766230 0.331592 0.006935 0.006027
0 0.299071 0.329940 0.010602 0.006634
0 0.214885 0.423217 0.007143 0.006059
0 0.285528 0.411938 0.006982 0.006104
0 0.347740 0.533359 0.010866 0.006751
0 0.256838 0.676391 0.010484 0.006295
0 0.197614 0.602459 0.006947 0.006423
0 0.152065 0.357791 0.012089 0.005979
0 0.291028 0.480824 0.010570 0.006663
0 0.216553 0.487189 0.014324 0.006643
0 0.261636 0.329724 0.007092 0.006327
0 0.720137 0.396687 0.008285 0.004916
0 0.720182 0.332251 0.008316 0.005033
0 0.871423 0.428954 0.010804 0.006195
0 0.859299 0.566475 0.010518 0.006110
0 0.627596 0.613795 0.006742 0.006614
0 0.571821 0.542320 0.006746 0.006327
0 0.625725 0.525148 0.015565 0.006466
0 0.859540 0.504671 0.014384 0.006093
0 0.548447 0.522412 0.014322 0.006238
0 0.909489 0.551234 0.010806 0.006486
0 0.797294 0.517930 0.014052 0.006050
0 0.605376 0.665255 0.010804 0.006195
0 0.546755 0.660171 0.008916 0.004178
0 0.714887 0.583501 0.007207 0.006158
0 0.713373 0.548041 0.007322 0.006084
0 0.684609 0.551375 0.010560 0.006483
0 0.774241 0.560403 0.014290 0.006369
0 0.805762 0.550385 0.014344 0.006156
0 0.858777 0.665621 0.010804 0.006478
0 0.809717 0.463394 0.014437 0.006127