0 0.664808 0.705534 0.005364 0.003368
0 0.538761 0.702663 0.005364 0.003366
0 0.690008 0.799253 0.014604 0.003323
0 0.689939 0.794139 0.009440 0.003326
0 0.580659 0.284024 0.005424 0.003511
0 0.619048 0.284013 0.005507 0.003511
0 0.800010 0.279481 0.005424 0.003494
0 0.511631 0.180517 0.005350 0.003343
0 0.642658 0.212190 0.005513 0.003343
0 0.790649 0.233782 0.005396 0.003380
0 0.543884 0.303360 0.007010 0.003380
0 0.676502 0.293189 0.007105 0.003380
0 0.563673 0.172401 0.007012 0.003383
0 0.575508 0.214165 0.006768 0.003411
0 0.781317 0.324574 0.006792 0.003408
0 0.694895 0.213034 0.006498 0.003309
0 0.742195 0.208007 0.010705 0.003565
0 0.745600 0.286348 0.006289 0.003366
0 0.790651 0.197827 0.007020 0.003354
0 0.235747 0.291136 0.010723 0.003497
0 0.160668 0.139600 0.014183 0.003326
0 0.160882 0.134585 0.009520 0.003323
0 0.210791 0.333254 0.006800 0.003351
0 0.231724 0.203695 0.005511 0.003406
0 0.160273 0.180819 0.006800 0.003354
0 0.192112 0.152898 0.005412 0.003494
0 0.253537 0.198602 0.005515 0.003394
0 0.338191 0.210312 0.005525 0.003525
0 0.185752 0.275862 0.006297 0.003346
0 0.314984 0.290711 0.005535 0.003531
0 0.177552 0.639457 0.014181 0.003326
0 0.595397 0.667300 0.006808 0.003411
0 0.177592 0.634443 0.009522 0.003323
0 0.227093 0.832646 0.006800 0.003354
0 0.248566 0.703524 0.005374 0.003354
0 0.270421 0.698417 0.005513 0.003394
0 0.355025 0.707874 0.005364 0.003494
0 0.331830 0.790365 0.005396 0.003494
0 0.194734 0.718256 0.005362 0.003494
0 0.663243 0.793464 0.006873 0.003337
0 0.177856 0.218391 0.005400 0.003537
0 0.289876 0.225439 0.006498 0.003371
0 0.228172 0.146884 0.009623 0.003445
0 0.809929 0.327388 0.009422 0.003394
0 0.810081 0.321841 0.014463 0.003294
0 0.483456 0.205946 0.009269 0.003309
0 0.816800 0.228263 0.009301 0.003508
0 0.495561 0.275047 0.005424 0.003511
0 0.306779 0.725115 0.006498 0.003323
0 0.252589 0.790801 0.010627 0.003494
0 0.177055 0.680667 0.006800 0.003351
0 0.245041 0.646703 0.009591 0.003380
0 0.208978 0.652739 0.005364 0.003494
0 0.202616 0.775523 0.006297 0.003340
0 0.581640 0.774910 0.005388 0.003437
0 0.675546 0.675822 0.009641 0.003351
0 0.544266 0.774905 0.005364 0.003437
0 0.626809 0.685993 0.010596 0.003522
0 0.626492 0.759322 0.006287 0.003408
0 0.568531 0.701392 0.006488 0.003383
0 0.678559 0.759292 0.005404 0.003497
0 0.275974 0.431922 0.019117 0.007800
0 0.294814 0.432042 0.014685 0.007504
0 0.648773 0.431540 0.019117 0.007800
0 0.667856 0.431858 0.014640 0.007529
0 0.649942 0.931614 0.019117 0.007800
0 0.668912 0.931493 0.014584 0.007586
0 0.275648 0.931632 0.019117 0.007800
0 0.294621 0.931476 0.014586 0.007039
0 0.302649 0.939523 0.003165 0.003200
0 0.681681 0.939600 0.003165 0.003200
0 0.302953 0.439923 0.003165 0.003197
0 0.675881 0.439574 0.003165 0.003200
0 0.764124 0.675802 0.009641 0.003351
0 0.763130 0.759209 0.005595 0.003668
0 0.774619 0.794077 0.010089 0.004038
0 0.774491 0.798793 0.014870 0.003326