0 0.444367 0.245426 0.019129 0.009946
0 0.491993 0.264833 0.024784 0.009250
0 0.431304 0.296651 0.011217 0.009664
0 0.508495 0.335954 0.015703 0.009809
0 0.595288 0.448833 0.011939 0.009233
0 0.442928 0.545325 0.014990 0.009664
0 0.429642 0.404913 0.028144 0.008942
0 0.512615 0.828284 0.040534 0.014424
0 0.553445 0.828525 0.030421 0.015385
0 0.513631 0.545673 0.011215 0.009664
0 0.583684 0.545815 0.011217 0.009664
0 0.536352 0.435124 0.011939 0.009233
0 0.480883 0.593456 0.019129 0.009946
0 0.603217 0.340279 0.020167 0.009692