0 0.374372 0.801267 0.011872 0.004175
0 0.563161 0.763901 0.005545 0.004144
0 0.587056 0.688529 0.006939 0.003990
0 0.559396 0.718716 0.005614 0.004135
0 0.718679 0.690742 0.005612 0.004135
0 0.627839 0.640174 0.008336 0.004132
0 0.719302 0.803381 0.008444 0.004135
0 0.747404 0.801954 0.011854 0.004175
0 0.716024 0.628081 0.011753 0.004175
0 0.669775 0.681976 0.013268 0.004312
0 0.744558 0.664450 0.011956 0.004146
0 0.730935 0.744808 0.006855 0.003990
0 0.667753 0.756080 0.006629 0.004141
0 0.609866 0.763887 0.005543 0.004144
0 0.188752 0.715410 0.005628 0.004141
0 0.345640 0.690162 0.005630 0.004138
0 0.299938 0.622692 0.008447 0.004175
0 0.294620 0.808517 0.008447 0.004175
0 0.371443 0.625832 0.008447 0.004175
0 0.342985 0.625828 0.011745 0.004132
0 0.369107 0.667732 0.012009 0.004155
0 0.296724 0.681218 0.013250 0.004152
0 0.215372 0.687818 0.007040 0.003964
0 0.236812 0.763337 0.005545 0.004189
0 0.190099 0.763320 0.005545 0.004121
0 0.320833 0.195688 0.005628 0.004166
0 0.262763 0.201741 0.013292 0.004246
0 0.301956 0.153954 0.008459 0.004192
0 0.218030 0.302686 0.008372 0.004129
0 0.189462 0.302947 0.011848 0.004144
0 0.206225 0.249902 0.006833 0.003970
0 0.262672 0.262049 0.006649 0.004149
0 0.341982 0.265040 0.005535 0.004192
0 0.357590 0.193361 0.007040 0.004021
0 0.220546 0.147392 0.011735 0.004149
0 0.194170 0.169981 0.012063 0.004146
0 0.631643 0.213985 0.013421 0.004317
0 0.577148 0.215606 0.005664 0.004184
0 0.731506 0.209295 0.007086 0.004095
0 0.633000 0.276130 0.006637 0.004184
0 0.634161 0.122867 0.008366 0.004178
0 0.736089 0.283944 0.005569 0.004218
0 0.694464 0.213055 0.005664 0.004235
0 0.688888 0.283973 0.005569 0.004218
0 0.569569 0.272526 0.006774 0.004050
0 0.555794 0.178941 0.011979 0.004192
0 0.553336 0.322568 0.011930 0.004218
0 0.581759 0.164048 0.011880 0.004209
0 0.580018 0.322629 0.008442 0.004221
0 0.214268 0.193840 0.005626 0.004135
0 0.294709 0.755506 0.006641 0.004121
0 0.357892 0.744215 0.006839 0.004007
0 0.794781 0.660624 0.020274 0.005591
0 0.835746 0.767808 0.020276 0.005591
0 0.421875 0.660653 0.020276 0.005591
0 0.303532 0.429258 0.021749 0.008056
0 0.326063 0.429283 0.016865 0.008056
0 0.326631 0.437720 0.004525 0.003899
0 0.676489 0.429421 0.022037 0.008054
0 0.698837 0.429359 0.016550 0.008310
0 0.699680 0.437730 0.004791 0.003708
0 0.676418 0.929104 0.021896 0.008193
0 0.699646 0.937680 0.004415 0.003921
0 0.698878 0.929101 0.016631 0.008056
0 0.290159 0.929030 0.021749 0.008056
0 0.312608 0.929030 0.016734 0.008056
0 0.313317 0.937709 0.004638 0.003636