0 0.345838 0.471850 0.009675 0.006756
0 0.317174 0.303841 0.019899 0.006405
0 0.317466 0.375941 0.019815 0.006556
0 0.355362 0.368173 0.009051 0.006243
0 0.446644 0.471807 0.011570 0.006499
0 0.541907 0.487030 0.004354 0.006613
0 0.630911 0.401696 0.009131 0.006642
0 0.627615 0.487115 0.004394 0.006499
0 0.508978 0.362001 0.014175 0.006876
0 0.598297 0.327794 0.012679 0.006613
0 0.510865 0.305801 0.019190 0.006642
0 0.437763 0.324451 0.022786 0.006816
0 0.452219 0.889537 0.040544 0.014838
0 0.494126 0.889601 0.030546 0.014681
0 0.528457 0.907737 0.012592 0.008860
0 0.467950 0.655402 0.014957 0.006528