0 0.858645 0.542424 0.009639 0.007261
0 0.381322 0.525192 0.012011 0.007671
0 0.626722 0.554095 0.009623 0.007283
0 0.742728 0.608739 0.014722 0.007306
0 0.756336 0.802996 0.032745 0.011665
0 0.790055 0.802909 0.024895 0.011662
0 0.661133 0.409532 0.012064 0.007315
0 0.701117 0.395519 0.009639 0.007189
0 0.686312 0.554048 0.009541 0.007144
0 0.773461 0.396817 0.023110 0.007318
0 0.764361 0.539525 0.011528 0.007147
0 0.612998 0.440834 0.009708 0.007232
0 0.751479 0.334859 0.014724 0.007192
0 0.127299 0.327727 0.014800 0.008002
0 0.164077 0.330214 0.020274 0.006842
0 0.157717 0.386380 0.016647 0.007104
0 0.150472 0.520941 0.009931 0.007417
0 0.268311 0.583052 0.015510 0.007574
0 0.394352 0.399401 0.022763 0.008364
0 0.326050 0.430033 0.011786 0.007078
0 0.276700 0.357705 0.016181 0.007628
0 0.133053 0.434287 0.020730 0.007127
0 0.162910 0.438749 0.010117 0.007919
0 0.232891 0.542258 0.009752 0.006944
0 0.209187 0.413083 0.009486 0.007893
0 0.304895 0.542373 0.009553 0.007107
0 0.847491 0.332265 0.014805 0.007118
0 0.885883 0.331618 0.020411 0.007261
0 0.852475 0.423247 0.020774 0.007035
0 0.850695 0.474956 0.009851 0.007289
0 0.881057 0.474528 0.020744 0.007352
0 0.402009 0.337595 0.014845 0.007574
0 0.310406 0.802909 0.024976 0.011856
0 0.276589 0.802895 0.032715 0.011941