0 0.445945 0.597478 0.021779 0.009290
0 0.352820 0.666868 0.009762 0.008954
0 0.321931 0.689535 0.020216 0.008185
0 0.312161 0.768867 0.010105 0.008632
0 0.454061 0.390435 0.010105 0.008632
0 0.421433 0.211319 0.010107 0.008629
0 0.282446 0.689300 0.019863 0.007304
0 0.349681 0.538715 0.012329 0.008270
0 0.364340 0.434682 0.009764 0.008954
0 0.583481 0.211505 0.010540 0.008316
0 0.433033 0.768434 0.010117 0.008324
0 0.312582 0.857075 0.014937 0.008541
0 0.358306 0.210677 0.009762 0.008951
0 0.454205 0.498172 0.010107 0.008632
0 0.440640 0.307392 0.019833 0.008498
0 0.547218 0.707653 0.014937 0.008541
0 0.236619 0.943249 0.030695 0.006298
0 0.761636 0.915412 0.037840 0.014152
0 0.800171 0.915318 0.028628 0.013964
0 0.801397 0.934064 0.009343 0.007780