0 0.372986 0.622311 0.009990 0.007176
0 0.507505 0.406547 0.025346 0.008592
0 0.879711 0.064802 0.018717 0.006982
0 0.882317 0.123655 0.027225 0.012764
0 0.408484 0.432964 0.010032 0.007370
0 0.346815 0.443330 0.015577 0.007327
0 0.474215 0.613086 0.012239 0.007398
0 0.567880 0.694342 0.015640 0.007441
0 0.357156 0.502717 0.010814 0.007105
0 0.575084 0.622258 0.009978 0.007350
0 0.586589 0.389964 0.009615 0.007133
0 0.599181 0.504250 0.010020 0.007572
0 0.407053 0.356063 0.022706 0.007395
0 0.787334 0.928145 0.036696 0.012847
0 0.825652 0.927873 0.028326 0.012422
0 0.861074 0.927910 0.028044 0.013004
0 0.837563 0.941117 0.009641 0.006908