0 0.230199 0.376435 0.012219 0.007198
0 0.346807 0.578731 0.016616 0.007258
0 0.174789 0.314611 0.016419 0.007625
0 0.294109 0.420114 0.009621 0.007258
0 0.213082 0.539759 0.009623 0.007255
0 0.269019 0.802970 0.032926 0.011842
0 0.292480 0.512570 0.011675 0.007255
0 0.283149 0.575334 0.023186 0.007258
0 0.294075 0.351988 0.009621 0.007255
0 0.302776 0.802982 0.024972 0.011642
0 0.789897 0.802913 0.025030 0.011784
0 0.871575 0.420542 0.009873 0.007332
0 0.656492 0.413709 0.009861 0.007332
0 0.756130 0.803123 0.032739 0.012141
0 0.241736 0.332088 0.009873 0.007426
0 0.836120 0.409771 0.012166 0.006799
0 0.725900 0.492336 0.011630 0.007055
0 0.722880 0.386341 0.023184 0.007283
0 0.631550 0.352072 0.017074 0.007286
0 0.627371 0.413151 0.020711 0.007283
0 0.669888 0.346126 0.016399 0.007286
0 0.618886 0.559312 0.020427 0.007249
0 0.645061 0.474694 0.009655 0.007124
0 0.752618 0.618027 0.015320 0.006956
0 0.799518 0.514798 0.009653 0.006950
0 0.860285 0.514758 0.009655 0.006984
0 0.221376 0.488988 0.009871 0.007229