0 0.567315 0.231248 0.012079 0.004172
0 0.572981 0.312001 0.006768 0.004098
0 0.565657 0.365637 0.011801 0.004172
0 0.635300 0.065611 0.008461 0.004144
0 0.636691 0.250939 0.013321 0.004346
0 0.646643 0.370597 0.008459 0.004141
0 0.588647 0.068753 0.011789 0.004192
0 0.592964 0.188011 0.006980 0.004075
0 0.646996 0.098710 0.005610 0.004158
0 0.646994 0.155949 0.005610 0.004158
0 0.597948 0.130224 0.005664 0.004203
0 0.589918 0.250675 0.005736 0.004206
0 0.637102 0.322150 0.006679 0.004192
0 0.311721 0.269038 0.005573 0.004221
0 0.260017 0.305691 0.008408 0.004195
0 0.254435 0.142465 0.008539 0.004195
0 0.189207 0.148971 0.008408 0.004195
0 0.354773 0.196087 0.007068 0.004064
0 0.192432 0.179826 0.012122 0.004172
0 0.211543 0.196607 0.005654 0.004232
0 0.217773 0.150094 0.011898 0.004206
0 0.259943 0.264725 0.006675 0.004206
0 0.316696 0.202821 0.005654 0.004161
0 0.259967 0.204440 0.013244 0.004349
0 0.353601 0.269051 0.005573 0.004218
0 0.203432 0.252632 0.006784 0.004021
0 0.186687 0.305670 0.011840 0.004300
0 0.646996 0.598568 0.005610 0.004158
0 0.646994 0.655806 0.005610 0.004158
0 0.597948 0.630081 0.005664 0.004203
0 0.589918 0.750533 0.005736 0.004206
0 0.637102 0.822008 0.006679 0.004192
0 0.357892 0.744215 0.006839 0.004007
0 0.374372 0.801267 0.011872 0.004175
0 0.294709 0.755506 0.006641 0.004121
0 0.567315 0.731106 0.012079 0.004172
0 0.572981 0.811858 0.006768 0.004098
0 0.565657 0.865494 0.011801 0.004172
0 0.635300 0.565469 0.008461 0.004144
0 0.636691 0.750797 0.013321 0.004346
0 0.646643 0.870455 0.008459 0.004141
0 0.588647 0.568611 0.011789 0.004192
0 0.592964 0.687868 0.006980 0.004075
0 0.236812 0.763337 0.005545 0.004189
0 0.190099 0.763320 0.005545 0.004121
0 0.215372 0.687818 0.007040 0.003964
0 0.296724 0.681218 0.013250 0.004152
0 0.369107 0.667732 0.012009 0.004155
0 0.342985 0.625828 0.011745 0.004132
0 0.371443 0.625832 0.008447 0.004175
0 0.294620 0.808517 0.008447 0.004175
0 0.299938 0.622692 0.008447 0.004175
0 0.345640 0.690162 0.005630 0.004138
0 0.188752 0.715410 0.005628 0.004141
0 0.786809 0.937753 0.005051 0.004141
0 0.763296 0.929050 0.022059 0.008245
0 0.785556 0.929121 0.016758 0.008245
0 0.290220 0.929212 0.022059 0.008245
0 0.289734 0.429352 0.022059 0.008245
0 0.763453 0.429275 0.022061 0.008245
0 0.312429 0.928968 0.016758 0.008242
0 0.312000 0.429437 0.016758 0.008245
0 0.785574 0.429268 0.016758 0.008242
0 0.313412 0.937710 0.005051 0.004141
0 0.313346 0.437873 0.005051 0.004141
0 0.786918 0.437818 0.005051 0.004141
0 0.421820 0.660731 0.020393 0.005982