0 0.338203 0.710202 0.006045 0.004161
0 0.185817 0.775540 0.006927 0.004406
0 0.315086 0.790544 0.006017 0.003978
0 0.178033 0.718273 0.005892 0.003978
0 0.289987 0.725446 0.007010 0.004280
0 0.228269 0.646623 0.010075 0.003876
0 0.663373 0.756892 0.006802 0.004084
0 0.253587 0.198461 0.005783 0.003876
0 0.278209 0.281433 0.007274 0.003847
0 0.226264 0.221459 0.005783 0.003762
0 0.316182 0.326076 0.007411 0.003933
0 0.239422 0.300315 0.011022 0.003936
0 0.289079 0.226204 0.007092 0.003847
0 0.188021 0.216187 0.005823 0.003990
0 0.315087 0.279124 0.005773 0.004192
0 0.336893 0.199672 0.005964 0.003904
0 0.193990 0.312605 0.007387 0.003802
0 0.160860 0.134554 0.010054 0.004075
0 0.160781 0.139702 0.014646 0.004152
0 0.556508 0.164001 0.007113 0.004286
0 0.501655 0.208451 0.005797 0.004015
0 0.561215 0.195031 0.011360 0.004010
0 0.797068 0.260131 0.005823 0.004104
0 0.714496 0.270549 0.005861 0.003793
0 0.675572 0.270500 0.005708 0.003810
0 0.483293 0.201302 0.009758 0.003779
0 0.720073 0.211774 0.007367 0.004095
0 0.781282 0.177717 0.005841 0.003699
0 0.348257 0.239114 0.007294 0.004018
0 0.736462 0.777249 0.005940 0.003953
0 0.770841 0.777333 0.005930 0.004013
0 0.777855 0.705670 0.005886 0.003708
0 0.594394 0.675530 0.009629 0.003668
0 0.615182 0.689669 0.005984 0.004018
0 0.607467 0.756841 0.006182 0.004243
0 0.756844 0.706878 0.006966 0.003628
0 0.593504 0.799483 0.009929 0.004055
0 0.302903 0.439779 0.003369 0.002813
0 0.675872 0.439778 0.003379 0.002531
0 0.302820 0.939887 0.003315 0.002967
0 0.675792 0.939771 0.003129 0.002864
0 0.275705 0.431855 0.019212 0.008646
0 0.648656 0.431894 0.019649 0.007646
0 0.275731 0.931553 0.019337 0.008470
0 0.648520 0.931948 0.019962 0.008529
0 0.668066 0.931946 0.015386 0.007940
0 0.295056 0.931922 0.014989 0.007720
0 0.294857 0.431801 0.014642 0.008088
0 0.667996 0.432033 0.015335 0.007965
0 0.503097 0.675695 0.010349 0.004340
0 0.516276 0.756838 0.005674 0.003941
0 0.502376 0.799394 0.010228 0.003970
0 0.502158 0.804414 0.014624 0.003693
0 0.196396 0.272025 0.006643 0.003913
0 0.193524 0.149763 0.005779 0.003807
0 0.228213 0.146760 0.009881 0.003773
0 0.159294 0.225001 0.007223 0.003881
0 0.657642 0.207994 0.006055 0.004189
0 0.530355 0.302052 0.007153 0.004161
0 0.494757 0.250294 0.005771 0.003887
0 0.556258 0.263024 0.006605 0.003904
0 0.623629 0.285161 0.007588 0.004201
0 0.752634 0.297685 0.007848 0.004289
0 0.734859 0.165675 0.007614 0.004129
0 0.607326 0.205678 0.007068 0.003805
0 0.812492 0.208492 0.010075 0.003933
0 0.486798 0.293168 0.014757 0.004089
0 0.486866 0.287424 0.009907 0.004235
0 0.752460 0.202918 0.007270 0.004138
0 0.798991 0.308032 0.007491 0.004169
0 0.753846 0.262499 0.007479 0.004440
0 0.695261 0.301854 0.007286 0.004044
0 0.593305 0.804423 0.015122 0.004092
0 0.621282 0.805284 0.007364 0.004195
0 0.715008 0.697058 0.005890 0.003890
0 0.632465 0.662877 0.007485 0.004198
0 0.667852 0.687457 0.011142 0.003924
0 0.231951 0.703350 0.006015 0.003958
0 0.235836 0.790945 0.011181 0.004089
0 0.160739 0.639531 0.014729 0.004323
0 0.160880 0.634339 0.010016 0.003822
0 0.210867 0.832850 0.007360 0.003893
0 0.704484 0.777371 0.009408 0.003936
0 0.160399 0.680674 0.007552 0.004055
0 0.192285 0.652827 0.005960 0.004064
0 0.253689 0.698418 0.006222 0.004018