0 0.471946 0.654106 0.010704 0.007751
0 0.550263 0.608450 0.010892 0.007751
0 0.467767 0.492668 0.014723 0.007567
0 0.404621 0.497582 0.011218 0.008059
0 0.405984 0.412490 0.011218 0.008059
0 0.353391 0.416122 0.023717 0.007755
0 0.282227 0.450654 0.020816 0.007798
0 0.613143 0.248138 0.017546 0.007760
0 0.379722 0.653918 0.030722 0.008307
0 0.183137 0.452715 0.016803 0.007354
0 0.364681 0.775705 0.016803 0.007358
0 0.208832 0.655840 0.024282 0.008029
0 0.266322 0.775462 0.023536 0.007691
0 0.304092 0.653989 0.011315 0.007901
0 0.545824 0.704566 0.016361 0.007542
0 0.456978 0.837685 0.022254 0.011428
0 0.533672 0.468602 0.012729 0.007704
0 0.598867 0.461595 0.012729 0.007704
0 0.761488 0.919372 0.045515 0.016776
0 0.807365 0.920124 0.033914 0.016965
0 0.799285 0.938119 0.014176 0.007593