0 0.738960 0.448866 0.013327 0.004417
0 0.746491 0.518528 0.006917 0.004203
0 0.648628 0.578239 0.018299 0.004258
0 0.648989 0.585492 0.011936 0.004024
0 0.825841 0.551956 0.008813 0.004203
0 0.206051 0.400637 0.008535 0.004186
0 0.853452 0.459677 0.007157 0.004186
0 0.721544 0.585017 0.008642 0.004255
0 0.856871 0.586090 0.008644 0.004258
0 0.660868 0.521131 0.006915 0.004400
0 0.299761 0.455912 0.012140 0.004272
0 0.218394 0.525486 0.007878 0.004241
0 0.224451 0.451003 0.013468 0.004400
0 0.298521 0.575725 0.018412 0.004201
0 0.735549 0.393314 0.008523 0.004258
0 0.145410 0.452496 0.008168 0.004241
0 0.870914 0.535410 0.006917 0.004420
0 0.197943 0.572177 0.008567 0.004252
0 0.649001 0.436416 0.011912 0.004278
0 0.298432 0.569501 0.011912 0.004275
0 0.676372 0.437821 0.006764 0.004186
0 0.882106 0.456972 0.006766 0.004186
0 0.648140 0.393143 0.008523 0.004258
0 0.107933 0.454165 0.006722 0.004112
0 0.268399 0.457673 0.006720 0.004221
0 0.162035 0.527371 0.006766 0.004380
0 0.114902 0.527364 0.006766 0.004383
0 0.281718 0.517895 0.006925 0.004380
0 0.241787 0.743290 0.023276 0.008552
0 0.265926 0.743059 0.017663 0.008108
0 0.282023 0.753378 0.003764 0.003195
0 0.407507 0.455812 0.012140 0.004272
0 0.392137 0.526291 0.006925 0.004380
0 0.406546 0.570105 0.011912 0.004275
0 0.406305 0.576557 0.018412 0.004201
0 0.532940 0.393200 0.008523 0.004258
0 0.534237 0.436200 0.011912 0.004278
0 0.546053 0.520977 0.006915 0.004400
0 0.533804 0.577834 0.018299 0.004258
0 0.534380 0.585172 0.011936 0.004024
0 0.719106 0.743240 0.023278 0.008453
0 0.743253 0.742995 0.017649 0.008356
0 0.759234 0.753264 0.003752 0.003736