0 0.740293 0.922474 0.048835 0.016790
0 0.475293 0.779373 0.017847 0.008655
0 0.394121 0.690680 0.012100 0.008515
0 0.500533 0.690587 0.012354 0.008694
0 0.790827 0.922631 0.037575 0.016442
0 0.532695 0.779380 0.025285 0.008646
0 0.375850 0.471183 0.011816 0.008831
0 0.470814 0.456784 0.011897 0.008597
0 0.311109 0.638716 0.018065 0.008521
0 0.528531 0.637172 0.025193 0.008723
0 0.483998 0.587300 0.011927 0.008808
0 0.373743 0.552688 0.028527 0.008683
0 0.472661 0.531253 0.012324 0.008412
0 0.414288 0.370678 0.011746 0.008597
0 0.570958 0.248311 0.013374 0.006685
0 0.514937 0.405830 0.026204 0.008655