0 0.322597 0.402383 0.010208 0.004065
0 0.170987 0.500419 0.004820 0.004065
0 0.797458 0.583164 0.005547 0.003991
0 0.190535 0.443649 0.007409 0.004065
0 0.313482 0.479247 0.004820 0.004065
0 0.297582 0.581770 0.004525 0.003917
0 0.280576 0.464015 0.004525 0.003914
0 0.225892 0.476174 0.005956 0.004025
0 0.216797 0.581836 0.005547 0.003991
0 0.137759 0.489515 0.006105 0.004065
0 0.228309 0.423806 0.006109 0.003894
0 0.902655 0.402923 0.010137 0.003920
0 0.138892 0.587534 0.004525 0.003917
0 0.280273 0.632779 0.007409 0.004065
0 0.805422 0.485425 0.005976 0.003922
0 0.751187 0.501770 0.004820 0.004065
0 0.718779 0.599742 0.004525 0.003925
0 0.895522 0.755583 0.023963 0.009165
0 0.919315 0.755797 0.017675 0.009467
0 0.893736 0.480693 0.004820 0.004065
0 0.715828 0.530934 0.006107 0.004068
0 0.860744 0.465422 0.004525 0.003917
0 0.865433 0.636739 0.007409 0.003922
0 0.877580 0.583177 0.004525 0.003920
0 0.804840 0.425108 0.006109 0.003894
0 0.770575 0.445755 0.007409 0.003922
0 0.100446 0.467413 0.007643 0.004421
0 0.108944 0.467347 0.007467 0.004096
0 0.104486 0.442164 0.003069 0.004504
0 0.321216 0.381055 0.009815 0.003033
0 0.680491 0.506434 0.007598 0.004094
0 0.689112 0.506491 0.007316 0.003751
0 0.684453 0.481381 0.002680 0.004142
0 0.901257 0.382413 0.010050 0.003184
0 0.938270 0.765716 0.006079 0.005160
0 0.435756 0.755589 0.023963 0.009165