0 0.707493 0.568193 0.011649 0.007024
0 0.781480 0.483891 0.009877 0.007115
0 0.758473 0.802950 0.032594 0.011619
0 0.792256 0.802851 0.024956 0.011716
0 0.740287 0.625057 0.014726 0.007041
0 0.761654 0.574132 0.009724 0.007261
0 0.818555 0.574180 0.009722 0.007261
0 0.696179 0.386743 0.009722 0.007261
0 0.271016 0.802959 0.032737 0.011893
0 0.758937 0.410121 0.011719 0.007078
0 0.831365 0.417658 0.016153 0.007186
0 0.709312 0.336574 0.014726 0.007041
0 0.286973 0.642362 0.011713 0.005818
0 0.255519 0.405955 0.007797 0.005770
0 0.321049 0.577548 0.009228 0.005701
0 0.743738 0.344974 0.020266 0.007184
0 0.304833 0.802956 0.025050 0.011870
0 0.310348 0.376393 0.011876 0.005795
0 0.344909 0.381193 0.016167 0.005835
0 0.322645 0.444826 0.009559 0.005792
0 0.239242 0.478064 0.009657 0.005678
0 0.253076 0.520599 0.016072 0.005770
0 0.256565 0.572219 0.018374 0.005841
0 0.827952 0.494952 0.009879 0.007115
0 0.693003 0.459731 0.023241 0.007261
0 0.304731 0.518947 0.009361 0.005539
0 0.199984 0.513201 0.021878 0.005678