0 0.161787 0.206882 0.009623 0.003403
0 0.681249 0.141334 0.009619 0.003209
0 0.718800 0.222257 0.005616 0.003465
0 0.676061 0.261901 0.005481 0.003215
0 0.591420 0.166765 0.006841 0.003368
0 0.515182 0.236804 0.007084 0.003160
0 0.528722 0.723136 0.009581 0.003411
0 0.567697 0.664269 0.009357 0.003403
0 0.545886 0.784649 0.005392 0.003024
0 0.728065 0.676926 0.008021 0.003531
0 0.723199 0.746828 0.005761 0.003192
0 0.719293 0.829005 0.005569 0.003545
0 0.663762 0.829017 0.005468 0.003465
0 0.309647 0.779040 0.005303 0.003152
0 0.509090 0.891489 0.009593 0.003195
0 0.172867 0.784618 0.005372 0.003343
0 0.285587 0.754201 0.008845 0.003283
0 0.194828 0.664322 0.009406 0.003411
0 0.237831 0.701707 0.006861 0.003283
0 0.240809 0.755752 0.010584 0.003326
0 0.541602 0.811775 0.005348 0.003403
0 0.526143 0.784639 0.009655 0.003465
0 0.234466 0.811241 0.005571 0.003309
0 0.153054 0.784628 0.009569 0.003391
0 0.233792 0.855289 0.006951 0.003403
0 0.136101 0.891489 0.009655 0.003149
0 0.168533 0.811661 0.005533 0.003414
0 0.155710 0.723118 0.009567 0.003425
0 0.290713 0.819775 0.005360 0.003528
0 0.346156 0.819775 0.005545 0.003528
0 0.355345 0.680975 0.008170 0.003500
0 0.350206 0.746837 0.005674 0.003351
0 0.682862 0.779088 0.005571 0.003203
0 0.662694 0.730446 0.005561 0.003320
0 0.606618 0.718179 0.010544 0.003414
0 0.606960 0.818993 0.005372 0.003343
0 0.553327 0.862840 0.006931 0.003371
0 0.716395 0.303501 0.005311 0.003428
0 0.752445 0.185681 0.008356 0.003588
0 0.661331 0.303453 0.005607 0.003622
0 0.540607 0.263720 0.005237 0.003360
0 0.534681 0.132883 0.009889 0.003548
0 0.546801 0.298048 0.005390 0.003317
0 0.309199 0.258384 0.005261 0.003317
0 0.289606 0.232770 0.008727 0.003363
0 0.232653 0.168624 0.006877 0.003283
0 0.288849 0.196988 0.006859 0.003283
0 0.242730 0.225244 0.010615 0.003283
0 0.239755 0.290272 0.005700 0.003474
0 0.239034 0.341925 0.006982 0.003571
0 0.158263 0.263733 0.009623 0.003460
0 0.177327 0.263759 0.005321 0.003283
0 0.189310 0.143545 0.009581 0.003101
0 0.135302 0.181650 0.007131 0.003465
0 0.372409 0.164664 0.008021 0.003520
0 0.144247 0.370734 0.009543 0.003309
0 0.347017 0.226529 0.005732 0.003294
0 0.800427 0.942418 0.024876 0.008729
0 0.825993 0.942482 0.019502 0.008732
0 0.427657 0.942461 0.024876 0.008729
0 0.255771 0.442522 0.024876 0.008732
0 0.658084 0.442429 0.024876 0.008729
0 0.281488 0.442419 0.019502 0.008732
0 0.683765 0.442700 0.019502 0.008729
0 0.777303 0.136301 0.006188 0.003237
0 0.398354 0.090972 0.006190 0.003237
0 0.323670 0.582616 0.006188 0.003237
0 0.696703 0.582704 0.006188 0.003237
0 0.345115 0.301327 0.005358 0.003445
0 0.297947 0.301357 0.005460 0.003465
0 0.174716 0.290296 0.005495 0.003363
0 0.648479 0.222419 0.005287 0.003465
0 0.600424 0.341894 0.006885 0.003428
0 0.603141 0.298150 0.005605 0.003306
0 0.599881 0.224302 0.010522 0.003326