0 0.351489 0.707125 0.009452 0.003298
0 0.599981 0.647175 0.009766 0.003295
0 0.571976 0.676425 0.009375 0.003324
0 0.596850 0.695755 0.004489 0.003341
0 0.583659 0.760668 0.005467 0.003184
0 0.563744 0.816575 0.009415 0.003281
0 0.591452 0.817308 0.006783 0.003327
0 0.648048 0.785733 0.005291 0.003312
0 0.703175 0.793663 0.004648 0.003398
0 0.748410 0.793592 0.004572 0.003312
0 0.755057 0.729924 0.004564 0.003327
0 0.722595 0.702564 0.005586 0.003213
0 0.683699 0.657145 0.006777 0.003338
0 0.832930 0.793592 0.004638 0.003341
0 0.642031 0.670499 0.010714 0.003324
0 0.265461 0.673747 0.004685 0.003310
0 0.265468 0.614912 0.004622 0.003267
0 0.324521 0.676032 0.004572 0.003307
0 0.355420 0.842017 0.009430 0.003310
0 0.329119 0.841740 0.006793 0.003327
0 0.339506 0.788689 0.005459 0.003198
0 0.327061 0.628595 0.005644 0.003278
0 0.279858 0.800527 0.005356 0.003312
0 0.230432 0.811792 0.009794 0.003327
0 0.229833 0.770111 0.006773 0.003312
0 0.240844 0.734721 0.010701 0.003341
0 0.327836 0.726541 0.004558 0.003213
0 0.309648 0.164508 0.006779 0.003230
0 0.722595 0.202564 0.005586 0.003213
0 0.755057 0.229924 0.004564 0.003327
0 0.563744 0.316575 0.009415 0.003281
0 0.344418 0.207831 0.005563 0.003198
0 0.748410 0.293592 0.004572 0.003312
0 0.703175 0.293663 0.004648 0.003398
0 0.648048 0.285733 0.005291 0.003312
0 0.591452 0.317308 0.006783 0.003327
0 0.832930 0.293592 0.004638 0.003341
0 0.642031 0.170499 0.010714 0.003324
0 0.274973 0.285093 0.005398 0.003310
0 0.583659 0.260668 0.005467 0.003184
0 0.596850 0.195755 0.004489 0.003341
0 0.571976 0.176425 0.009375 0.003324
0 0.377375 0.170410 0.006549 0.003136
0 0.599981 0.147175 0.009766 0.003295
0 0.328579 0.294032 0.004620 0.003344
0 0.276133 0.172360 0.010693 0.003324
0 0.683699 0.157145 0.006777 0.003338
0 0.222713 0.321755 0.006801 0.003270
0 0.756122 0.153027 0.006547 0.003136
0 0.756020 0.653012 0.006549 0.003139
0 0.352359 0.575610 0.006549 0.003136
0 0.475049 0.247658 0.020149 0.005596
0 0.518710 0.139802 0.020149 0.005596
0 0.807293 0.364913 0.020149 0.005596
0 0.840236 0.364806 0.020149 0.005593
0 0.807274 0.864905 0.020244 0.005596
0 0.840249 0.864806 0.020570 0.005593
0 0.518625 0.639686 0.020399 0.005593
0 0.474995 0.747640 0.020149 0.005593
0 0.283133 0.436556 0.019946 0.006990
0 0.303918 0.436474 0.015507 0.006990
0 0.656184 0.436596 0.019944 0.006990
0 0.676913 0.436596 0.015495 0.006990
0 0.656165 0.936548 0.019946 0.006990
0 0.676934 0.936579 0.015453 0.006990
0 0.283942 0.936514 0.019946 0.006990
0 0.304653 0.936464 0.015809 0.006987
0 0.196390 0.321954 0.009434 0.003270
0 0.378372 0.236867 0.004570 0.003284
0 0.215126 0.266103 0.005471 0.003158
0 0.225037 0.200922 0.004564 0.003281
0 0.230234 0.151173 0.009768 0.003372
0 0.203025 0.182882 0.009379 0.003375
0 0.371158 0.294048 0.004586 0.003369