0 0.514269 0.828548 0.040179 0.014518
0 0.560681 0.367380 0.018767 0.009515
0 0.661203 0.432071 0.011975 0.008663
0 0.487574 0.544769 0.014103 0.008734
0 0.571555 0.544485 0.012344 0.008800
0 0.398112 0.415462 0.011245 0.008672
0 0.463285 0.407576 0.028174 0.008629
0 0.619189 0.424370 0.014980 0.008734
0 0.555566 0.828387 0.030464 0.014322
0 0.369579 0.339829 0.025292 0.008540
0 0.647775 0.544153 0.012600 0.009686
0 0.580018 0.315170 0.024647 0.008372
0 0.414439 0.317906 0.025052 0.008714
0 0.370597 0.415423 0.024788 0.008777
0 0.385556 0.503971 0.011846 0.009333
0 0.667926 0.334461 0.020093 0.009014