0 0.696242 0.581394 0.010554 0.005859
0 0.635136 0.360446 0.010554 0.005862
0 0.715418 0.340685 0.010554 0.005862
0 0.611217 0.577260 0.014826 0.005868
0 0.626733 0.508451 0.005430 0.004357
0 0.612901 0.441265 0.004646 0.004337
0 0.644357 0.405476 0.010165 0.004283
0 0.816180 0.473592 0.004779 0.004414
0 0.781615 0.448856 0.005676 0.004374
0 0.754996 0.387941 0.009617 0.004357
0 0.699152 0.405577 0.011146 0.004560
0 0.699174 0.508488 0.005428 0.004392
0 0.808717 0.523414 0.005585 0.004355
0 0.762349 0.523438 0.005428 0.004357
0 0.779355 0.574031 0.010554 0.005862
0 0.237687 0.553150 0.005573 0.004449
0 0.345891 0.564742 0.005430 0.004400
0 0.299418 0.564749 0.005573 0.004449
0 0.163910 0.553108 0.005571 0.004449
0 0.328558 0.483334 0.005825 0.004406
0 0.295664 0.420633 0.009599 0.004412
0 0.238182 0.435087 0.011016 0.004622
0 0.355880 0.514793 0.004731 0.004412
0 0.152178 0.485164 0.004731 0.004412
0 0.165679 0.417078 0.010064 0.004380
0 0.322228 0.613163 0.010522 0.005865
0 0.212445 0.621252 0.010524 0.005868
0 0.239621 0.368203 0.010522 0.005868
0 0.164175 0.368009 0.010522 0.005868
0 0.729493 0.770546 0.019958 0.008980
0 0.749543 0.770174 0.015080 0.008983
0 0.259802 0.770181 0.019958 0.008980
0 0.279964 0.770440 0.015007 0.008980
0 0.240097 0.770311 0.015007 0.008983
0 0.214404 0.670570 0.008670 0.006275
0 0.827907 0.395509 0.009389 0.006076
0 0.148291 0.621946 0.014838 0.006275