0 0.656458 0.711358 0.005384 0.003081
0 0.780819 0.674152 0.005470 0.003368
0 0.734984 0.665617 0.007030 0.003351
0 0.720180 0.709520 0.006889 0.003377
0 0.752595 0.797606 0.007101 0.003351
0 0.623600 0.784949 0.007030 0.003354
0 0.483532 0.690596 0.009329 0.003351
0 0.508655 0.673537 0.006881 0.003351
0 0.812632 0.708349 0.009601 0.003354
0 0.675395 0.781734 0.005462 0.003480
0 0.494654 0.750195 0.005392 0.003480
0 0.714409 0.781728 0.005416 0.003571
0 0.796796 0.771238 0.005537 0.003525
0 0.486760 0.787221 0.009531 0.003408
0 0.486962 0.792371 0.014499 0.003254
0 0.510006 0.792400 0.006770 0.003254
0 0.506994 0.710946 0.005384 0.003368
0 0.235747 0.790993 0.010723 0.003497
0 0.160668 0.639457 0.014183 0.003326
0 0.160882 0.634443 0.009520 0.003323
0 0.210791 0.833112 0.006800 0.003351
0 0.231724 0.703552 0.005511 0.003406
0 0.160273 0.680677 0.006800 0.003354
0 0.192112 0.652756 0.005412 0.003494
0 0.253537 0.698460 0.005515 0.003394
0 0.338191 0.710170 0.005525 0.003525
0 0.185752 0.775720 0.006297 0.003346
0 0.314984 0.790569 0.005535 0.003531
0 0.196273 0.272022 0.006297 0.003337
0 0.160663 0.139648 0.014181 0.003286
0 0.160827 0.134632 0.009520 0.003360
0 0.177856 0.718249 0.005400 0.003537
0 0.289876 0.725296 0.006498 0.003371
0 0.228172 0.646741 0.009623 0.003445
0 0.553550 0.771318 0.006299 0.003366
0 0.607173 0.705543 0.006520 0.003306
0 0.560329 0.691406 0.010596 0.003497
0 0.295025 0.431607 0.014866 0.007176
0 0.275732 0.431669 0.019238 0.007452
0 0.302886 0.439788 0.003294 0.002784
0 0.675844 0.439939 0.003294 0.002784
0 0.675771 0.939659 0.003292 0.002784
0 0.302834 0.939809 0.003294 0.002787
0 0.668114 0.431855 0.014866 0.007176
0 0.667521 0.931553 0.014864 0.007176
0 0.294777 0.931429 0.014866 0.007173
0 0.648592 0.431882 0.019238 0.007452
0 0.648751 0.931623 0.019238 0.007452
0 0.275825 0.931674 0.019238 0.007452
0 0.193938 0.312960 0.006800 0.003417
0 0.336876 0.199775 0.005523 0.003522
0 0.314926 0.279225 0.005396 0.003494
0 0.188001 0.216252 0.005396 0.003494
0 0.289080 0.226294 0.006498 0.003411
0 0.239418 0.300527 0.010615 0.003511
0 0.316119 0.326143 0.006879 0.003326
0 0.226253 0.221587 0.005386 0.003351
0 0.278164 0.281607 0.006758 0.003272
0 0.253538 0.198557 0.005493 0.003394
0 0.348293 0.239179 0.006798 0.003380
0 0.159082 0.225154 0.006800 0.003354
0 0.228182 0.146867 0.009625 0.003383
0 0.193412 0.149769 0.005402 0.003494
0 0.608787 0.291136 0.010723 0.003497
0 0.533708 0.139600 0.014183 0.003326
0 0.533922 0.134585 0.009520 0.003323
0 0.583831 0.333254 0.006800 0.003351
0 0.604764 0.203695 0.005511 0.003406
0 0.533314 0.180819 0.006800 0.003354
0 0.565152 0.152898 0.005412 0.003494
0 0.626578 0.198602 0.005515 0.003394
0 0.711231 0.210312 0.005525 0.003525
0 0.558791 0.275862 0.006299 0.003346
0 0.688023 0.290711 0.005537 0.003531
0 0.550896 0.218391 0.005398 0.003537
0 0.662917 0.225439 0.006498 0.003371
0 0.601212 0.146884 0.009621 0.003445