0 0.214399 0.193700 0.006021 0.004734
0 0.580020 0.322300 0.008608 0.004303
0 0.581734 0.163916 0.012112 0.004400
0 0.553425 0.322284 0.012029 0.004335
0 0.555757 0.178790 0.012243 0.004574
0 0.569537 0.272435 0.007048 0.004346
0 0.694426 0.212864 0.005990 0.004366
0 0.634080 0.122803 0.008688 0.004323
0 0.632935 0.275919 0.007111 0.004275
0 0.731431 0.209209 0.007298 0.004437
0 0.577104 0.215520 0.005857 0.004412
0 0.631628 0.213793 0.013552 0.004617
0 0.194271 0.169897 0.012265 0.004315
0 0.220517 0.147374 0.012120 0.004426
0 0.357581 0.193296 0.007223 0.004289
0 0.342043 0.264915 0.005940 0.004682
0 0.262672 0.261956 0.006649 0.004335
0 0.206324 0.249818 0.007340 0.004554
0 0.189603 0.302760 0.012130 0.004454
0 0.218024 0.302548 0.008642 0.004423
0 0.301997 0.153886 0.008821 0.004454
0 0.262826 0.201604 0.013417 0.004520
0 0.320928 0.195563 0.005978 0.004486
0 0.794730 0.660705 0.020373 0.005862
0 0.835754 0.767690 0.020373 0.005862
0 0.303495 0.429239 0.022106 0.008492
0 0.325890 0.429278 0.016687 0.008529
0 0.326618 0.437854 0.004874 0.003859
0 0.676465 0.429048 0.022106 0.008492
0 0.663015 0.929225 0.022106 0.008492
0 0.289681 0.929182 0.022106 0.008492
0 0.698769 0.429474 0.016687 0.008529
0 0.312089 0.929001 0.016687 0.008529
0 0.685350 0.929223 0.016687 0.008529
0 0.699669 0.437797 0.004874 0.003859
0 0.686326 0.937732 0.004874 0.003859
0 0.313255 0.937572 0.004874 0.003859
0 0.217428 0.737070 0.006772 0.004434
0 0.184237 0.627042 0.011900 0.004326
0 0.355108 0.743225 0.005569 0.004488
0 0.561731 0.715309 0.005751 0.004343
0 0.718672 0.690000 0.005815 0.004326
0 0.672923 0.622599 0.008860 0.004674
0 0.667628 0.808418 0.008769 0.004594
0 0.744400 0.625751 0.008884 0.004469
0 0.716030 0.625702 0.012188 0.004565
0 0.742019 0.667638 0.012235 0.004651
0 0.669743 0.681097 0.013566 0.004634
0 0.588376 0.687717 0.007330 0.004446
0 0.563188 0.763175 0.005803 0.004571
0 0.667677 0.755356 0.007020 0.004477
0 0.609990 0.763212 0.005771 0.004554
0 0.730783 0.744104 0.007143 0.004355
0 0.747376 0.801015 0.012039 0.004469
0 0.308021 0.743196 0.005569 0.004488
0 0.262626 0.746633 0.013574 0.004654
0 0.205723 0.808601 0.012249 0.004514
0 0.221066 0.644849 0.006992 0.004203
0 0.262051 0.814290 0.008721 0.004477
0 0.182935 0.707632 0.008783 0.004548
0 0.314568 0.672177 0.007133 0.004201
0 0.359361 0.696572 0.005960 0.004463
0 0.262869 0.657283 0.005956 0.004614
0 0.277564 0.629840 0.012150 0.004337
0 0.736026 0.283708 0.005684 0.004429
0 0.688888 0.283973 0.005569 0.004218