0 0.615991 0.689148 0.005374 0.003323
0 0.594252 0.688031 0.009460 0.003397
0 0.770508 0.766659 0.005493 0.003508
0 0.593956 0.800674 0.014534 0.003383
0 0.603678 0.755316 0.005495 0.003497
0 0.651871 0.806059 0.006865 0.003380
0 0.201111 0.706214 0.006466 0.003343
0 0.286747 0.806231 0.006772 0.003331
0 0.220549 0.683351 0.005382 0.003323
0 0.321769 0.709198 0.006992 0.003337
0 0.349371 0.701525 0.005481 0.003363
0 0.294680 0.695073 0.010621 0.003522
0 0.360065 0.755023 0.005402 0.003508
0 0.254669 0.769500 0.005505 0.003508
0 0.375864 0.807578 0.014521 0.003209
0 0.375769 0.802521 0.009510 0.003411
0 0.376229 0.686630 0.009597 0.003406
0 0.293572 0.658213 0.006798 0.003397
0 0.305770 0.763917 0.006329 0.003394
0 0.248326 0.701623 0.005472 0.003508
0 0.197950 0.668860 0.006772 0.003329
0 0.225571 0.768861 0.008797 0.003337
0 0.193065 0.768810 0.005404 0.003508
0 0.364391 0.655654 0.006051 0.003403
0 0.759354 0.806911 0.006865 0.003380
0 0.662993 0.653797 0.006768 0.003383
0 0.593569 0.653662 0.006768 0.003380
0 0.756638 0.706506 0.005684 0.003323
0 0.734708 0.779799 0.007002 0.003337
0 0.594242 0.806435 0.009480 0.003197
0 0.671683 0.753249 0.005495 0.003340
0 0.665702 0.697920 0.010586 0.003511
0 0.779397 0.704359 0.005374 0.003326
0 0.177552 0.139600 0.014181 0.003326
0 0.177592 0.134585 0.009522 0.003323
0 0.227093 0.332789 0.006800 0.003354
0 0.248566 0.203666 0.005374 0.003354
0 0.270421 0.198559 0.005513 0.003394
0 0.355025 0.208017 0.005364 0.003494
0 0.331830 0.290507 0.005396 0.003494
0 0.194734 0.218398 0.005362 0.003494
0 0.306779 0.225258 0.006498 0.003323
0 0.252589 0.290943 0.010627 0.003494
0 0.177055 0.180809 0.006800 0.003351
0 0.245041 0.146845 0.009591 0.003380
0 0.208978 0.152881 0.005364 0.003494
0 0.202616 0.275665 0.006297 0.003340
0 0.617519 0.305916 0.006740 0.003294
0 0.628849 0.160155 0.006738 0.003297
0 0.593949 0.300759 0.014463 0.003212
0 0.594232 0.306513 0.009500 0.003354
0 0.771521 0.280315 0.005509 0.003537
0 0.756704 0.206634 0.005553 0.003351
0 0.779413 0.204535 0.005394 0.003320
0 0.616012 0.189735 0.005412 0.003323
0 0.593891 0.176670 0.009567 0.003360
0 0.663398 0.189248 0.010596 0.003494
0 0.672578 0.275125 0.005495 0.003394
0 0.733379 0.283631 0.007113 0.003357
0 0.603734 0.255452 0.005404 0.003539
0 0.275770 0.431667 0.018241 0.006634
0 0.294850 0.431546 0.014012 0.006552
0 0.302754 0.439816 0.003300 0.002784
0 0.502744 0.176567 0.009567 0.003360
0 0.512853 0.255349 0.005404 0.003539
0 0.502948 0.300777 0.014463 0.003212
0 0.503348 0.306297 0.009500 0.003354
0 0.649892 0.431743 0.018471 0.006797
0 0.669088 0.431698 0.014131 0.006708
0 0.681682 0.439746 0.002954 0.002667
0 0.502334 0.653582 0.006768 0.003380
0 0.502935 0.687888 0.009460 0.003397
0 0.512755 0.755345 0.005495 0.003497
0 0.502612 0.800420 0.014534 0.003383
0 0.503132 0.806047 0.009480 0.003197
0 0.649906 0.931436 0.018410 0.006783
0 0.669083 0.931335 0.013689 0.006580
0 0.681764 0.939592 0.003335 0.002850
0 0.275787 0.931476 0.018553 0.006783
0 0.294896 0.931475 0.014104 0.006586
0 0.302846 0.939627 0.003089 0.002867