0 0.253234 0.458912 0.011243 0.005111
0 0.932081 0.696635 0.025235 0.010522
0 0.864111 0.567662 0.015529 0.004926
0 0.257193 0.536797 0.007717 0.005060
0 0.113808 0.569466 0.007467 0.005003
0 0.301894 0.590011 0.007455 0.005103
0 0.102414 0.494514 0.007367 0.005162
0 0.809923 0.585165 0.010739 0.003786
0 0.765210 0.558525 0.007103 0.005088
0 0.764583 0.425808 0.021449 0.005174
0 0.852354 0.508850 0.007082 0.005003
0 0.301823 0.425808 0.015523 0.005151
0 0.350841 0.564165 0.007042 0.004989
0 0.259513 0.576911 0.007784 0.005197
0 0.431698 0.696623 0.025249 0.010630
0 0.309144 0.488149 0.007435 0.005060
0 0.402435 0.708569 0.008993 0.007320
0 0.902598 0.708706 0.008993 0.007320