0 0.633702 0.615093 0.019023 0.008452
0 0.825433 0.432434 0.019023 0.008455
0 0.203741 0.412524 0.012309 0.009131
0 0.539870 0.572206 0.011358 0.009738
0 0.694474 0.436358 0.012309 0.009131
0 0.171956 0.499658 0.011360 0.009738
0 0.597825 0.439303 0.012309 0.009131
0 0.627123 0.573424 0.011360 0.009738
0 0.727110 0.567824 0.011358 0.009741
0 0.754188 0.422487 0.011358 0.009741
0 0.269542 0.401036 0.012309 0.009131
0 0.269565 0.413613 0.012380 0.008612
0 0.293842 0.529004 0.012746 0.009581
0 0.265011 0.613824 0.018823 0.009581
0 0.432132 0.578741 0.018831 0.008452
0 0.430400 0.431678 0.012946 0.009279
0 0.175368 0.407631 0.012311 0.009128
0 0.731652 0.672017 0.018831 0.009387