0 0.684815 0.663801 0.022416 0.014262
0 0.320276 0.587145 0.016252 0.014262
0 0.410132 0.587080 0.016254 0.014262
0 0.659157 0.552561 0.016254 0.014262
0 0.447163 0.428129 0.023143 0.014262
0 0.527142 0.555840 0.016254 0.014262
0 0.445693 0.364631 0.022416 0.014262
0 0.539769 0.340349 0.022416 0.014262
0 0.320936 0.665596 0.022416 0.014259
0 0.414117 0.665526 0.022416 0.014262
0 0.526618 0.671618 0.022416 0.014262
0 0.688953 0.434384 0.015807 0.012987
0 0.558223 0.418680 0.016252 0.012583
0 0.558283 0.432588 0.016252 0.012583
0 0.688879 0.448278 0.015807 0.012987