0 0.680095 0.586716 0.008527 0.004255
0 0.890171 0.586194 0.008632 0.004226
0 0.950548 0.439158 0.008527 0.004192
0 0.873850 0.397087 0.008648 0.004241
0 0.800719 0.418406 0.008527 0.004203
0 0.539593 0.427894 0.006778 0.004292
0 0.713728 0.472053 0.006714 0.004255
0 0.299761 0.455912 0.012140 0.004272
0 0.218394 0.525486 0.007878 0.004241
0 0.206051 0.400637 0.008535 0.004186
0 0.224451 0.451003 0.013468 0.004400
0 0.862879 0.450054 0.007169 0.004258
0 0.298521 0.575725 0.018412 0.004201
0 0.145410 0.452496 0.008168 0.004241
0 0.922846 0.469959 0.006889 0.004226
0 0.938025 0.530459 0.006754 0.004417
0 0.706485 0.537600 0.006752 0.004417
0 0.657517 0.537600 0.006917 0.004417
0 0.544887 0.531325 0.006752 0.004417
0 0.753799 0.470489 0.007018 0.004238
0 0.298432 0.569501 0.011912 0.004275
0 0.871383 0.529842 0.006752 0.004221
0 0.957840 0.588514 0.011936 0.004238
0 0.957883 0.581848 0.018406 0.004055
0 0.479497 0.410172 0.008807 0.004238
0 0.485709 0.559711 0.008807 0.004238
0 0.605874 0.425916 0.008807 0.004241
0 0.605803 0.579944 0.008805 0.004238
0 0.783698 0.579873 0.008880 0.004238
0 0.957066 0.400710 0.008958 0.004241
0 0.197943 0.572177 0.008567 0.004252
0 0.475449 0.452193 0.008529 0.004278
0 0.475777 0.509290 0.008527 0.004258
0 0.529724 0.588894 0.008527 0.004280
0 0.591688 0.538417 0.008527 0.004278
0 0.592669 0.473112 0.008529 0.004280
0 0.799868 0.481364 0.008662 0.004203
0 0.407394 0.455824 0.012140 0.004272
0 0.392054 0.526003 0.006925 0.004380
0 0.406508 0.570105 0.011912 0.004275
0 0.406442 0.576364 0.018412 0.004201
0 0.241881 0.743227 0.023460 0.008906
0 0.266001 0.743039 0.018156 0.008718
0 0.282006 0.753444 0.003778 0.003468
0 0.717549 0.743180 0.023593 0.009188
0 0.741769 0.743086 0.018223 0.008812
0 0.751710 0.753346 0.003778 0.003083
0 0.114902 0.527364 0.006766 0.004383
0 0.107933 0.454165 0.006722 0.004112
0 0.268399 0.457673 0.006720 0.004221
0 0.162035 0.527371 0.006766 0.004380
0 0.281718 0.517895 0.006925 0.004380