0 0.634786 0.587318 0.010242 0.009000
0 0.545281 0.587281 0.010139 0.008852
0 0.301568 0.548390 0.009934 0.008561
0 0.598895 0.439816 0.010504 0.008535
0 0.657829 0.479008 0.021541 0.008857
0 0.474226 0.905353 0.031701 0.013859
0 0.506660 0.905150 0.023629 0.012636
0 0.510687 0.922472 0.008342 0.007338
0 0.431343 0.566415 0.010298 0.008555
0 0.434890 0.661084 0.015346 0.008746
0 0.276494 0.384108 0.021813 0.008598
0 0.330579 0.418689 0.021098 0.008977
0 0.401784 0.317539 0.015823 0.008723
0 0.435364 0.406158 0.024014 0.008658
0 0.535200 0.441869 0.015422 0.008219