0 0.359224 0.530636 0.011699 0.008535
0 0.588558 0.391927 0.026166 0.008831
0 0.561389 0.553823 0.012002 0.008763
0 0.462713 0.473727 0.028478 0.008418
0 0.531469 0.495881 0.012868 0.008347
0 0.740869 0.922804 0.048760 0.016822
0 0.791156 0.922470 0.037450 0.016616
0 0.357320 0.712541 0.025674 0.008178
0 0.403239 0.712457 0.017883 0.008347
0 0.483240 0.368127 0.017829 0.008580
0 0.556905 0.635328 0.011850 0.008888
0 0.376699 0.442315 0.011657 0.008694
0 0.382822 0.628635 0.012578 0.008774
0 0.469088 0.623595 0.012149 0.008694
0 0.592461 0.461418 0.013667 0.006867