0 0.695170 0.672644 0.004435 0.003327
0 0.339557 0.788726 0.005479 0.003181
0 0.647315 0.746306 0.010659 0.003369
0 0.701448 0.737662 0.004562 0.003255
0 0.700005 0.625507 0.005561 0.003284
0 0.666602 0.859527 0.006916 0.003341
0 0.730933 0.864387 0.009716 0.003341
0 0.714942 0.803207 0.005497 0.003216
0 0.726798 0.729051 0.009524 0.003312
0 0.643955 0.652171 0.004596 0.003310
0 0.730634 0.574240 0.013689 0.002774
0 0.644741 0.697668 0.006962 0.003312
0 0.596919 0.760063 0.006807 0.003312
0 0.603850 0.829885 0.009405 0.003355
0 0.650861 0.810832 0.005434 0.003341
0 0.297763 0.841782 0.006894 0.003324
0 0.272281 0.614917 0.004598 0.003352
0 0.355461 0.842038 0.009389 0.003352
0 0.227013 0.743854 0.006926 0.003324
0 0.644348 0.588469 0.004596 0.003352
0 0.231698 0.811720 0.009613 0.003498
0 0.279887 0.795453 0.005358 0.003341
0 0.351526 0.707141 0.009538 0.003352
0 0.327843 0.726581 0.004564 0.003275
0 0.324516 0.676089 0.004481 0.003290
0 0.327084 0.628649 0.005638 0.003227
0 0.356033 0.575383 0.013671 0.002785
0 0.272289 0.673774 0.004554 0.003312
0 0.309648 0.164508 0.006779 0.003230
0 0.722595 0.202564 0.005586 0.003213
0 0.755057 0.229924 0.004564 0.003327
0 0.563744 0.316575 0.009415 0.003281
0 0.344418 0.207831 0.005563 0.003198
0 0.748410 0.293592 0.004572 0.003312
0 0.703175 0.293663 0.004648 0.003398
0 0.648048 0.285733 0.005291 0.003312
0 0.591452 0.317308 0.006783 0.003327
0 0.832930 0.293592 0.004638 0.003341
0 0.642031 0.170499 0.010714 0.003324
0 0.274973 0.285093 0.005398 0.003310
0 0.583659 0.260668 0.005467 0.003184
0 0.596850 0.195755 0.004489 0.003341
0 0.571976 0.176425 0.009375 0.003324
0 0.599981 0.147175 0.009766 0.003295
0 0.759819 0.152875 0.013663 0.002757
0 0.328579 0.294032 0.004620 0.003344
0 0.276133 0.172360 0.010693 0.003324
0 0.683699 0.157145 0.006777 0.003338
0 0.222713 0.321755 0.006801 0.003270
0 0.196390 0.321954 0.009434 0.003270
0 0.378372 0.236867 0.004570 0.003284
0 0.215126 0.266103 0.005471 0.003158
0 0.225037 0.200922 0.004564 0.003281
0 0.230234 0.151173 0.009768 0.003372
0 0.203025 0.182882 0.009379 0.003375
0 0.371158 0.294048 0.004586 0.003369
0 0.656568 0.942912 0.020143 0.007107
0 0.677530 0.942613 0.016075 0.007107
0 0.283988 0.936666 0.020143 0.007107
0 0.304733 0.936666 0.015771 0.007107
0 0.303904 0.436586 0.015771 0.007107
0 0.676954 0.436561 0.015771 0.007107
0 0.283291 0.436364 0.020143 0.007107
0 0.656242 0.436421 0.020143 0.007107
0 0.475107 0.247526 0.020143 0.005599
0 0.518725 0.139775 0.020143 0.005599
0 0.807487 0.364699 0.020143 0.005601
0 0.840414 0.364818 0.020143 0.005599
0 0.381029 0.170294 0.013749 0.002828