0 0.428105 0.346301 0.012309 0.004326
0 0.338868 0.420178 0.005670 0.004557
0 0.343711 0.525353 0.005690 0.004511
0 0.770930 0.377246 0.012253 0.004449
0 0.621693 0.372524 0.010349 0.004688
0 0.686887 0.434353 0.005730 0.004523
0 0.700749 0.520745 0.005728 0.004523
0 0.748388 0.520725 0.005730 0.004523
0 0.902229 0.505405 0.005728 0.004580
0 0.564282 0.520983 0.008966 0.004651
0 0.631033 0.438571 0.013534 0.004614
0 0.824062 0.539027 0.009111 0.004523
0 0.978975 0.467444 0.009093 0.004651
0 0.913463 0.568953 0.010399 0.004688
0 0.896244 0.377590 0.010461 0.004688
0 0.638987 0.505258 0.005742 0.004617
0 0.730044 0.447846 0.005859 0.004560
0 0.932934 0.406290 0.005859 0.004560
0 0.851714 0.436560 0.005728 0.004577
0 0.812964 0.430938 0.005964 0.004412
0 0.774661 0.474480 0.006119 0.004412
0 0.888452 0.431032 0.012345 0.004634
0 0.581174 0.437486 0.008860 0.004548
0 0.915574 0.442823 0.012382 0.004597
0 0.404235 0.525359 0.005618 0.004574
0 0.386971 0.413448 0.005910 0.004434
0 0.174339 0.504860 0.005559 0.004614
0 0.410139 0.459483 0.005807 0.004506
0 0.188009 0.420707 0.005807 0.004503
0 0.156875 0.394696 0.012271 0.004463
0 0.163178 0.428997 0.012158 0.004491
0 0.261315 0.397818 0.013502 0.004517
0 0.355099 0.470472 0.005978 0.004403
0 0.264376 0.504872 0.005674 0.004597
0 0.253722 0.336371 0.008406 0.004563
0 0.265583 0.582589 0.008406 0.004563
0 0.153973 0.582042 0.011832 0.004500
0 0.795182 0.738693 0.005154 0.004004
0 0.762132 0.731110 0.020214 0.007771
0 0.781914 0.731113 0.015660 0.007771
0 0.687334 0.568625 0.011106 0.004848