0 0.433603 0.221202 0.033032 0.019473
0 0.384229 0.308680 0.021410 0.020627
0 0.574659 0.257362 0.023653 0.019615
0 0.499167 0.351330 0.022940 0.020048
0 0.658020 0.476212 0.023254 0.037634
0 0.520785 0.568553 0.023254 0.017449
0 0.688679 0.337309 0.021408 0.020627
0 0.677750 0.619361 0.021408 0.020627
0 0.392432 0.618823 0.021410 0.020627
0 0.295071 0.628630 0.021408 0.020624
0 0.691256 0.246120 0.033030 0.019470
0 0.589276 0.756068 0.033030 0.019473
0 0.391493 0.741544 0.033032 0.019473
0 0.571621 0.373672 0.022509 0.017013
0 0.617615 0.387239 0.022509 0.017808
0 0.617696 0.405580 0.022509 0.017688
0 0.571460 0.355292 0.022509 0.017010