0 0.784156 0.449940 0.010125 0.005905
0 0.828804 0.449853 0.006865 0.005588
0 0.637912 0.522039 0.006607 0.005657
0 0.863927 0.479032 0.013842 0.005987
0 0.793017 0.544165 0.006607 0.005657
0 0.604965 0.444991 0.010123 0.005725
0 0.851888 0.544199 0.006605 0.005657
0 0.672027 0.376280 0.010123 0.005725
0 0.649844 0.449179 0.013703 0.005751
0 0.840308 0.328612 0.011703 0.005586
0 0.718456 0.522102 0.006591 0.005919
0 0.733875 0.593906 0.010127 0.005731
0 0.731518 0.399493 0.015585 0.005865
0 0.245827 0.357059 0.013726 0.005831
0 0.287025 0.370348 0.006655 0.005671
0 0.324648 0.417628 0.010212 0.005777
0 0.222126 0.442478 0.006839 0.005617
0 0.217559 0.521006 0.013840 0.005683
0 0.193887 0.520969 0.014024 0.005460
0 0.283104 0.598388 0.006486 0.005794
0 0.295785 0.521700 0.015503 0.005748
0 0.286837 0.448539 0.006544 0.005668
0 0.348354 0.544195 0.010119 0.005774
0 0.259884 0.667395 0.010113 0.005774
0 0.205382 0.598274 0.006605 0.005668
0 0.148862 0.361653 0.011630 0.005569
0 0.442129 0.745420 0.020719 0.008846
0 0.465569 0.756726 0.005190 0.004645
0 0.610926 0.592488 0.009017 0.003739
0 0.737592 0.752950 0.020717 0.008846
0 0.758768 0.753009 0.015529 0.008846
0 0.761154 0.764353 0.005188 0.004648
0 0.349420 0.627427 0.009059 0.004765