0 0.809702 0.434381 0.002156 0.003535
0 0.805772 0.459575 0.007316 0.004048
0 0.805769 0.510462 0.009970 0.003797
0 0.964455 0.751595 0.005674 0.004832
0 0.946669 0.741874 0.017046 0.009210
0 0.924127 0.741756 0.022918 0.009162
0 0.641964 0.453429 0.004540 0.003922
0 0.641963 0.556266 0.004538 0.003922
0 0.775783 0.563184 0.004538 0.003922
0 0.691639 0.461752 0.005821 0.003891
0 0.701216 0.390088 0.007070 0.003843
0 0.617098 0.408854 0.007070 0.003843
0 0.630841 0.609766 0.007070 0.003843
0 0.703412 0.609768 0.007070 0.003840
0 0.774249 0.609755 0.007072 0.003843
0 0.703674 0.546678 0.005398 0.004005
0 0.633700 0.519302 0.004572 0.003843
0 0.771791 0.511562 0.004574 0.003843
0 0.777904 0.462806 0.005867 0.003840
0 0.763849 0.403372 0.002452 0.003774
0 0.813696 0.382694 0.002452 0.003774
0 0.464464 0.751576 0.005571 0.004880
0 0.404178 0.741899 0.011676 0.009350
0 0.273910 0.510218 0.005785 0.004005
0 0.423764 0.741899 0.022785 0.009401
0 0.446314 0.741874 0.017282 0.009256
0 0.813790 0.459370 0.006552 0.003324
0 0.777556 0.408251 0.002293 0.003777