0 0.683538 0.601236 0.019292 0.013200
0 0.655926 0.757191 0.029231 0.013600
0 0.458705 0.499938 0.020708 0.013733
0 0.471640 0.680676 0.018997 0.013671
0 0.574771 0.486289 0.039942 0.013058
0 0.703145 0.746291 0.029262 0.013818
0 0.747265 0.383456 0.040603 0.013782
0 0.665689 0.445929 0.020462 0.014267
0 0.558172 0.669160 0.021071 0.013671
0 0.384740 0.633093 0.018994 0.013671
0 0.744206 0.481289 0.029231 0.013600
0 0.175969 0.052640 0.067655 0.022764
0 0.244977 0.053689 0.051215 0.023733
0 0.840615 0.850744 0.048185 0.018689
0 0.820858 0.894564 0.035391 0.014427
0 0.908035 0.894082 0.055314 0.015747
0 0.896209 0.930531 0.026228 0.014404
0 0.922814 0.931193 0.018988 0.015213