0 0.378267 0.423831 0.010419 0.006807
0 0.624265 0.567444 0.010353 0.006810
0 0.503545 0.572172 0.010443 0.006824
0 0.710787 0.688723 0.019623 0.007161
0 0.371905 0.570242 0.010220 0.006249
0 0.283631 0.568378 0.013810 0.009863
0 0.461882 0.755543 0.013185 0.006816
0 0.214462 0.454122 0.013560 0.008540
0 0.302731 0.432225 0.010881 0.007181
0 0.102282 0.819969 0.019415 0.006608
0 0.474035 0.923699 0.047059 0.018532
0 0.412421 0.223473 0.017420 0.007152
0 0.457618 0.336934 0.020111 0.006993
0 0.574390 0.356127 0.017694 0.006839
0 0.634427 0.443513 0.022504 0.008595
0 0.574485 0.429885 0.018597 0.006269
0 0.294989 0.309929 0.017311 0.006762
0 0.522130 0.923562 0.035672 0.018161
0 0.099474 0.914363 0.025039 0.012152
0 0.127343 0.914483 0.025039 0.012152
0 0.150613 0.914243 0.016694 0.012152