0 0.554622 0.800038 0.004058 0.002386
0 0.330730 0.744909 0.004225 0.002263
0 0.256357 0.680646 0.005025 0.002340
0 0.752689 0.901934 0.006276 0.004467
0 0.527046 0.800194 0.006863 0.002389
0 0.281096 0.296194 0.004300 0.002349
0 0.239654 0.301227 0.007002 0.002460
0 0.186234 0.231985 0.005255 0.002460
0 0.315116 0.197958 0.004090 0.002500
0 0.388541 0.401817 0.006363 0.004484
0 0.753807 0.255068 0.005140 0.002577
0 0.680967 0.726709 0.004457 0.002625
0 0.680945 0.226655 0.004457 0.002625
0 0.753816 0.755056 0.005142 0.002574
0 0.258659 0.781270 0.004088 0.002357
0 0.256202 0.719860 0.006951 0.002446
0 0.409121 0.893191 0.018356 0.007682
0 0.781674 0.893161 0.014789 0.007674
0 0.251227 0.175579 0.004280 0.002360
0 0.408774 0.393090 0.018422 0.007674
0 0.546712 0.239555 0.004332 0.002360
0 0.548731 0.177347 0.004215 0.002534
0 0.752689 0.401934 0.006276 0.004467
0 0.781674 0.393161 0.014789 0.007674
0 0.388576 0.901917 0.006264 0.004450
0 0.548731 0.677347 0.004215 0.002534
0 0.546712 0.739555 0.004332 0.002360
0 0.611700 0.672131 0.004205 0.002363
0 0.598322 0.709461 0.004143 0.002452
0 0.606856 0.782989 0.004173 0.002329
0 0.323652 0.302333 0.004177 0.002363
0 0.233223 0.254809 0.004334 0.002377
0 0.554622 0.300038 0.004058 0.002386
0 0.527046 0.300194 0.006863 0.002389
0 0.606856 0.282989 0.004173 0.002329
0 0.598322 0.209461 0.004143 0.002452
0 0.611700 0.172131 0.004205 0.002363