0 0.356563 0.775561 0.005561 0.004272
0 0.356646 0.695940 0.007099 0.004124
0 0.213342 0.696435 0.005640 0.004178
0 0.318514 0.702679 0.005640 0.004218
0 0.219605 0.649970 0.011832 0.004209
0 0.301018 0.656536 0.008515 0.004192
0 0.217100 0.805235 0.008404 0.004195
0 0.635804 0.201741 0.013292 0.004246
0 0.261862 0.704336 0.013331 0.004346
0 0.205318 0.752486 0.006881 0.004095
0 0.188546 0.805506 0.011930 0.004320
0 0.261745 0.764618 0.006690 0.004203
0 0.193344 0.677810 0.012116 0.004238
0 0.314635 0.775570 0.005603 0.004272
0 0.631643 0.713843 0.013421 0.004317
0 0.577148 0.715463 0.005664 0.004184
0 0.731506 0.709152 0.007086 0.004095
0 0.633000 0.775987 0.006637 0.004184
0 0.260763 0.262069 0.006667 0.004195
0 0.634161 0.622724 0.008366 0.004178
0 0.736089 0.783802 0.005569 0.004218
0 0.694464 0.712913 0.005664 0.004235
0 0.688888 0.783830 0.005569 0.004218
0 0.260825 0.201736 0.013329 0.004372
0 0.569569 0.772384 0.006774 0.004050
0 0.555794 0.678799 0.011979 0.004192
0 0.553336 0.822425 0.011930 0.004218
0 0.581759 0.663906 0.011880 0.004209
0 0.187534 0.302960 0.011916 0.004238
0 0.218635 0.147442 0.011817 0.004198
0 0.337621 0.265073 0.005567 0.004212
0 0.587308 0.193840 0.005626 0.004135
0 0.693874 0.195688 0.005628 0.004166
0 0.674997 0.153954 0.008459 0.004192
0 0.591071 0.302686 0.008372 0.004129
0 0.562503 0.302947 0.011848 0.004144
0 0.579266 0.249902 0.006833 0.003970
0 0.676537 0.429389 0.022021 0.008535
0 0.698890 0.429320 0.017050 0.008535
0 0.290132 0.429360 0.022021 0.008535
0 0.312269 0.429466 0.017010 0.008535
0 0.303157 0.929184 0.022023 0.008535
0 0.325436 0.929288 0.016708 0.008538
0 0.676477 0.929363 0.022021 0.008535
0 0.698799 0.929276 0.017111 0.008538
0 0.699623 0.937588 0.004985 0.003594
0 0.326780 0.937690 0.004985 0.003594
0 0.313199 0.437779 0.004987 0.003594
0 0.699547 0.437799 0.004985 0.003594
0 0.635712 0.262049 0.006649 0.004149
0 0.715022 0.265040 0.005535 0.004192
0 0.730631 0.193361 0.007040 0.004021
0 0.593585 0.147392 0.011735 0.004149
0 0.567210 0.169981 0.012063 0.004146
0 0.355659 0.193381 0.007074 0.004055
0 0.317594 0.200264 0.005698 0.004249
0 0.193303 0.177240 0.012027 0.004198
0 0.204326 0.249912 0.006891 0.004075
0 0.212354 0.193889 0.005684 0.004192
0 0.190049 0.146300 0.008485 0.004181
0 0.255088 0.140452 0.008414 0.004181
0 0.260906 0.302992 0.008396 0.004184
0 0.580018 0.822486 0.008442 0.004221