0 0.964510 0.751615 0.005732 0.004826
0 0.627380 0.541603 0.004584 0.003874
0 0.806026 0.495281 0.004584 0.003874
0 0.624446 0.491407 0.007244 0.003874
0 0.708026 0.598030 0.005342 0.003843
0 0.923551 0.741770 0.022734 0.009179
0 0.716533 0.481341 0.005753 0.003777
0 0.946041 0.741827 0.016889 0.009179
0 0.669457 0.487580 0.005833 0.003957
0 0.788463 0.642436 0.007048 0.003794
0 0.768488 0.444833 0.007046 0.003794
0 0.636302 0.597913 0.004298 0.003843
0 0.786692 0.583549 0.004296 0.003843
0 0.357333 0.533841 0.002384 0.003891
0 0.229920 0.468817 0.007449 0.003877
0 0.123086 0.586581 0.006990 0.003988
0 0.125854 0.423003 0.010036 0.003988
0 0.364083 0.555714 0.002384 0.003891
0 0.321193 0.490867 0.005775 0.003826
0 0.188800 0.426383 0.005970 0.003729
0 0.447047 0.742004 0.017153 0.009572
0 0.249163 0.419651 0.006990 0.003988
0 0.187861 0.540934 0.005386 0.003891
0 0.774576 0.493529 0.004429 0.003843
0 0.259733 0.545351 0.004411 0.003877
0 0.311847 0.545282 0.004411 0.003877
0 0.376709 0.498696 0.002372 0.003777
0 0.464604 0.751660 0.006121 0.005299
0 0.361410 0.577108 0.002386 0.003891
0 0.339157 0.490286 0.002384 0.003891
0 0.143319 0.472174 0.009720 0.003806
0 0.188883 0.463452 0.005591 0.003991
0 0.112664 0.472486 0.004675 0.003843
0 0.276908 0.413481 0.008485 0.003871
0 0.424446 0.741799 0.022952 0.009401
0 0.130823 0.522791 0.004411 0.003877
0 0.266581 0.464686 0.004675 0.003843
0 0.716450 0.445436 0.005755 0.003780
0 0.271413 0.386843 0.004544 0.002939
0 0.277056 0.386796 0.005751 0.002862
0 0.632489 0.491279 0.006631 0.003475
0 0.658802 0.396398 0.002384 0.003891
0 0.659004 0.426544 0.002384 0.003891
0 0.669074 0.460326 0.002384 0.003891
0 0.814977 0.447166 0.008692 0.003786