0 0.779992 0.633685 0.019142 0.006840
0 0.780385 0.643602 0.029115 0.006726
0 0.690110 0.641894 0.013869 0.006951
0 0.133016 0.449852 0.018594 0.006879
0 0.259021 0.439637 0.013653 0.006791
0 0.151672 0.557707 0.010860 0.007127
0 0.309823 0.454959 0.013722 0.006811
0 0.289635 0.372160 0.014084 0.006840
0 0.319690 0.566824 0.010860 0.007133
0 0.249996 0.634796 0.014157 0.006840
0 0.398782 0.566795 0.011080 0.007019
0 0.446709 0.454716 0.011036 0.006726
0 0.779535 0.443854 0.019323 0.006905
0 0.515092 0.621671 0.014064 0.006700
0 0.537759 0.446395 0.013016 0.006726
0 0.115739 0.376354 0.013574 0.006768
0 0.173411 0.386549 0.010840 0.006726
0 0.359563 0.641354 0.013617 0.006777
0 0.632598 0.362471 0.013627 0.006492
0 0.732865 0.454691 0.010957 0.006726
0 0.153439 0.654758 0.013693 0.006757
0 0.263308 0.559268 0.013661 0.006800
0 0.637713 0.453132 0.021560 0.007039
0 0.757422 0.557683 0.011007 0.007011
0 0.650826 0.557814 0.012633 0.006783
0 0.503749 0.918247 0.006329 0.005056
0 0.449377 0.901952 0.038187 0.014335
0 0.487952 0.902340 0.029134 0.014335