0 0.650133 0.402620 0.009754 0.007320
0 0.620992 0.402848 0.020705 0.007429
0 0.625812 0.337655 0.020838 0.007238
0 0.667546 0.333806 0.020191 0.007326
0 0.271055 0.803033 0.032888 0.011938
0 0.351151 0.578615 0.020157 0.007292
0 0.794117 0.802992 0.024853 0.011582
0 0.760255 0.802923 0.032848 0.011856
0 0.722758 0.361247 0.023001 0.007614
0 0.356847 0.640277 0.020272 0.007195
0 0.841639 0.348104 0.012074 0.007144
0 0.202904 0.584250 0.009754 0.007144
0 0.230257 0.319270 0.009893 0.007326
0 0.304758 0.802885 0.025042 0.011693
0 0.302156 0.427825 0.009754 0.007144
0 0.302186 0.336525 0.009756 0.007144
0 0.191713 0.464629 0.020721 0.007229
0 0.796050 0.334584 0.020931 0.007263
0 0.189960 0.332148 0.016227 0.007318
0 0.231794 0.403884 0.012152 0.007204
0 0.290021 0.596581 0.011634 0.007329
0 0.214369 0.507842 0.009891 0.007326
0 0.186836 0.508969 0.020605 0.007329
0 0.309195 0.498807 0.023166 0.007283
0 0.894648 0.571735 0.020312 0.007380
0 0.743675 0.634635 0.015270 0.007292
0 0.731393 0.498191 0.011596 0.007209
0 0.803958 0.501569 0.009565 0.007141
0 0.639804 0.486847 0.009567 0.007144
0 0.866315 0.489051 0.009567 0.007144
0 0.876310 0.430448 0.009754 0.007320