0 0.362503 0.709137 0.007113 0.004075
0 0.646994 0.655806 0.005610 0.004158
0 0.646996 0.598568 0.005610 0.004158
0 0.592964 0.687868 0.006980 0.004075
0 0.691555 0.202821 0.005640 0.004218
0 0.254435 0.142465 0.008539 0.004195
0 0.189207 0.148971 0.008408 0.004195
0 0.217773 0.150094 0.011898 0.004206
0 0.261778 0.829094 0.008783 0.004839
0 0.248762 0.662311 0.008662 0.004531
0 0.263279 0.775828 0.006675 0.004548
0 0.366288 0.783653 0.005757 0.004583
0 0.319195 0.783700 0.005668 0.004449
0 0.253988 0.707742 0.013222 0.004882
0 0.183678 0.822023 0.011773 0.005061
0 0.206805 0.714999 0.005624 0.004805
0 0.637211 0.821599 0.006899 0.005010
0 0.589918 0.750128 0.005736 0.005016
0 0.597948 0.629756 0.005664 0.004853
0 0.588587 0.568454 0.011910 0.004506
0 0.646532 0.870218 0.008680 0.004614
0 0.636691 0.750637 0.013321 0.004665
0 0.635362 0.565147 0.008584 0.004788
0 0.565657 0.865252 0.011801 0.004657
0 0.289693 0.429329 0.021735 0.008529
0 0.311992 0.429329 0.016633 0.008153
0 0.313318 0.437623 0.004572 0.003938
0 0.699561 0.437736 0.004602 0.003776
0 0.698364 0.429273 0.016659 0.008202
0 0.676113 0.429404 0.021950 0.008333
0 0.313357 0.937653 0.004638 0.003748
0 0.312462 0.929124 0.016764 0.008062
0 0.290031 0.929219 0.021868 0.008435
0 0.786770 0.937622 0.004650 0.003645
0 0.785621 0.929192 0.016706 0.008136
0 0.763301 0.929194 0.021860 0.008396
0 0.259909 0.264634 0.006742 0.004389
0 0.316696 0.202764 0.005654 0.004275
0 0.260059 0.204440 0.013429 0.004349
0 0.353501 0.268909 0.005773 0.004503
0 0.203362 0.252357 0.006925 0.004571
0 0.590140 0.305148 0.008404 0.004654
0 0.674058 0.156489 0.008515 0.004571
0 0.592645 0.149947 0.011834 0.004540
0 0.566384 0.177824 0.012116 0.004494
0 0.634785 0.264537 0.006690 0.004651
0 0.561587 0.305457 0.011930 0.004702
0 0.578357 0.252459 0.006881 0.004434
0 0.586382 0.196384 0.005640 0.004565
0 0.729624 0.195995 0.007223 0.004300
0 0.729470 0.275611 0.005827 0.004457
0 0.687676 0.275601 0.005603 0.004494
0 0.311717 0.268903 0.005581 0.004491
0 0.186687 0.305549 0.011840 0.004543
0 0.260075 0.305376 0.008845 0.004825
0 0.634902 0.204309 0.013331 0.004685
0 0.354856 0.195925 0.007234 0.004389
0 0.192432 0.179557 0.012122 0.004711
0 0.211543 0.196398 0.005654 0.004651
0 0.212276 0.656449 0.011793 0.004605
0 0.199986 0.772106 0.007121 0.004628
0 0.185945 0.694484 0.012116 0.004414
0 0.324234 0.712744 0.005716 0.004571
0 0.572869 0.811613 0.006992 0.004588
0 0.567315 0.730617 0.012079 0.005150