0 0.535017 0.513785 0.007745 0.007387
0 0.522400 0.586022 0.007608 0.007729
0 0.382711 0.653320 0.012249 0.007535
0 0.386555 0.586268 0.009377 0.007749
0 0.384580 0.459175 0.020645 0.007680
0 0.459955 0.586186 0.007606 0.007726
0 0.271060 0.650503 0.016015 0.008364
0 0.294114 0.566485 0.007608 0.007726
0 0.311926 0.650405 0.012251 0.007535
0 0.373359 0.398397 0.012251 0.007538
0 0.286507 0.433274 0.012249 0.007535
0 0.313500 0.496582 0.007745 0.007384
0 0.490603 0.489565 0.009670 0.007749
0 0.438011 0.891743 0.043663 0.015945
0 0.482614 0.891832 0.033361 0.015942
0 0.522014 0.910878 0.009206 0.007370
0 0.509411 0.286106 0.009629 0.006472
0 0.558340 0.299480 0.014221 0.008028