0 0.580395 0.513793 0.008060 0.005814
0 0.605118 0.526503 0.008342 0.005529
0 0.612422 0.567364 0.007959 0.005745
0 0.561388 0.566771 0.008072 0.005757
0 0.558546 0.505536 0.008154 0.005856
0 0.589262 0.566828 0.007981 0.005814
0 0.627118 0.503363 0.014433 0.005529
0 0.527996 0.549129 0.008078 0.005873
0 0.533523 0.584469 0.011858 0.005814
0 0.519399 0.583796 0.011858 0.005814
0 0.539346 0.495590 0.017338 0.005856
0 0.534231 0.521671 0.016929 0.005856
0 0.519080 0.505787 0.016722 0.005856
0 0.616467 0.539152 0.016996 0.005856
0 0.504926 0.813380 0.030687 0.014164