0 0.775745 0.509773 0.019706 0.006620
0 0.782597 0.618646 0.009398 0.006828
0 0.642047 0.576329 0.009780 0.006412
0 0.643605 0.499795 0.020218 0.006623
0 0.829423 0.453423 0.023262 0.006777
0 0.871880 0.530758 0.014846 0.006828
0 0.672604 0.499759 0.020175 0.006432
0 0.705202 0.603319 0.009188 0.006785
0 0.733141 0.499548 0.009905 0.006512
0 0.773214 0.384211 0.009357 0.006837
0 0.842030 0.358169 0.009246 0.006831
0 0.618184 0.649815 0.019934 0.006794
0 0.652879 0.649810 0.014068 0.006803
0 0.842040 0.277502 0.009226 0.006882
0 0.372364 0.277502 0.009226 0.006882
0 0.306069 0.509773 0.019706 0.006620
0 0.312922 0.618646 0.009398 0.006828
0 0.172372 0.576329 0.009780 0.006412
0 0.173929 0.499795 0.020218 0.006623
0 0.202929 0.499759 0.020175 0.006432
0 0.359767 0.513814 0.023190 0.006780
0 0.235527 0.603319 0.009188 0.006785
0 0.382020 0.618626 0.015013 0.006828
0 0.263466 0.499548 0.009905 0.006512
0 0.303538 0.384211 0.009357 0.006837
0 0.372354 0.358169 0.009246 0.006831
0 0.148508 0.649815 0.019934 0.006794
0 0.183204 0.649810 0.014068 0.006803