0 0.581155 0.488777 0.009007 0.007096
0 0.373878 0.572799 0.009210 0.006731
0 0.385503 0.676389 0.009007 0.007096
0 0.455712 0.562197 0.011283 0.006811
0 0.640020 0.469137 0.019005 0.006874
0 0.635769 0.518655 0.013830 0.006908
0 0.599194 0.622642 0.010760 0.006754
0 0.524650 0.706532 0.021382 0.007045
0 0.450377 0.676258 0.009007 0.007096
0 0.531508 0.540587 0.009158 0.006731
0 0.580512 0.726446 0.013830 0.006908
0 0.240381 0.904312 0.029567 0.013206
0 0.271026 0.904392 0.022680 0.012739
0 0.296374 0.918131 0.007506 0.007193