0 0.680995 0.557586 0.006927 0.004434
0 0.908800 0.551372 0.006804 0.004437
0 0.921526 0.611166 0.011950 0.004292
0 0.410442 0.458772 0.006784 0.004223
0 0.179502 0.420856 0.012126 0.004260
0 0.205545 0.438591 0.006766 0.004221
0 0.195858 0.523071 0.006917 0.004454
0 0.178307 0.583085 0.018247 0.004295
0 0.213247 0.584168 0.008561 0.004238
0 0.331361 0.447784 0.006804 0.004471
0 0.227441 0.404573 0.008547 0.004221
0 0.318165 0.548943 0.011217 0.004292
0 0.358374 0.548861 0.006951 0.004471
0 0.401553 0.548859 0.006835 0.004471
0 0.897720 0.492424 0.006139 0.004221
0 0.930185 0.475380 0.012089 0.004275
0 0.886943 0.607437 0.008535 0.004203
0 0.776454 0.467726 0.008168 0.004258
0 0.266446 0.523143 0.007955 0.004275
0 0.178294 0.576808 0.011975 0.004258
0 0.272073 0.435952 0.013415 0.004420
0 0.710774 0.466661 0.006778 0.004238
0 0.840459 0.559984 0.007955 0.004255
0 0.510217 0.458729 0.012116 0.004275
0 0.521823 0.546372 0.006778 0.004434
0 0.584589 0.583093 0.008827 0.004238
0 0.384169 0.460214 0.008193 0.004258
0 0.625638 0.469138 0.008535 0.004255
0 0.542084 0.428494 0.006800 0.004061
0 0.921530 0.604716 0.018346 0.004178
0 0.897661 0.448946 0.008825 0.004292
0 0.616267 0.422488 0.008839 0.004241
0 0.754400 0.570001 0.008803 0.004238
0 0.632726 0.557620 0.006802 0.004434
0 0.247930 0.743112 0.023419 0.008612
0 0.272120 0.743160 0.017796 0.008350
0 0.717461 0.742999 0.023417 0.008609
0 0.741747 0.743135 0.017796 0.008350
0 0.281944 0.753337 0.003687 0.002850
0 0.751649 0.753287 0.003693 0.003086
0 0.064616 0.420748 0.012126 0.004260
0 0.080880 0.523008 0.006917 0.004454
0 0.063410 0.576674 0.011975 0.004258
0 0.063266 0.582920 0.018247 0.004295
0 0.836146 0.461369 0.013494 0.004494