0 0.829423 0.453423 0.023262 0.006777
0 0.829164 0.618666 0.009398 0.006828
0 0.760399 0.618636 0.014862 0.006831
0 0.643605 0.499795 0.020218 0.006623
0 0.642047 0.576329 0.009780 0.006412
0 0.842040 0.277502 0.009226 0.006882
0 0.652879 0.649810 0.014068 0.006803
0 0.842030 0.358169 0.009246 0.006831
0 0.618184 0.649815 0.019934 0.006794
0 0.238022 0.436740 0.009275 0.005876
0 0.159054 0.503055 0.008968 0.006013
0 0.278418 0.436619 0.009119 0.006597
0 0.773214 0.384211 0.009357 0.006837
0 0.733141 0.499548 0.009905 0.006512
0 0.705202 0.603319 0.009188 0.006785
0 0.672604 0.499759 0.020175 0.006432
0 0.385714 0.361934 0.019625 0.006176
0 0.433743 0.395540 0.020204 0.006184
0 0.397499 0.431584 0.019629 0.006366
0 0.326908 0.374846 0.022912 0.006649
0 0.292996 0.707645 0.029305 0.010382
0 0.324953 0.707583 0.022551 0.010140
0 0.318259 0.719218 0.006843 0.005338
0 0.773063 0.509674 0.019706 0.006620
0 0.399134 0.577555 0.014669 0.006475
0 0.416187 0.502353 0.009738 0.006409
0 0.213052 0.536436 0.014800 0.006409
0 0.255344 0.537935 0.009281 0.006432
0 0.329155 0.500818 0.009190 0.006287
0 0.440228 0.577216 0.019927 0.006241