0 0.345139 0.507526 0.006119 0.004475
0 0.249813 0.386063 0.009680 0.004470
0 0.238941 0.441117 0.006800 0.004475
0 0.190342 0.409728 0.013228 0.004473
0 0.354374 0.447476 0.013230 0.004473
0 0.282888 0.423017 0.013228 0.004473
0 0.643665 0.559953 0.006194 0.004421
0 0.246260 0.501726 0.006303 0.004473
0 0.199891 0.566890 0.009680 0.004470
0 0.275948 0.567042 0.009680 0.004473
0 0.165744 0.566907 0.013296 0.004470
0 0.704208 0.624344 0.009549 0.004510
0 0.753394 0.508273 0.009549 0.004510
0 0.753388 0.439574 0.009549 0.004513
0 0.754440 0.352097 0.013063 0.004513
0 0.632816 0.474434 0.013317 0.004689
0 0.663358 0.499550 0.013317 0.004686
0 0.626128 0.624401 0.013317 0.004686
0 0.887251 0.726284 0.025994 0.008652
0 0.914147 0.725965 0.019879 0.008526
0 0.323113 0.434495 0.006657 0.004475
0 0.717079 0.439074 0.006196 0.004418
0 0.703064 0.375781 0.006196 0.004418
0 0.706596 0.508864 0.006792 0.004421
0 0.660980 0.421830 0.006744 0.004453
0 0.599542 0.422973 0.006744 0.004453
0 0.706325 0.565941 0.006391 0.004453
0 0.661029 0.624377 0.009549 0.004513
0 0.255852 0.729947 0.025781 0.008560
0 0.282757 0.730111 0.019821 0.008438
0 0.355502 0.386304 0.006555 0.004473
0 0.184176 0.501712 0.006119 0.004473
0 0.302181 0.507544 0.006119 0.004473
0 0.293497 0.741497 0.005402 0.004299
0 0.924931 0.737624 0.005386 0.004153