0 0.770758 0.277481 0.005428 0.003551
0 0.736462 0.277484 0.005521 0.003551
0 0.355025 0.707874 0.005364 0.003494
0 0.177552 0.639457 0.014181 0.003326
0 0.202616 0.775523 0.006297 0.003340
0 0.733317 0.757425 0.005404 0.003508
0 0.627888 0.778320 0.005505 0.003508
0 0.748819 0.802663 0.009510 0.003354
0 0.593590 0.683351 0.005382 0.003323
0 0.598812 0.777655 0.008759 0.003340
0 0.663449 0.257058 0.006317 0.003394
0 0.228172 0.146884 0.009623 0.003445
0 0.289876 0.225439 0.006498 0.003371
0 0.177856 0.218391 0.005400 0.003537
0 0.253537 0.198602 0.005515 0.003394
0 0.192112 0.152898 0.005412 0.003494
0 0.160273 0.180819 0.006800 0.003354
0 0.160668 0.139600 0.014183 0.003326
0 0.235747 0.291136 0.010723 0.003497
0 0.231724 0.203695 0.005511 0.003406
0 0.667918 0.187806 0.010657 0.003511
0 0.593433 0.299681 0.009510 0.003380
0 0.756949 0.207075 0.006508 0.003383
0 0.607385 0.257001 0.005493 0.003537
0 0.615079 0.189900 0.005374 0.003351
0 0.594394 0.175815 0.009629 0.003383
0 0.275519 0.931629 0.019021 0.007492
0 0.294958 0.931446 0.014598 0.007492
0 0.648734 0.931649 0.019019 0.007492
0 0.667600 0.931441 0.014588 0.007492
0 0.675711 0.939631 0.003524 0.002813
0 0.302649 0.939691 0.003524 0.002813
0 0.194734 0.718256 0.005362 0.003494
0 0.331830 0.790365 0.005396 0.003494
0 0.177055 0.680667 0.006800 0.003351
0 0.694810 0.709198 0.006992 0.003337
0 0.619769 0.695191 0.005470 0.003508
0 0.720737 0.804818 0.006770 0.003337
0 0.749437 0.807954 0.014521 0.003340
0 0.741929 0.674260 0.009573 0.003351
0 0.699058 0.668742 0.006768 0.003337
0 0.678910 0.766446 0.006287 0.003397
0 0.665150 0.689112 0.010727 0.003480
0 0.314984 0.290711 0.005535 0.003531
0 0.185752 0.275862 0.006297 0.003346
0 0.338191 0.210312 0.005525 0.003525
0 0.704526 0.277548 0.008908 0.003411
0 0.210791 0.333254 0.006800 0.003351
0 0.160882 0.134585 0.009520 0.003323
0 0.632468 0.162883 0.006790 0.003354
0 0.715007 0.197201 0.005404 0.003551
0 0.621194 0.305526 0.006800 0.003368
0 0.593444 0.304665 0.014493 0.003408
0 0.777817 0.205930 0.005390 0.003351
0 0.275761 0.431763 0.019021 0.007492
0 0.295003 0.431763 0.014669 0.007492
0 0.648701 0.431600 0.019019 0.007492
0 0.667544 0.431751 0.015305 0.007492
0 0.675768 0.439858 0.003331 0.002531
0 0.302708 0.439943 0.003333 0.002531
0 0.502198 0.299516 0.009510 0.003990
0 0.501986 0.304466 0.014493 0.003408
0 0.516259 0.256942 0.005805 0.003984
0 0.503048 0.175715 0.009629 0.003827
0 0.252589 0.790801 0.010627 0.003494
0 0.306779 0.725115 0.006498 0.003323
0 0.270421 0.698417 0.005513 0.003394
0 0.248566 0.703524 0.005374 0.003354
0 0.227093 0.832646 0.006800 0.003354
0 0.177592 0.634443 0.009522 0.003323
0 0.208978 0.652739 0.005364 0.003494
0 0.245041 0.646703 0.009591 0.003380
0 0.722412 0.701525 0.005481 0.003363
0 0.573331 0.708773 0.006468 0.003326
0 0.566260 0.777598 0.005404 0.003511