0 0.455494 0.696606 0.025168 0.010465
0 0.345025 0.420282 0.015309 0.005103
0 0.346200 0.490180 0.009204 0.004852
0 0.704470 0.543325 0.007155 0.005214
0 0.180306 0.488555 0.007330 0.005046
0 0.286404 0.495952 0.009734 0.004960
0 0.248803 0.493798 0.009539 0.004940
0 0.207798 0.492035 0.007536 0.005040
0 0.428233 0.708696 0.008584 0.006377
0 0.189698 0.514818 0.007161 0.004914
0 0.197342 0.594042 0.009091 0.004932
0 0.326887 0.585043 0.009406 0.005120
0 0.297617 0.536755 0.009629 0.005043
0 0.750509 0.523595 0.009690 0.005217
0 0.808865 0.523751 0.011265 0.005479
0 0.797557 0.482801 0.009158 0.005351
0 0.732934 0.482727 0.009156 0.005351
0 0.766872 0.481727 0.007409 0.005268
0 0.929851 0.696559 0.025742 0.011106
0 0.902211 0.708640 0.008791 0.006380
0 0.251922 0.586223 0.009095 0.004926
0 0.320546 0.492149 0.015221 0.005108