0 0.334909 0.616652 0.010044 0.007471
0 0.550513 0.382511 0.015144 0.007070
0 0.820777 0.606184 0.044691 0.012414
0 0.429606 0.597199 0.013729 0.007141
0 0.369948 0.472999 0.014110 0.007127
0 0.805204 0.553771 0.011774 0.006311
0 0.805353 0.541518 0.017793 0.006240
0 0.801504 0.517834 0.008393 0.006226
0 0.805193 0.506357 0.019448 0.006328
0 0.802406 0.470298 0.008186 0.006075
0 0.804424 0.459094 0.011351 0.006568
0 0.874881 0.446472 0.013124 0.008042
0 0.837865 0.446495 0.012917 0.008099
0 0.804431 0.446621 0.013251 0.008452
0 0.820803 0.428254 0.044691 0.012414
0 0.548234 0.517342 0.021770 0.007340
0 0.554951 0.691881 0.021645 0.006978
0 0.329039 0.525633 0.009772 0.007389
0 0.501315 0.450227 0.010044 0.007471
0 0.556601 0.358267 0.012780 0.006157
0 0.804385 0.649149 0.012991 0.006502
0 0.804438 0.637065 0.011355 0.006502
0 0.433253 0.450435 0.023866 0.007682
0 0.547623 0.469430 0.009942 0.007389
0 0.170260 0.107708 0.038831 0.015029
0 0.509812 0.686839 0.015144 0.007070
0 0.528852 0.597467 0.010044 0.007471
0 0.663376 0.358384 0.012780 0.006157
0 0.802204 0.482407 0.008186 0.006075
0 0.871940 0.624668 0.013124 0.008042
0 0.451965 0.367777 0.015279 0.007070
0 0.652671 0.517316 0.021770 0.007340
0 0.804396 0.624580 0.013251 0.008452
0 0.837833 0.624520 0.012917 0.008099
0 0.833680 0.871974 0.032407 0.015111
0 0.791671 0.871800 0.042520 0.014815
0 0.801506 0.529715 0.008393 0.006226
0 0.802069 0.494212 0.008186 0.006075
0 0.652223 0.469513 0.009942 0.007389
0 0.300062 0.376827 0.021088 0.007269
0 0.804877 0.576924 0.011774 0.006311
0 0.804923 0.660577 0.004243 0.006502
0 0.804865 0.672470 0.011355 0.006502
0 0.171572 0.840519 0.021379 0.007674
0 0.220089 0.840649 0.022471 0.007671
0 0.195975 0.840519 0.021379 0.007959
0 0.299008 0.448580 0.014110 0.007127