0 0.388548 0.410239 0.007010 0.004326
0 0.386609 0.450603 0.004767 0.004221
0 0.802267 0.445959 0.005275 0.004172
0 0.802462 0.527189 0.010570 0.003998
0 0.759885 0.576059 0.009313 0.004132
0 0.748867 0.527152 0.004519 0.004186
0 0.610994 0.380299 0.007139 0.004092
0 0.609007 0.458796 0.004417 0.004146
0 0.188924 0.389659 0.018005 0.004255
0 0.599761 0.517442 0.009742 0.004272
0 0.640868 0.522290 0.004626 0.004169
0 0.694329 0.527082 0.004491 0.004246
0 0.641402 0.594725 0.002301 0.004127
0 0.678708 0.450064 0.004348 0.004363
0 0.727192 0.450037 0.004443 0.004366
0 0.778872 0.383249 0.009313 0.004206
0 0.818791 0.373565 0.018001 0.004520
0 0.818726 0.383306 0.009480 0.003995
0 0.430566 0.452199 0.002366 0.004203
0 0.361389 0.602437 0.007006 0.004241
0 0.163318 0.429343 0.009734 0.004312
0 0.155622 0.377082 0.007032 0.004491
0 0.163328 0.460420 0.009819 0.004352
0 0.186576 0.456626 0.004515 0.004292
0 0.178571 0.526215 0.004554 0.004292
0 0.189816 0.593719 0.007183 0.004275
0 0.154237 0.601747 0.009659 0.004360
0 0.252958 0.602474 0.006992 0.004275
0 0.252763 0.519272 0.005418 0.004249
0 0.249906 0.450583 0.010874 0.004203
0 0.240889 0.376553 0.007044 0.004129
0 0.344472 0.451439 0.004765 0.004337
0 0.192065 0.375222 0.007399 0.003719
0 0.192153 0.378960 0.007586 0.003585
0 0.328830 0.543968 0.004459 0.004266
0 0.378553 0.543936 0.004566 0.004275
0 0.247141 0.754624 0.018997 0.008963
0 0.266547 0.754373 0.014759 0.008963
0 0.729109 0.754384 0.018997 0.008963
0 0.748424 0.754618 0.014737 0.008963
0 0.732522 0.766375 0.005277 0.004725
0 0.270215 0.766368 0.005277 0.004722