0 0.139161 0.380298 0.012047 0.004038
0 0.133638 0.629946 0.008610 0.004241
0 0.760565 0.551060 0.007014 0.004035
0 0.806432 0.613910 0.007012 0.004463
0 0.817476 0.422434 0.010101 0.004446
0 0.615566 0.406499 0.011781 0.004283
0 0.566493 0.480614 0.012063 0.004300
0 0.275942 0.595717 0.007068 0.004206
0 0.332272 0.595638 0.006953 0.004437
0 0.082457 0.666282 0.011878 0.004055
0 0.777985 0.303765 0.007632 0.004446
0 0.402368 0.314300 0.007632 0.004446
0 0.222637 0.756858 0.032301 0.011784
0 0.254571 0.756754 0.024701 0.010750
0 0.909229 0.757163 0.032301 0.011784
0 0.940602 0.757008 0.024703 0.010750
0 0.202616 0.574722 0.007086 0.004332
0 0.563249 0.558001 0.012156 0.004460
0 0.582712 0.592006 0.006734 0.004702
0 0.541778 0.692437 0.012079 0.004309
0 0.290100 0.524577 0.006837 0.004696
0 0.597473 0.656402 0.008729 0.004454
0 0.665000 0.601234 0.006764 0.004349
0 0.664468 0.474239 0.013482 0.004563
0 0.735171 0.489598 0.007002 0.004617
0 0.736516 0.613766 0.006883 0.004677
0 0.811256 0.510345 0.007441 0.004218
0 0.337484 0.484514 0.007590 0.004309
0 0.588104 0.557811 0.006786 0.004309
0 0.100073 0.531419 0.012061 0.004588
0 0.123897 0.531469 0.007052 0.004232
0 0.197618 0.436607 0.013327 0.004420
0 0.263710 0.478586 0.007090 0.004651
0 0.120709 0.574746 0.006883 0.004551
0 0.369736 0.404644 0.010598 0.004899
0 0.104583 0.445561 0.011826 0.004374