0 0.913930 0.743167 0.035295 0.012982
0 0.627129 0.529769 0.007616 0.004852
0 0.949227 0.743318 0.026877 0.012976
0 0.626520 0.436247 0.006415 0.004849
0 0.626475 0.624979 0.006413 0.004849
0 0.722171 0.620044 0.007820 0.005145
0 0.724542 0.505747 0.005416 0.003723
0 0.751742 0.558233 0.005172 0.003723
0 0.587758 0.624259 0.009871 0.004977
0 0.587761 0.525422 0.009869 0.004977
0 0.587748 0.434108 0.009871 0.004977
0 0.145135 0.356354 0.013667 0.004806
0 0.662319 0.371214 0.009869 0.004977
0 0.176805 0.474671 0.005241 0.003840
0 0.318978 0.614391 0.009768 0.004940
0 0.247715 0.614548 0.009768 0.004940
0 0.328969 0.500684 0.005241 0.003837
0 0.252116 0.410717 0.014834 0.005140
0 0.275437 0.743385 0.035275 0.013110
0 0.310345 0.743533 0.026746 0.012814
0 0.245936 0.558924 0.007842 0.005180
0 0.149827 0.427323 0.013315 0.004806
0 0.165479 0.544153 0.008031 0.004994
0 0.188859 0.422195 0.006442 0.004806
0 0.318028 0.567459 0.006486 0.004809
0 0.297223 0.467963 0.005485 0.003788
0 0.176165 0.614475 0.009770 0.004937
0 0.237858 0.342564 0.009768 0.004940
0 0.189379 0.360150 0.009768 0.004940
0 0.587512 0.369017 0.013540 0.004977
0 0.677789 0.447882 0.014880 0.005114
0 0.769777 0.609612 0.009871 0.004977
0 0.664706 0.635989 0.005172 0.003723
0 0.308812 0.341515 0.007481 0.004712
0 0.281445 0.758320 0.010474 0.007192
0 0.919718 0.758406 0.010474 0.007189
0 0.735204 0.445326 0.007481 0.004712