0 0.099923 0.423712 0.016885 0.004779
0 0.625105 0.410222 0.012249 0.004959
0 0.650146 0.442777 0.006276 0.004705
0 0.582184 0.508508 0.012231 0.004682
0 0.626191 0.528854 0.005910 0.004776
0 0.379376 0.508514 0.014026 0.004352
0 0.790953 0.544906 0.006117 0.004962
0 0.738745 0.447243 0.012428 0.004631
0 0.780628 0.451637 0.009387 0.004437
0 0.820233 0.451567 0.006236 0.004355
0 0.597129 0.434896 0.012690 0.004554
0 0.853535 0.474544 0.005837 0.004602
0 0.844168 0.544976 0.006139 0.005141
0 0.856069 0.403482 0.006351 0.004793
0 0.098101 0.470641 0.009154 0.004594
0 0.099079 0.513512 0.012448 0.004671
0 0.137924 0.536177 0.009561 0.004591
0 0.150412 0.444999 0.005918 0.004605
0 0.190663 0.536042 0.005948 0.004999
0 0.703286 0.528853 0.006008 0.004591
0 0.410250 0.446773 0.009442 0.004716
0 0.099177 0.416686 0.012623 0.004463
0 0.373499 0.392865 0.006546 0.004893
0 0.693440 0.401845 0.006031 0.004563
0 0.248369 0.536190 0.005922 0.004520
0 0.195975 0.430352 0.005962 0.004574
0 0.227876 0.430462 0.006335 0.004657
0 0.308712 0.435752 0.006468 0.004796
0 0.353729 0.437541 0.012361 0.004685
0 0.324108 0.508178 0.006065 0.004528
0 0.737393 0.748974 0.032190 0.012625
0 0.768190 0.748752 0.023605 0.012625
0 0.794750 0.749054 0.024362 0.012625
0 0.321264 0.749097 0.024362 0.012625
0 0.290709 0.749023 0.031348 0.012625
0 0.256154 0.748849 0.031912 0.012625