0 0.550868 0.921003 0.035700 0.015918
0 0.504229 0.920999 0.036412 0.015983
0 0.455545 0.921180 0.048232 0.016249
0 0.676416 0.742878 0.024471 0.008372
0 0.495219 0.604926 0.014344 0.008278
0 0.650845 0.490784 0.025092 0.008569
0 0.663000 0.394637 0.014531 0.008503
0 0.503779 0.421417 0.027716 0.008763
0 0.426567 0.383160 0.017900 0.008481
0 0.594835 0.394118 0.013818 0.008458
0 0.495124 0.289327 0.017936 0.008461
0 0.358226 0.482248 0.014618 0.008367
0 0.309096 0.464477 0.013959 0.007762
0 0.269029 0.497983 0.013810 0.008196
0 0.286122 0.641172 0.013929 0.008278
0 0.369077 0.641387 0.013816 0.008458
0 0.630787 0.619431 0.013818 0.008458
0 0.262431 0.746866 0.024471 0.008372
0 0.314846 0.748238 0.017936 0.008461
0 0.490252 0.747369 0.017936 0.008461
0 0.375238 0.936410 0.011508 0.007625