0 0.502052 0.435275 0.011092 0.006811
0 0.552069 0.435275 0.008982 0.006697
0 0.521064 0.567447 0.008390 0.006697
0 0.592840 0.567546 0.008424 0.006697
0 0.332920 0.347182 0.015644 0.006765
0 0.311908 0.527384 0.008515 0.006640
0 0.287704 0.633467 0.022654 0.009168
0 0.423542 0.527264 0.008515 0.006594
0 0.423403 0.368388 0.017175 0.006814
0 0.504834 0.274531 0.014810 0.006532
0 0.501979 0.368299 0.011183 0.006737
0 0.559194 0.685510 0.017457 0.009168
0 0.461874 0.932157 0.030514 0.014055
0 0.492569 0.931996 0.023204 0.014052
0 0.489808 0.947813 0.009907 0.008735
0 0.603899 0.473451 0.007959 0.006737
0 0.290161 0.423568 0.007959 0.006737