0 0.643356 0.529001 0.006784 0.004357
0 0.679781 0.575942 0.008521 0.004178
0 0.698925 0.513673 0.007941 0.004292
0 0.688372 0.402619 0.008495 0.004212
0 0.746111 0.460571 0.006891 0.004186
0 0.195284 0.442722 0.008549 0.004223
0 0.292271 0.437887 0.008547 0.004266
0 0.192545 0.482699 0.006778 0.004429
0 0.212767 0.526560 0.008549 0.004280
0 0.179428 0.525154 0.011944 0.004249
0 0.216800 0.398894 0.008789 0.004241
0 0.193644 0.572026 0.008827 0.004298
0 0.704948 0.452615 0.013308 0.004374
0 0.781063 0.455019 0.012051 0.004166
0 0.625481 0.464327 0.008144 0.004255
0 0.659594 0.463963 0.008666 0.004198
0 0.765580 0.513596 0.006917 0.004417
0 0.598974 0.528983 0.006778 0.004400
0 0.075194 0.398763 0.008789 0.004241
0 0.080422 0.442625 0.008549 0.004223
0 0.077542 0.482633 0.006778 0.004429
0 0.064548 0.524912 0.011944 0.004249
0 0.075768 0.572001 0.008827 0.004298
0 0.887025 0.460510 0.012051 0.004166
0 0.872018 0.516506 0.006917 0.004417
0 0.779354 0.567078 0.011963 0.004431
0 0.779433 0.573314 0.018422 0.004366
0 0.277917 0.485219 0.006919 0.004295
0 0.369722 0.460972 0.007145 0.004531
0 0.400956 0.584624 0.008940 0.004471
0 0.388921 0.552135 0.008831 0.004355
0 0.588075 0.454756 0.006728 0.004298
0 0.399124 0.503899 0.006778 0.004662
0 0.249398 0.743277 0.024409 0.009302
0 0.273222 0.743175 0.017977 0.009097
0 0.289370 0.753420 0.004112 0.003044
0 0.717195 0.743220 0.024409 0.009302
0 0.741836 0.743028 0.017977 0.009094
0 0.751805 0.753396 0.004110 0.003046
0 0.885762 0.567160 0.011963 0.004431
0 0.886005 0.573158 0.018422 0.004366