0 0.266009 0.408347 0.019028 0.009390
0 0.534283 0.624390 0.018916 0.009658
0 0.375269 0.540208 0.018903 0.009949
0 0.637732 0.454263 0.012884 0.009775
0 0.625376 0.553053 0.012518 0.009698
0 0.294058 0.595519 0.018940 0.009932
0 0.295859 0.512913 0.013161 0.009578
0 0.333727 0.350415 0.026124 0.009718
0 0.446079 0.392454 0.029591 0.010416
0 0.478187 0.839280 0.049424 0.018144
0 0.545307 0.553012 0.012518 0.009900
0 0.412236 0.320733 0.019030 0.009390
0 0.535799 0.381725 0.013062 0.009755
0 0.528729 0.839216 0.037857 0.017993
0 0.327926 0.422822 0.012884 0.010114
0 0.459161 0.529798 0.015037 0.009789