0 0.635025 0.814498 0.008507 0.004209
0 0.590414 0.737204 0.006663 0.004166
0 0.578665 0.808857 0.011850 0.004172
0 0.635583 0.746785 0.013367 0.004332
0 0.681062 0.743333 0.005569 0.004215
0 0.728148 0.743361 0.005569 0.004215
0 0.557277 0.627100 0.011902 0.004209
0 0.212276 0.656633 0.011793 0.004238
0 0.206805 0.715228 0.005624 0.004346
0 0.183678 0.822432 0.011773 0.004243
0 0.253988 0.708022 0.013222 0.004320
0 0.687607 0.672244 0.007131 0.004067
0 0.366370 0.783826 0.005591 0.004238
0 0.263279 0.775987 0.006675 0.004229
0 0.362503 0.709137 0.007113 0.004075
0 0.248638 0.662481 0.008414 0.004192
0 0.199887 0.772382 0.006923 0.004075
0 0.261594 0.829417 0.008414 0.004192
0 0.324234 0.712908 0.005716 0.004243
0 0.185945 0.694573 0.012116 0.004238
0 0.594070 0.644922 0.006770 0.004058
0 0.650567 0.629936 0.011858 0.004146
0 0.732316 0.696760 0.005676 0.004263
0 0.635802 0.657525 0.005660 0.004243
0 0.320833 0.195688 0.005628 0.004166
0 0.262763 0.201741 0.013292 0.004246
0 0.301956 0.153954 0.008459 0.004192
0 0.218030 0.302686 0.008372 0.004129
0 0.189462 0.302947 0.011848 0.004144
0 0.206225 0.249902 0.006833 0.003970
0 0.262672 0.262049 0.006649 0.004149
0 0.341982 0.265040 0.005535 0.004192
0 0.357590 0.193361 0.007040 0.004021
0 0.220546 0.147392 0.011735 0.004149
0 0.194170 0.169981 0.012063 0.004146
0 0.558638 0.127219 0.011751 0.004166
0 0.729580 0.243438 0.005567 0.004135
0 0.682474 0.243427 0.005529 0.004135
0 0.636909 0.238836 0.013294 0.004317
0 0.689050 0.172334 0.007014 0.004007
0 0.733763 0.196871 0.005636 0.004155
0 0.637224 0.157633 0.005636 0.004135
0 0.639998 0.130097 0.011944 0.004178
0 0.595450 0.145067 0.006810 0.004007
0 0.591727 0.237321 0.006637 0.004109
0 0.580019 0.308917 0.011749 0.004121
0 0.607595 0.302144 0.008449 0.004175
0 0.557316 0.169232 0.008346 0.004175
0 0.214268 0.193840 0.005626 0.004135
0 0.319236 0.783807 0.005585 0.004235
0 0.555891 0.707803 0.008614 0.004206
0 0.303596 0.429430 0.021678 0.008019
0 0.325901 0.429490 0.016093 0.007666
0 0.326776 0.437803 0.004671 0.004246
0 0.676190 0.429252 0.021680 0.007783
0 0.698370 0.429134 0.016176 0.008019
0 0.699745 0.437626 0.004753 0.003773
0 0.662677 0.929045 0.021614 0.007814
0 0.684770 0.929131 0.016089 0.007643
0 0.686371 0.937464 0.004804 0.004246
0 0.290178 0.928985 0.021513 0.008065
0 0.312142 0.929055 0.016409 0.007925
0 0.313261 0.937539 0.004793 0.003833