0 0.704526 0.777405 0.008908 0.003411
0 0.160273 0.680677 0.006800 0.003354
0 0.192112 0.652756 0.005412 0.003494
0 0.253537 0.698460 0.005515 0.003394
0 0.338191 0.710170 0.005525 0.003525
0 0.185752 0.775720 0.006297 0.003346
0 0.314984 0.790569 0.005535 0.003531
0 0.177856 0.718249 0.005400 0.003537
0 0.289876 0.725296 0.006498 0.003371
0 0.228172 0.646741 0.009623 0.003445
0 0.663449 0.756915 0.006317 0.003394
0 0.196273 0.272022 0.006297 0.003337
0 0.160663 0.139648 0.014181 0.003286
0 0.736462 0.777341 0.005521 0.003551
0 0.770758 0.777338 0.005428 0.003551
0 0.777817 0.705788 0.005390 0.003351
0 0.594394 0.675673 0.009629 0.003383
0 0.615079 0.689758 0.005374 0.003351
0 0.607385 0.756858 0.005493 0.003537
0 0.756949 0.706932 0.006508 0.003383
0 0.593433 0.799538 0.009510 0.003380
0 0.593444 0.804523 0.014493 0.003408
0 0.621194 0.805383 0.006800 0.003368
0 0.715007 0.697059 0.005404 0.003551
0 0.632468 0.662740 0.006790 0.003354
0 0.667918 0.687663 0.010657 0.003511
0 0.231724 0.703552 0.005511 0.003406
0 0.235747 0.790993 0.010723 0.003497
0 0.160668 0.639457 0.014183 0.003326
0 0.160882 0.634443 0.009520 0.003323
0 0.210791 0.833112 0.006800 0.003351
0 0.160827 0.134632 0.009520 0.003360
0 0.193938 0.312960 0.006800 0.003417
0 0.336876 0.199775 0.005523 0.003522
0 0.314926 0.279225 0.005396 0.003494
0 0.188001 0.216252 0.005396 0.003494
0 0.289080 0.226294 0.006498 0.003411
0 0.239418 0.300527 0.010615 0.003511
0 0.316119 0.326143 0.006879 0.003326
0 0.226253 0.221587 0.005386 0.003351
0 0.278164 0.281607 0.006758 0.003272
0 0.253538 0.198557 0.005493 0.003394
0 0.348293 0.239179 0.006798 0.003380
0 0.159082 0.225154 0.006800 0.003354
0 0.228182 0.146867 0.009625 0.003383
0 0.193412 0.149769 0.005402 0.003494
0 0.630094 0.199759 0.010697 0.003497
0 0.615480 0.159758 0.006780 0.003323
0 0.543085 0.260409 0.005372 0.003480
0 0.625282 0.258918 0.006256 0.003366
0 0.689908 0.203659 0.009641 0.003397
0 0.675577 0.252888 0.005501 0.003480
0 0.580519 0.260415 0.005374 0.003480
0 0.567316 0.200945 0.006488 0.003366
0 0.664998 0.205058 0.005337 0.003351
0 0.537549 0.202271 0.005337 0.003266
0 0.688924 0.298820 0.014624 0.003340
0 0.688854 0.293877 0.009462 0.003394
0 0.609040 0.296003 0.006804 0.003377