0 0.392303 0.395871 0.010558 0.008669
0 0.499683 0.672948 0.010145 0.009077
0 0.525202 0.565986 0.023937 0.009151
0 0.501339 0.378463 0.010177 0.008752
0 0.597355 0.565655 0.015666 0.009111
0 0.457058 0.786904 0.015644 0.009037
0 0.365495 0.672801 0.010135 0.008749
0 0.509882 0.484810 0.015610 0.009290
0 0.394836 0.494655 0.021193 0.009003
0 0.464431 0.251317 0.010276 0.008755
0 0.522168 0.251753 0.015603 0.008920
0 0.741412 0.892911 0.032581 0.014634
0 0.773615 0.893273 0.024751 0.013933
0 0.330238 0.546395 0.021777 0.008681
0 0.387605 0.562934 0.021630 0.009510
0 0.337705 0.784745 0.013367 0.005660
0 0.777759 0.911131 0.007931 0.007261