0 0.255088 0.140452 0.008414 0.004181
0 0.260906 0.302992 0.008396 0.004184
0 0.218635 0.147442 0.011817 0.004198
0 0.337621 0.265073 0.005567 0.004212
0 0.633006 0.204440 0.013246 0.004349
0 0.689736 0.202821 0.005654 0.004161
0 0.632983 0.264725 0.006675 0.004206
0 0.590813 0.150094 0.011898 0.004206
0 0.584584 0.196607 0.005654 0.004232
0 0.565472 0.179826 0.012122 0.004172
0 0.727814 0.196087 0.007068 0.004064
0 0.562248 0.148971 0.008408 0.004195
0 0.627475 0.142465 0.008539 0.004195
0 0.187534 0.302960 0.011916 0.004238
0 0.260017 0.805549 0.008408 0.004195
0 0.193303 0.177240 0.012027 0.004198
0 0.204326 0.249912 0.006891 0.004075
0 0.260763 0.262069 0.006667 0.004195
0 0.260825 0.201736 0.013329 0.004372
0 0.212354 0.193889 0.005684 0.004192
0 0.190049 0.146300 0.008485 0.004181
0 0.290075 0.429326 0.021543 0.007863
0 0.312348 0.429359 0.016407 0.007780
0 0.313362 0.437716 0.004439 0.003896
0 0.662655 0.429386 0.021332 0.007863
0 0.684960 0.429243 0.016468 0.007971
0 0.686217 0.437786 0.004806 0.003933
0 0.794625 0.660583 0.019692 0.006455
0 0.835750 0.767743 0.020292 0.006452
0 0.663065 0.929111 0.021596 0.007900
0 0.685458 0.929174 0.016446 0.007734
0 0.686324 0.937649 0.004503 0.003756
0 0.289754 0.929213 0.021680 0.007803
0 0.312063 0.929137 0.016309 0.007917
0 0.313318 0.937602 0.004536 0.003958
0 0.669764 0.681218 0.013250 0.004152
0 0.588412 0.687818 0.007040 0.003964
0 0.726641 0.269051 0.005573 0.004218
0 0.563139 0.763320 0.005545 0.004121
0 0.609853 0.763337 0.005545 0.004189
0 0.742147 0.667732 0.012007 0.004155
0 0.730933 0.744215 0.006839 0.004007
0 0.667749 0.755506 0.006641 0.004121
0 0.203432 0.752489 0.006784 0.004021
0 0.353601 0.768909 0.005573 0.004218
0 0.259967 0.704298 0.013244 0.004349
0 0.316696 0.702679 0.005654 0.004161
0 0.259943 0.764583 0.006675 0.004206
0 0.217773 0.649952 0.011898 0.004206
0 0.211543 0.696465 0.005654 0.004232
0 0.192432 0.679684 0.012122 0.004172
0 0.354773 0.695945 0.007068 0.004064
0 0.189207 0.648829 0.008408 0.004195
0 0.254435 0.642323 0.008539 0.004195
0 0.633058 0.305691 0.008408 0.004195
0 0.559728 0.305670 0.011840 0.004300
0 0.684761 0.269038 0.005573 0.004221
0 0.355659 0.193381 0.007074 0.004055
0 0.317594 0.200264 0.005698 0.004249
0 0.186687 0.805527 0.011840 0.004300
0 0.311721 0.768896 0.005573 0.004221
0 0.576472 0.252632 0.006782 0.004021
0 0.561792 0.715410 0.005628 0.004141
0 0.718680 0.690162 0.005630 0.004138
0 0.672978 0.622692 0.008447 0.004175
0 0.667660 0.808517 0.008444 0.004175
0 0.744483 0.625832 0.008447 0.004175
0 0.716026 0.625828 0.011745 0.004132
0 0.747413 0.801267 0.011872 0.004175