0 0.225571 0.768861 0.008797 0.003337
0 0.193065 0.768810 0.005404 0.003508
0 0.364391 0.655654 0.006051 0.003403
0 0.618699 0.798850 0.006768 0.003320
0 0.697848 0.796837 0.014632 0.003323
0 0.697787 0.791888 0.009500 0.003360
0 0.686846 0.749332 0.005495 0.003508
0 0.589768 0.761567 0.005388 0.003460
0 0.554519 0.761553 0.005384 0.003494
0 0.602666 0.709912 0.006883 0.003334
0 0.575571 0.710199 0.006468 0.003380
0 0.545861 0.702657 0.005344 0.003297
0 0.699144 0.702806 0.009571 0.003309
0 0.638688 0.700898 0.010570 0.003471
0 0.671382 0.707217 0.005472 0.003326
0 0.625523 0.661188 0.006746 0.003346
0 0.633905 0.749393 0.006307 0.003408
0 0.201111 0.706214 0.006466 0.003343
0 0.286747 0.806231 0.006772 0.003331
0 0.220549 0.683351 0.005382 0.003323
0 0.321769 0.709198 0.006992 0.003337
0 0.349371 0.701525 0.005481 0.003363
0 0.294680 0.695073 0.010621 0.003522
0 0.360065 0.755023 0.005402 0.003508
0 0.254669 0.769500 0.005505 0.003508
0 0.375864 0.807578 0.014521 0.003209
0 0.375769 0.802521 0.009510 0.003411
0 0.376229 0.686630 0.009597 0.003406
0 0.293572 0.658213 0.006798 0.003397
0 0.648553 0.431633 0.018993 0.007011
0 0.667969 0.431667 0.015059 0.007011
0 0.675819 0.439701 0.003308 0.002730
0 0.275598 0.431573 0.018991 0.007011
0 0.294986 0.431767 0.014340 0.007011
0 0.275919 0.931530 0.018991 0.007011
0 0.294753 0.931627 0.014604 0.007011
0 0.648547 0.931832 0.018993 0.007011
0 0.667619 0.931445 0.014671 0.007011
0 0.675605 0.939533 0.003171 0.002838
0 0.302719 0.939724 0.003169 0.002838
0 0.302773 0.439661 0.003171 0.002838
0 0.782202 0.796630 0.014632 0.003719
0 0.782167 0.791777 0.010117 0.003736
0 0.771379 0.751576 0.005495 0.003887
0 0.783228 0.707122 0.009571 0.003710
0 0.305770 0.763917 0.006329 0.003394
0 0.248326 0.701623 0.005472 0.003508
0 0.197950 0.668860 0.006772 0.003329
0 0.194734 0.218398 0.005362 0.003494
0 0.306779 0.225258 0.006498 0.003323
0 0.252589 0.290943 0.010627 0.003494
0 0.727351 0.186783 0.009581 0.003340
0 0.707052 0.200846 0.005364 0.003311
0 0.582441 0.269920 0.005362 0.003494
0 0.689873 0.164977 0.006718 0.003337
0 0.665658 0.187586 0.010256 0.003522
0 0.662604 0.259528 0.006276 0.003366
0 0.630070 0.186385 0.008888 0.003366
0 0.614515 0.269927 0.005493 0.003480
0 0.177055 0.180809 0.006800 0.003351
0 0.245041 0.146845 0.009591 0.003380
0 0.202616 0.275665 0.006297 0.003340
0 0.208978 0.152881 0.005364 0.003494
0 0.704346 0.297877 0.006798 0.003408
0 0.714650 0.250352 0.005493 0.003480
0 0.584494 0.206627 0.006478 0.003337
0 0.603073 0.178786 0.005472 0.003294
0 0.581062 0.157355 0.009494 0.003311
0 0.580996 0.162747 0.014542 0.003368
0 0.177552 0.139600 0.014181 0.003326
0 0.177592 0.134585 0.009522 0.003323
0 0.227093 0.332789 0.006800 0.003354
0 0.248566 0.203666 0.005374 0.003354
0 0.270421 0.198559 0.005513 0.003394
0 0.355025 0.208017 0.005364 0.003494
0 0.331830 0.290507 0.005396 0.003494