0 0.729778 0.293827 0.010566 0.005831
0 0.743136 0.388366 0.005358 0.004500
0 0.642005 0.611409 0.014765 0.005623
0 0.639113 0.465076 0.004671 0.004337
0 0.686868 0.437390 0.007256 0.004320
0 0.778872 0.610681 0.010542 0.005785
0 0.815890 0.531198 0.010554 0.005737
0 0.776388 0.550935 0.005422 0.004366
0 0.660023 0.550702 0.005402 0.004386
0 0.687286 0.484659 0.010075 0.004394
0 0.685591 0.388501 0.005658 0.004246
0 0.776572 0.465178 0.011173 0.004486
0 0.779915 0.360778 0.010699 0.005694
0 0.743004 0.331810 0.005432 0.004360
0 0.671938 0.618601 0.010494 0.005859
0 0.242600 0.340647 0.010492 0.005808
0 0.141574 0.577247 0.014826 0.005683
0 0.157052 0.508478 0.005412 0.004366
0 0.143248 0.441260 0.004679 0.004343
0 0.174683 0.405504 0.010115 0.004226
0 0.166229 0.360799 0.010451 0.006033
0 0.315397 0.571016 0.010588 0.005805
0 0.339077 0.523455 0.005412 0.004392
0 0.292656 0.523383 0.005392 0.004355
0 0.346487 0.473609 0.004733 0.004369
0 0.312308 0.448849 0.005833 0.004326
0 0.285323 0.387932 0.009587 0.004340
0 0.229504 0.405569 0.011110 0.004526
0 0.229485 0.508448 0.005350 0.004363
0 0.205748 0.576576 0.010596 0.005685
0 0.358369 0.401141 0.008912 0.004899
0 0.685614 0.327321 0.004671 0.004337
0 0.259836 0.770571 0.019377 0.009134
0 0.279914 0.770608 0.014783 0.009134
0 0.729561 0.770596 0.019375 0.009137
0 0.749618 0.770432 0.014767 0.008809