0 0.268590 0.437777 0.013504 0.004383
0 0.285914 0.535144 0.007915 0.004275
0 0.311279 0.412129 0.008523 0.004201
0 0.373932 0.580742 0.011975 0.004221
0 0.374710 0.587405 0.018285 0.004203
0 0.338577 0.583455 0.008523 0.004203
0 0.221675 0.550094 0.006929 0.004417
0 0.354414 0.523785 0.006804 0.004417
0 0.152983 0.462532 0.008142 0.004186
0 0.211452 0.445432 0.006889 0.004417
0 0.340683 0.453406 0.006899 0.004235
0 0.305932 0.463065 0.008801 0.004203
0 0.365258 0.419078 0.012051 0.004221
0 0.144082 0.549184 0.006802 0.004420
0 0.611608 0.484520 0.006754 0.004184
0 0.749709 0.474620 0.006804 0.004417
0 0.680026 0.556748 0.008837 0.004275
0 0.688202 0.474709 0.006929 0.004238
0 0.689639 0.398341 0.008793 0.004275
0 0.185066 0.549255 0.011028 0.004203
0 0.178491 0.430524 0.006778 0.004184
0 0.247869 0.742995 0.023705 0.009080
0 0.271695 0.743346 0.018287 0.009080
0 0.281775 0.753292 0.004131 0.003306
0 0.719092 0.743356 0.023705 0.009082
0 0.742966 0.743588 0.018360 0.009080
0 0.759040 0.753474 0.004064 0.003511
0 0.863993 0.474631 0.006804 0.004417