0 0.572395 0.804981 0.008582 0.004366
0 0.608145 0.605714 0.008549 0.004263
0 0.261120 0.122867 0.008366 0.004178
0 0.363049 0.283944 0.005569 0.004218
0 0.321424 0.213055 0.005664 0.004235
0 0.315847 0.283973 0.005569 0.004218
0 0.196528 0.272526 0.006774 0.004050
0 0.182753 0.178941 0.011979 0.004192
0 0.180295 0.322568 0.011930 0.004218
0 0.208719 0.164048 0.011880 0.004209
0 0.676525 0.429366 0.022287 0.008182
0 0.698939 0.429346 0.016669 0.008182
0 0.303279 0.429412 0.022287 0.008182
0 0.325606 0.429326 0.018019 0.008182
0 0.288270 0.944877 0.022287 0.008182
0 0.310902 0.944620 0.016802 0.008179
0 0.674888 0.944530 0.022289 0.008182
0 0.697105 0.944407 0.017477 0.008182
0 0.699676 0.437826 0.004800 0.003802
0 0.326491 0.437840 0.004798 0.003802
0 0.835775 0.267991 0.020613 0.006224
0 0.794711 0.161056 0.020613 0.006221
0 0.296203 0.657481 0.005644 0.004178
0 0.225300 0.813817 0.006849 0.004260
0 0.250835 0.648977 0.013308 0.004406
0 0.318268 0.619481 0.008565 0.004298
0 0.210417 0.683289 0.006919 0.004155
0 0.693614 0.734967 0.006929 0.004275
0 0.653084 0.792506 0.012063 0.004295
0 0.605261 0.757854 0.008870 0.004320
0 0.597718 0.683290 0.006732 0.004295
0 0.573794 0.843088 0.011775 0.004295
0 0.609866 0.264030 0.005543 0.004144
0 0.667753 0.256223 0.006629 0.004141
0 0.730935 0.244950 0.006855 0.003990
0 0.669775 0.182119 0.013268 0.004312
0 0.259960 0.276130 0.006637 0.004184
0 0.747404 0.302096 0.011854 0.004175
0 0.719302 0.303524 0.008444 0.004135
0 0.627839 0.140316 0.008336 0.004132
0 0.718679 0.190885 0.005612 0.004135
0 0.559396 0.218859 0.005614 0.004135
0 0.587056 0.188672 0.006939 0.003990
0 0.716024 0.128223 0.011753 0.004175
0 0.563161 0.264044 0.005545 0.004144
0 0.258603 0.213985 0.013421 0.004317
0 0.204107 0.215606 0.005664 0.004184
0 0.358467 0.209295 0.007088 0.004095
0 0.744558 0.164592 0.011956 0.004146
0 0.206978 0.322629 0.008442 0.004221
0 0.334087 0.656921 0.005644 0.004175
0 0.186094 0.762548 0.008549 0.004229
0 0.218073 0.757858 0.008860 0.004289
0 0.167108 0.692642 0.008577 0.004263
0 0.220958 0.605715 0.008521 0.004243
0 0.187146 0.605007 0.011870 0.004258
0 0.186555 0.843093 0.011823 0.004278
0 0.265890 0.792509 0.012061 0.004232
0 0.264495 0.824759 0.005654 0.004303
0 0.271963 0.734563 0.005747 0.004246
0 0.306367 0.734986 0.007060 0.004249
0 0.612557 0.813814 0.006960 0.004260
0 0.721381 0.656929 0.005636 0.004146
0 0.683509 0.657479 0.005636 0.004146
0 0.638049 0.648974 0.013409 0.004429
0 0.574450 0.604997 0.011854 0.004283
0 0.651795 0.824651 0.005638 0.004560
0 0.659233 0.734369 0.005612 0.004674