0 0.739233 0.595754 0.006853 0.004611
0 0.353645 0.428225 0.012025 0.004275
0 0.188274 0.581220 0.005624 0.004383
0 0.849498 0.453817 0.011977 0.004363
0 0.819126 0.577313 0.005678 0.004622
0 0.816692 0.505576 0.005896 0.004426
0 0.807639 0.442742 0.009003 0.004657
0 0.601074 0.505513 0.005968 0.004409
0 0.612064 0.595680 0.005990 0.004890
0 0.669494 0.595769 0.005803 0.004927
0 0.637425 0.495985 0.005992 0.004400
0 0.677083 0.509553 0.009093 0.004474
0 0.336087 0.563598 0.005924 0.004540
0 0.167268 0.323725 0.007435 0.003904
0 0.319218 0.632482 0.008858 0.004548
0 0.254810 0.463083 0.013653 0.004583
0 0.316140 0.428229 0.012410 0.004642
0 0.257944 0.581144 0.006921 0.004466
0 0.318341 0.494045 0.005873 0.004614
0 0.814911 0.646889 0.009351 0.004865
0 0.747929 0.477750 0.013810 0.004859
0 0.637196 0.350209 0.007292 0.003668
0 0.718988 0.754753 0.027356 0.009644
0 0.747084 0.754541 0.021116 0.009236
0 0.764042 0.763812 0.006004 0.004289
0 0.424617 0.632572 0.012079 0.004460
0 0.416422 0.563621 0.005924 0.004540
0 0.422117 0.428210 0.012184 0.004394
0 0.947370 0.261130 0.006184 0.004882
0 0.991572 0.266897 0.006186 0.004879
0 0.973790 0.255983 0.009140 0.004705
0 0.964737 0.270178 0.009140 0.004705
0 0.156196 0.481465 0.006045 0.004651
0 0.196081 0.480606 0.009128 0.004528
0 0.205239 0.429367 0.008866 0.004588
0 0.354055 0.632467 0.012079 0.004460
0 0.115098 0.413004 0.007443 0.003745
0 0.119824 0.491027 0.005676 0.004454
0 0.130730 0.581032 0.005890 0.004753
0 0.854950 0.646969 0.012100 0.004853
0 0.599166 0.347562 0.007471 0.003668
0 0.248844 0.747985 0.027356 0.009644
0 0.277151 0.748075 0.021116 0.009236
0 0.294358 0.757388 0.006004 0.004289