0 0.726597 0.400523 0.015089 0.007238
0 0.829900 0.370121 0.009837 0.007238
0 0.651861 0.478508 0.009837 0.007238
0 0.690306 0.441100 0.012140 0.007144
0 0.831233 0.328097 0.020794 0.007295
0 0.725240 0.365529 0.018476 0.007397
0 0.767537 0.343954 0.022922 0.007189
0 0.770655 0.596797 0.014885 0.007215
0 0.848083 0.498801 0.014885 0.007215
0 0.795988 0.549411 0.009601 0.007255
0 0.830201 0.451290 0.009603 0.007255
0 0.661504 0.523972 0.009603 0.007255
0 0.737831 0.653639 0.015185 0.007323
0 0.179270 0.553106 0.013398 0.007215
0 0.184280 0.517587 0.014859 0.007335
0 0.299642 0.550620 0.014859 0.007335
0 0.267549 0.495218 0.011588 0.007335
0 0.267970 0.605589 0.015306 0.007323
0 0.276888 0.802962 0.032801 0.011773
0 0.310576 0.802962 0.024998 0.011830
0 0.643333 0.601551 0.013519 0.007452
0 0.650274 0.564360 0.014885 0.007215
0 0.733328 0.537214 0.011522 0.007261
0 0.344589 0.365194 0.020943 0.007343
0 0.335325 0.422439 0.009873 0.007335
0 0.187893 0.432256 0.009873 0.007335
0 0.216426 0.396997 0.012255 0.007215
0 0.273325 0.367443 0.023192 0.007412
0 0.198249 0.479065 0.009754 0.007212
0 0.336366 0.494914 0.009754 0.007212