0 0.776658 0.496389 0.006796 0.004594
0 0.732046 0.506139 0.007062 0.005078
0 0.732006 0.430249 0.006575 0.004768
0 0.679405 0.350653 0.006555 0.004970
0 0.736441 0.596473 0.006796 0.005577
0 0.813104 0.648042 0.020139 0.005164
0 0.324096 0.482347 0.006593 0.004870
0 0.331109 0.543333 0.010371 0.004716
0 0.190102 0.470457 0.006623 0.004711
0 0.155871 0.499617 0.006754 0.004517
0 0.217295 0.475085 0.009891 0.004979
0 0.164843 0.548638 0.006687 0.004788
0 0.228044 0.540673 0.007036 0.004873
0 0.337375 0.418616 0.013439 0.004979
0 0.810301 0.493880 0.013897 0.005019
0 0.254087 0.376986 0.009754 0.004540
0 0.286511 0.548665 0.006333 0.005030
0 0.285945 0.603635 0.010028 0.004716
0 0.213317 0.603963 0.009913 0.004716
0 0.255096 0.436958 0.016256 0.004984
0 0.305706 0.421328 0.006714 0.004657
0 0.337004 0.374429 0.020185 0.004611
0 0.655416 0.433736 0.006609 0.005164
0 0.659985 0.510621 0.016206 0.005386
0 0.614331 0.577397 0.010322 0.005115
0 0.670760 0.608320 0.006661 0.005304
0 0.774350 0.645010 0.010199 0.004600
0 0.795014 0.581837 0.006639 0.005207
0 0.253951 0.742972 0.017143 0.007757
0 0.230695 0.742915 0.022551 0.007757
0 0.918340 0.734145 0.022551 0.007754
0 0.941185 0.733824 0.017143 0.007757
0 0.945960 0.743274 0.004393 0.003847
0 0.258114 0.752183 0.004199 0.003528