0 0.551064 0.618954 0.012808 0.007178
0 0.451484 0.386306 0.021838 0.009458
0 0.463942 0.508592 0.010839 0.007617
0 0.486506 0.803451 0.026908 0.014712
0 0.450952 0.803255 0.035696 0.014122
0 0.345759 0.468702 0.011066 0.007186
0 0.385019 0.415084 0.017460 0.007186
0 0.574466 0.403462 0.017462 0.007186
0 0.572225 0.465463 0.017371 0.007386
0 0.371881 0.548562 0.010845 0.007038
0 0.524281 0.417514 0.010699 0.007332
0 0.552974 0.537751 0.010560 0.007258
0 0.586991 0.633642 0.013280 0.005408
0 0.346239 0.422982 0.012985 0.007286