0 0.751324 0.811787 0.005384 0.003363
0 0.785274 0.888639 0.009653 0.003326
0 0.637644 0.667184 0.009545 0.003363
0 0.567844 0.746821 0.005545 0.003280
0 0.569374 0.821667 0.005329 0.003403
0 0.796120 0.797164 0.006962 0.003414
0 0.719195 0.319917 0.005543 0.003528
0 0.610871 0.201850 0.006861 0.003283
0 0.567867 0.164464 0.009408 0.003411
0 0.658628 0.254343 0.008845 0.003283
0 0.545908 0.284761 0.005372 0.003343
0 0.682688 0.279182 0.005303 0.003152
0 0.309199 0.258384 0.005261 0.003317
0 0.683420 0.862784 0.006849 0.003311
0 0.289606 0.232770 0.008727 0.003363
0 0.232653 0.168624 0.006877 0.003283
0 0.242730 0.225244 0.010615 0.003283
0 0.239755 0.290272 0.005700 0.003474
0 0.239034 0.341925 0.006982 0.003571
0 0.158263 0.263733 0.009623 0.003460
0 0.177327 0.263759 0.005321 0.003283
0 0.189310 0.143545 0.009581 0.003101
0 0.161787 0.206882 0.009623 0.003403
0 0.135302 0.181650 0.007131 0.003465
0 0.372409 0.164664 0.008021 0.003520
0 0.347017 0.226529 0.005732 0.003294
0 0.345115 0.301327 0.005358 0.003445
0 0.297947 0.301357 0.005460 0.003465
0 0.174716 0.290296 0.005495 0.003363
0 0.509141 0.391632 0.009653 0.003149
0 0.606832 0.355432 0.006949 0.003403
0 0.526094 0.284771 0.009569 0.003391
0 0.607506 0.311384 0.005569 0.003309
0 0.275438 0.722277 0.005287 0.003465
0 0.650674 0.754219 0.008690 0.003309
0 0.696614 0.757630 0.010600 0.003320
0 0.759139 0.778594 0.005337 0.003354
0 0.398578 0.091074 0.005664 0.002861
0 0.696594 0.082830 0.005664 0.002861
0 0.580706 0.615878 0.005704 0.003069
0 0.404488 0.636233 0.005664 0.002861
0 0.605827 0.785130 0.005674 0.003636
0 0.255727 0.442525 0.024568 0.008795
0 0.281197 0.442561 0.019150 0.008296
0 0.800515 0.442512 0.024568 0.008792
0 0.826022 0.442572 0.018841 0.008444
0 0.800475 0.942414 0.024568 0.008361
0 0.826041 0.942449 0.019045 0.008290
0 0.285255 0.942237 0.024654 0.008373
0 0.310887 0.942431 0.018847 0.008213
0 0.555614 0.665271 0.008140 0.003371
0 0.144280 0.370601 0.009543 0.003682
0 0.379405 0.685539 0.008356 0.003588
0 0.723246 0.246979 0.005674 0.003351
0 0.728384 0.181117 0.008168 0.003500
0 0.613848 0.255895 0.010582 0.003326
0 0.663754 0.319917 0.005360 0.003528
0 0.288849 0.196988 0.006859 0.003283
0 0.624962 0.821654 0.005664 0.003371
0 0.683893 0.815725 0.005372 0.003254
0 0.682056 0.707135 0.006962 0.003240
0 0.161641 0.632740 0.009887 0.003548
0 0.173762 0.797905 0.005388 0.003317
0 0.167567 0.763578 0.005237 0.003360
0 0.288290 0.803310 0.005607 0.003622
0 0.343355 0.803359 0.005311 0.003428
0 0.142142 0.736661 0.007084 0.003160
0 0.218379 0.666623 0.006841 0.003368
0 0.303020 0.761758 0.005481 0.003215
0 0.345760 0.722115 0.005616 0.003465
0 0.308209 0.641191 0.009619 0.003209
0 0.226841 0.724159 0.010522 0.003326
0 0.230101 0.798008 0.005605 0.003306
0 0.227384 0.841751 0.006885 0.003428
0 0.528751 0.223260 0.009567 0.003425
0 0.541574 0.311804 0.005533 0.003414