0 0.594137 0.355060 0.014922 0.006831
0 0.617057 0.291342 0.014888 0.006828
0 0.849105 0.457368 0.019863 0.006837
0 0.743240 0.472437 0.014729 0.006857
0 0.866189 0.426441 0.019934 0.006794
0 0.638342 0.355011 0.009148 0.006831
0 0.691033 0.464467 0.009210 0.006837
0 0.769729 0.464319 0.010036 0.006421
0 0.769600 0.542011 0.015013 0.006831
0 0.655202 0.291338 0.009119 0.006785
0 0.709982 0.525587 0.023192 0.006780
0 0.297168 0.707623 0.028976 0.009729
0 0.328993 0.707381 0.022305 0.009632
0 0.322496 0.718975 0.006947 0.005503
0 0.766920 0.707391 0.029069 0.009829
0 0.798479 0.707555 0.022237 0.009501
0 0.790228 0.719062 0.006891 0.005489
0 0.890627 0.451936 0.020177 0.006432
0 0.849265 0.472522 0.020218 0.006623
0 0.876357 0.525620 0.009780 0.006412
0 0.638213 0.525603 0.009398 0.006828
0 0.821800 0.542028 0.009226 0.006882
0 0.638169 0.436090 0.015013 0.006828
0 0.958236 0.452694 0.014868 0.006831
0 0.236606 0.467626 0.009226 0.006720
0 0.278348 0.467447 0.009905 0.006349
0 0.330860 0.476730 0.019565 0.006620
0 0.319949 0.539087 0.023190 0.006780
0 0.407284 0.564007 0.014902 0.006828
0 0.406459 0.474084 0.009400 0.006828
0 0.322897 0.338961 0.020177 0.006432
0 0.323816 0.363260 0.020218 0.006623
0 0.375479 0.365540 0.009780 0.006412
0 0.421827 0.336743 0.019934 0.006794
0 0.421747 0.385879 0.014068 0.006737
0 0.231052 0.563981 0.009095 0.006771
0 0.176143 0.532622 0.009095 0.006737