0 0.607522 0.592243 0.008878 0.004035
0 0.349424 0.627200 0.009192 0.004249
0 0.712480 0.422093 0.015716 0.006301
0 0.442023 0.745522 0.021253 0.009840
0 0.737427 0.753176 0.021253 0.009840
0 0.758757 0.753116 0.015994 0.009356
0 0.462977 0.745362 0.015992 0.009356
0 0.465613 0.756788 0.005466 0.004862
0 0.761110 0.764383 0.005468 0.004862
0 0.644648 0.437833 0.014020 0.006016
0 0.609498 0.415620 0.014322 0.005814
0 0.777097 0.452875 0.010409 0.006361
0 0.783357 0.547207 0.006770 0.006127
0 0.841638 0.547083 0.006871 0.006164
0 0.697672 0.372418 0.010536 0.005885
0 0.625727 0.521858 0.006683 0.006042
0 0.709862 0.541805 0.006748 0.006324
0 0.718085 0.595107 0.010258 0.006059
0 0.818409 0.451535 0.007078 0.006005
0 0.856592 0.477092 0.014050 0.006221
0 0.148686 0.361653 0.011981 0.005569
0 0.205329 0.598118 0.006710 0.005982
0 0.259918 0.667170 0.010810 0.006213
0 0.348276 0.544088 0.010274 0.005987
0 0.286888 0.448588 0.006881 0.005930
0 0.295728 0.521644 0.015716 0.006298
0 0.282948 0.598235 0.006798 0.006101
0 0.193891 0.520846 0.014354 0.005956
0 0.217580 0.520923 0.014205 0.006087
0 0.222057 0.442320 0.007225 0.005985
0 0.324621 0.417501 0.010600 0.006264
0 0.286955 0.370205 0.006794 0.005956
0 0.245658 0.357059 0.014064 0.005831