0 0.592964 0.188011 0.006980 0.004075
0 0.588647 0.068753 0.011789 0.004192
0 0.646643 0.370597 0.008459 0.004141
0 0.636691 0.250939 0.013321 0.004346
0 0.635300 0.065611 0.008461 0.004144
0 0.567315 0.231248 0.012079 0.004172
0 0.317594 0.200264 0.005698 0.004249
0 0.193303 0.177240 0.012027 0.004198
0 0.355659 0.193381 0.007074 0.004055
0 0.204326 0.249912 0.006891 0.004075
0 0.260763 0.262069 0.006667 0.004195
0 0.260825 0.201736 0.013329 0.004372
0 0.212354 0.193889 0.005684 0.004192
0 0.190049 0.146300 0.008485 0.004181
0 0.255088 0.140452 0.008414 0.004181
0 0.260906 0.302992 0.008396 0.004184
0 0.187534 0.302960 0.011916 0.004238
0 0.211543 0.696465 0.005654 0.004232
0 0.192432 0.679684 0.012122 0.004172
0 0.354773 0.695945 0.007068 0.004064
0 0.189207 0.648829 0.008408 0.004195
0 0.254435 0.642323 0.008539 0.004195
0 0.572981 0.312001 0.006768 0.004098
0 0.260017 0.805549 0.008408 0.004195
0 0.186687 0.805527 0.011840 0.004300
0 0.311721 0.768896 0.005573 0.004221
0 0.594070 0.644922 0.006770 0.004058
0 0.650567 0.629936 0.011858 0.004146
0 0.635802 0.657525 0.005660 0.004243
0 0.732316 0.696760 0.005676 0.004263
0 0.557277 0.627100 0.011902 0.004209
0 0.687607 0.672244 0.007131 0.004067
0 0.555891 0.707803 0.008614 0.004206
0 0.635025 0.814498 0.008507 0.004209
0 0.590414 0.737204 0.006663 0.004166
0 0.565657 0.365637 0.011801 0.004172
0 0.578665 0.808857 0.011850 0.004172
0 0.635583 0.746785 0.013367 0.004332
0 0.681062 0.743333 0.005569 0.004215
0 0.728148 0.743361 0.005569 0.004215
0 0.203432 0.752489 0.006784 0.004021
0 0.353601 0.768909 0.005573 0.004218
0 0.259967 0.704298 0.013244 0.004349
0 0.316696 0.702679 0.005654 0.004161
0 0.259943 0.764583 0.006675 0.004206
0 0.217773 0.649952 0.011898 0.004206
0 0.289998 0.429185 0.021890 0.008270
0 0.312480 0.429372 0.016506 0.008284
0 0.313412 0.437894 0.004810 0.003665
0 0.763411 0.429097 0.021890 0.008270
0 0.785501 0.429474 0.016708 0.008273
0 0.786885 0.437880 0.004630 0.003579
0 0.662670 0.929310 0.021890 0.008270
0 0.685008 0.929248 0.016282 0.008270
0 0.686279 0.937694 0.004511 0.004178
0 0.289784 0.929211 0.021842 0.008270
0 0.312036 0.928991 0.016669 0.008270
0 0.313332 0.937660 0.004769 0.003505
0 0.218635 0.147442 0.011817 0.004198
0 0.337621 0.265073 0.005567 0.004212
0 0.637102 0.322150 0.006679 0.004192
0 0.589918 0.250675 0.005736 0.004206
0 0.597948 0.130224 0.005664 0.004203
0 0.646994 0.155949 0.005610 0.004158
0 0.646996 0.098710 0.005610 0.004158