0 0.456429 0.467135 0.010721 0.005998
0 0.454701 0.517674 0.006621 0.005895
0 0.454608 0.483674 0.006992 0.005502
0 0.456346 0.508865 0.010560 0.005445
0 0.454724 0.525470 0.007038 0.006026
0 0.956409 0.458694 0.010929 0.005570
0 0.954761 0.450040 0.006992 0.006026
0 0.964538 0.525877 0.007362 0.006029
0 0.954789 0.525939 0.007225 0.005761
0 0.954258 0.517623 0.006992 0.005633
0 0.957961 0.500556 0.014125 0.005570
0 0.954465 0.492367 0.007225 0.005961
0 0.954465 0.483851 0.006855 0.005439
0 0.464517 0.525503 0.006992 0.005830
0 0.456460 0.533954 0.010417 0.005701
0 0.456483 0.542308 0.010649 0.005636
0 0.959538 0.690723 0.016851 0.007779
0 0.934039 0.690795 0.011229 0.008033
0 0.956374 0.541977 0.010766 0.005698
0 0.956245 0.533864 0.010500 0.005647
0 0.955997 0.508977 0.010512 0.005764
0 0.956336 0.467057 0.010721 0.005909
0 0.954258 0.475214 0.006778 0.005673
0 0.434068 0.690810 0.011292 0.007777
0 0.459576 0.690758 0.017177 0.007822
0 0.456459 0.458613 0.010717 0.005408
0 0.454431 0.475157 0.007121 0.005775
0 0.454640 0.450408 0.007201 0.005998
0 0.457983 0.500536 0.013996 0.005599
0 0.454666 0.492396 0.007413 0.005915