0 0.469398 0.523109 0.011746 0.007762
0 0.508804 0.406525 0.015080 0.008512
0 0.346701 0.325138 0.005803 0.007443
0 0.599483 0.589008 0.030810 0.008763
0 0.719721 0.677769 0.017990 0.008914
0 0.657573 0.713237 0.011687 0.008013
0 0.218211 0.910151 0.032842 0.017018
0 0.173805 0.910137 0.043856 0.016442
0 0.396772 0.537048 0.024670 0.008429
0 0.392392 0.620058 0.024493 0.009182
0 0.399831 0.721867 0.015787 0.008347
0 0.724498 0.750319 0.024493 0.008347
0 0.585123 0.450466 0.011685 0.008013
0 0.554513 0.654175 0.015150 0.008834
0 0.372501 0.416792 0.011621 0.008663
0 0.298199 0.416943 0.011621 0.008663
0 0.368099 0.429704 0.013046 0.009293
0 0.293469 0.429544 0.013046 0.009293
0 0.320639 0.429701 0.031086 0.009293
0 0.394666 0.429544 0.031086 0.009293
0 0.385537 0.439347 0.019210 0.008991
0 0.311838 0.439344 0.019210 0.008991
0 0.569322 0.190922 0.015136 0.008230
0 0.637733 0.247302 0.012080 0.009267
0 0.831166 0.064716 0.019022 0.007340