0 0.228172 0.646741 0.009623 0.003445
0 0.621366 0.201765 0.005472 0.003508
0 0.630070 0.686243 0.008888 0.003366
0 0.580949 0.662478 0.014729 0.003913
0 0.603122 0.678541 0.005765 0.003705
0 0.581115 0.657203 0.009762 0.003748
0 0.192224 0.652663 0.005597 0.003822
0 0.253599 0.698267 0.005678 0.003693
0 0.338246 0.710088 0.005837 0.003762
0 0.185771 0.775567 0.006698 0.003839
0 0.315165 0.790540 0.006019 0.003873
0 0.177967 0.718186 0.005662 0.003753
0 0.289918 0.725214 0.006744 0.003719
0 0.235835 0.790804 0.011062 0.003802
0 0.160870 0.639373 0.014548 0.003671
0 0.160934 0.634345 0.009706 0.003696
0 0.210919 0.832903 0.007097 0.003730
0 0.231822 0.703376 0.005708 0.003850
0 0.160443 0.680608 0.007181 0.003901
0 0.704332 0.797616 0.007213 0.003913
0 0.714606 0.750068 0.005605 0.003710
0 0.727339 0.686543 0.009799 0.003602
0 0.570973 0.168893 0.007076 0.003451
0 0.678695 0.263940 0.006542 0.003896
0 0.666566 0.158266 0.007308 0.003844
0 0.749125 0.186707 0.009871 0.003730
0 0.748694 0.302474 0.009603 0.003716
0 0.748748 0.307489 0.014654 0.003602
0 0.707061 0.700522 0.005543 0.003631
0 0.689812 0.664849 0.007078 0.003844
0 0.665687 0.687347 0.010476 0.003648
0 0.662566 0.759231 0.006603 0.003682
0 0.614549 0.769745 0.005761 0.003856
0 0.582435 0.769681 0.005632 0.003699
0 0.584533 0.706398 0.006675 0.003619
0 0.627641 0.269553 0.005730 0.003728
0 0.733024 0.255061 0.005561 0.003699
0 0.667585 0.195074 0.010790 0.003924
0 0.722318 0.201461 0.005616 0.003577
0 0.694821 0.209208 0.007377 0.003528
0 0.593646 0.183407 0.005656 0.003776
0 0.574146 0.206275 0.006736 0.003579
0 0.659724 0.306215 0.007330 0.003642
0 0.159213 0.225175 0.007062 0.003739
0 0.228182 0.146750 0.009625 0.003616
0 0.193441 0.149769 0.005460 0.003494
0 0.196351 0.271911 0.006613 0.003685
0 0.160846 0.139488 0.014596 0.003668
0 0.161047 0.134538 0.009762 0.003594
0 0.194100 0.312779 0.007125 0.003853
0 0.336894 0.199705 0.005761 0.003611
0 0.315050 0.279007 0.005603 0.003856
0 0.188138 0.216230 0.005630 0.003904
0 0.289138 0.226144 0.006613 0.003568
0 0.239432 0.300326 0.010881 0.003736
0 0.316122 0.326062 0.007167 0.003847
0 0.226338 0.221398 0.005636 0.003656
0 0.278245 0.281508 0.007121 0.003813
0 0.253655 0.198387 0.005767 0.003682
0 0.348349 0.239121 0.007151 0.003662
0 0.737754 0.155645 0.007143 0.003671
0 0.566086 0.268809 0.005487 0.003790
0 0.598546 0.268806 0.008872 0.003625
0 0.648651 0.931606 0.018596 0.007236
0 0.667937 0.931575 0.014560 0.007127
0 0.675786 0.939698 0.003254 0.002736
0 0.275669 0.931640 0.018958 0.007236
0 0.275602 0.431443 0.018958 0.007236
0 0.648654 0.431711 0.018960 0.007236
0 0.294826 0.931751 0.014560 0.007127
0 0.294838 0.431626 0.014560 0.007127
0 0.667866 0.431532 0.014560 0.007127
0 0.302813 0.939906 0.003252 0.002736
0 0.302813 0.439792 0.003252 0.002736
0 0.675794 0.439866 0.003254 0.002736