0 0.262761 0.657525 0.005660 0.004243
0 0.359277 0.696760 0.005674 0.004263
0 0.314568 0.672244 0.007133 0.004067
0 0.182850 0.707803 0.008614 0.004206
0 0.261985 0.814498 0.008507 0.004209
0 0.217374 0.737204 0.006663 0.004166
0 0.205625 0.808857 0.011850 0.004172
0 0.262543 0.746785 0.013367 0.004332
0 0.308021 0.743333 0.005569 0.004215
0 0.747413 0.801267 0.011872 0.004175
0 0.730933 0.744215 0.006839 0.004007
0 0.609853 0.763337 0.005545 0.004189
0 0.667749 0.755506 0.006641 0.004121
0 0.563139 0.763320 0.005545 0.004121
0 0.588412 0.687818 0.007040 0.003964
0 0.669764 0.681218 0.013250 0.004152
0 0.716026 0.625828 0.011745 0.004132
0 0.744483 0.625832 0.008447 0.004175
0 0.672978 0.622692 0.008447 0.004175
0 0.718680 0.690162 0.005630 0.004138
0 0.561792 0.715410 0.005628 0.004141
0 0.355108 0.743361 0.005569 0.004215
0 0.221031 0.644922 0.006768 0.004058
0 0.184237 0.627100 0.011900 0.004209
0 0.689050 0.172334 0.007014 0.004007
0 0.318514 0.202821 0.005640 0.004218
0 0.219605 0.150113 0.011832 0.004209
0 0.301018 0.156679 0.008515 0.004192
0 0.217100 0.305378 0.008404 0.004195
0 0.261862 0.204478 0.013331 0.004346
0 0.557316 0.169232 0.008346 0.004175
0 0.607595 0.302144 0.008449 0.004175
0 0.580019 0.308917 0.011749 0.004121
0 0.591727 0.237321 0.006637 0.004109
0 0.595450 0.145067 0.006810 0.004007
0 0.639998 0.130097 0.011944 0.004178
0 0.213342 0.196577 0.005640 0.004178
0 0.636909 0.238836 0.013294 0.004317
0 0.682474 0.243427 0.005529 0.004135
0 0.729580 0.243438 0.005567 0.004135
0 0.558638 0.127219 0.011751 0.004166
0 0.205318 0.252629 0.006881 0.004095
0 0.188546 0.305648 0.011930 0.004320
0 0.261745 0.264761 0.006690 0.004203
0 0.193344 0.177952 0.012116 0.004238
0 0.733763 0.196871 0.005636 0.004155
0 0.637224 0.157633 0.005636 0.004135
0 0.314635 0.275712 0.005603 0.004272
0 0.356563 0.275704 0.005561 0.004272
0 0.356646 0.196083 0.007099 0.004124
0 0.277527 0.629936 0.011858 0.004146
0 0.742101 0.667505 0.012007 0.004346
0 0.667602 0.808341 0.008700 0.004349
0 0.794771 0.660624 0.020250 0.005797
0 0.835815 0.767787 0.020250 0.005794
0 0.303177 0.429253 0.021775 0.008293
0 0.325441 0.429333 0.016698 0.008293
0 0.326614 0.437824 0.004519 0.003577
0 0.676136 0.429296 0.021775 0.008293
0 0.698335 0.429268 0.016750 0.008293
0 0.699586 0.437894 0.004737 0.003722
0 0.663070 0.929350 0.021775 0.008293
0 0.685361 0.929128 0.016706 0.008293
0 0.686212 0.937683 0.004646 0.003802
0 0.289812 0.929225 0.021775 0.008293
0 0.312091 0.929279 0.016720 0.008293
0 0.313286 0.937640 0.004578 0.003602