0 0.314991 0.712207 0.008471 0.004198
0 0.226707 0.866207 0.008517 0.004195
0 0.226839 0.634266 0.005674 0.004218
0 0.608145 0.605714 0.008549 0.004263
0 0.638049 0.648974 0.013409 0.004429
0 0.721381 0.656929 0.005636 0.004146
0 0.693614 0.734967 0.006929 0.004275
0 0.651795 0.824772 0.005638 0.004317
0 0.572395 0.804981 0.008582 0.004366
0 0.573794 0.843088 0.011775 0.004295
0 0.597718 0.683290 0.006732 0.004295
0 0.605261 0.757854 0.008870 0.004320
0 0.653084 0.792506 0.012063 0.004295
0 0.683509 0.657479 0.005636 0.004146
0 0.612557 0.813814 0.006960 0.004260
0 0.659233 0.734548 0.005612 0.004315
0 0.574450 0.604997 0.011854 0.004283
0 0.196490 0.868025 0.011888 0.004246
0 0.207076 0.816127 0.006798 0.004041
0 0.288570 0.833785 0.006696 0.004189
0 0.285894 0.754895 0.013298 0.004420
0 0.220987 0.749836 0.005674 0.004226
0 0.199342 0.731074 0.012063 0.004246
0 0.226210 0.687273 0.007101 0.004109
0 0.279610 0.593431 0.005595 0.004246
0 0.220416 0.568433 0.011809 0.004201
0 0.275376 0.660093 0.005569 0.004243
0 0.234555 0.302144 0.008449 0.004175
0 0.206979 0.308917 0.011749 0.004121
0 0.218686 0.237321 0.006637 0.004109
0 0.222411 0.145067 0.006812 0.004007
0 0.266957 0.130097 0.011944 0.004178
0 0.264184 0.157633 0.005636 0.004135
0 0.360722 0.196871 0.005636 0.004155
0 0.316009 0.172334 0.007014 0.004007
0 0.263870 0.238836 0.013292 0.004317
0 0.309434 0.243427 0.005529 0.004135
0 0.356539 0.243438 0.005567 0.004135
0 0.612557 0.313957 0.006960 0.004260
0 0.683509 0.157622 0.005636 0.004146
0 0.721381 0.157072 0.005636 0.004146
0 0.638049 0.149117 0.013409 0.004429
0 0.608145 0.105856 0.008549 0.004263
0 0.574450 0.105140 0.011854 0.004283
0 0.659233 0.234691 0.005612 0.004315
0 0.693614 0.235110 0.006929 0.004275
0 0.653084 0.292649 0.012063 0.004295
0 0.605261 0.257997 0.008870 0.004320
0 0.597718 0.183433 0.006732 0.004295
0 0.573794 0.343230 0.011775 0.004295
0 0.572395 0.305124 0.008582 0.004366
0 0.651795 0.324915 0.005638 0.004317
0 0.185597 0.127219 0.011751 0.004166
0 0.184277 0.169232 0.008348 0.004175
0 0.326684 0.437861 0.005567 0.004135
0 0.427204 0.937685 0.005567 0.004135
0 0.426281 0.929082 0.016992 0.008464
0 0.325410 0.429421 0.016990 0.008464
0 0.697285 0.444836 0.016992 0.008464
0 0.697263 0.944551 0.016992 0.008464
0 0.675059 0.944768 0.022357 0.008464
0 0.403707 0.929222 0.022357 0.008464
0 0.303187 0.429231 0.022355 0.008464
0 0.675017 0.445053 0.022357 0.008464