0 0.226913 0.520157 0.006449 0.004561
0 0.185228 0.573744 0.006086 0.004421
0 0.223599 0.568194 0.006268 0.004678
0 0.200873 0.611368 0.009444 0.004515
0 0.241809 0.609484 0.006104 0.004652
0 0.282136 0.600014 0.006219 0.004607
0 0.310841 0.601817 0.006185 0.004632
0 0.351926 0.597932 0.006169 0.004632
0 0.290156 0.818707 0.024919 0.011696
0 0.298817 0.520110 0.006449 0.004467
0 0.276823 0.553478 0.006088 0.004561
0 0.320020 0.522913 0.006086 0.004584
0 0.355577 0.520936 0.014722 0.004723
0 0.140985 0.419369 0.006135 0.004723
0 0.173186 0.400837 0.006252 0.004701
0 0.770477 0.818379 0.025310 0.012261
0 0.812063 0.465634 0.005826 0.004872
0 0.625999 0.547137 0.006040 0.004781
0 0.595322 0.502845 0.014289 0.004647
0 0.573307 0.538022 0.005929 0.004732
0 0.650373 0.520083 0.005804 0.004647
0 0.621872 0.491297 0.006509 0.004629
0 0.598577 0.578969 0.006086 0.004781
0 0.673040 0.444927 0.010264 0.005145
0 0.711077 0.469434 0.006636 0.004587
0 0.396177 0.597640 0.006235 0.004607
0 0.694233 0.484404 0.006125 0.004778
0 0.698792 0.513787 0.006201 0.004849
0 0.728052 0.514443 0.006133 0.004729
0 0.805700 0.501418 0.005935 0.004803
0 0.636871 0.492219 0.005996 0.004718
0 0.766029 0.505125 0.006080 0.004875
0 0.765459 0.447836 0.014156 0.004749
0 0.204015 0.446837 0.014490 0.004495
0 0.278509 0.493921 0.010181 0.004769
0 0.159566 0.478391 0.006153 0.004746
0 0.405874 0.559666 0.006217 0.004607
0 0.171871 0.529290 0.006185 0.004629