0 0.684500 0.457799 0.022958 0.007121
0 0.695370 0.571964 0.011598 0.007092
0 0.750080 0.803019 0.032715 0.011670
0 0.337607 0.493030 0.009921 0.007252
0 0.271313 0.572246 0.009724 0.007223
0 0.244319 0.611371 0.014736 0.007115
0 0.204017 0.369084 0.009722 0.007226
0 0.253381 0.342972 0.020288 0.007090
0 0.214466 0.327102 0.014784 0.007340
0 0.266711 0.400687 0.012120 0.007121
0 0.344428 0.404296 0.016110 0.007463
0 0.735289 0.342972 0.020288 0.007090
0 0.328103 0.572131 0.009724 0.007226
0 0.202682 0.457671 0.022958 0.007121
0 0.289693 0.482024 0.009921 0.007252
0 0.685970 0.369146 0.009724 0.007226
0 0.213326 0.572155 0.011598 0.007092
0 0.270233 0.803020 0.032715 0.011673
0 0.819765 0.493030 0.009921 0.007252
0 0.771692 0.482061 0.009921 0.007252
0 0.753266 0.572057 0.009724 0.007226
0 0.304073 0.802806 0.025087 0.011571
0 0.810100 0.571940 0.009724 0.007226
0 0.783920 0.802806 0.025087 0.011571
0 0.748649 0.400741 0.012122 0.007121
0 0.826336 0.404296 0.016110 0.007463