0 0.312587 0.557991 0.010780 0.006982
0 0.503288 0.542893 0.011034 0.006982
0 0.532037 0.444129 0.019343 0.006811
0 0.402388 0.554987 0.012553 0.006754
0 0.237487 0.557979 0.010780 0.006982
0 0.382722 0.356056 0.013601 0.006669
0 0.412039 0.436307 0.021459 0.007011
0 0.369802 0.629384 0.013651 0.006777
0 0.529921 0.625121 0.018980 0.006811
0 0.530062 0.635038 0.029337 0.006697
0 0.226381 0.441345 0.010707 0.006555
0 0.482065 0.446936 0.010707 0.006726
0 0.286097 0.438686 0.013016 0.006754
0 0.503741 0.918266 0.006474 0.005190
0 0.439954 0.901736 0.038118 0.014711
0 0.478105 0.902078 0.029202 0.014711
0 0.701987 0.636053 0.029635 0.007404
0 0.701993 0.626157 0.019549 0.007532
0 0.679071 0.556181 0.011271 0.007501
0 0.703483 0.444105 0.019579 0.007144