0 0.871321 0.517138 0.009688 0.007229
0 0.637781 0.336482 0.020766 0.007292
0 0.638553 0.391221 0.020766 0.007129
0 0.677879 0.330403 0.020071 0.007215
0 0.670577 0.386918 0.009800 0.007286
0 0.884571 0.417717 0.009802 0.007286
0 0.181218 0.409523 0.012078 0.006998
0 0.812737 0.408131 0.015079 0.007255
0 0.378845 0.542372 0.009593 0.007229
0 0.284478 0.539468 0.011596 0.007352
0 0.293538 0.396802 0.023162 0.007286
0 0.276444 0.802916 0.032803 0.011784
0 0.310142 0.803049 0.025048 0.011645
0 0.262887 0.608696 0.015008 0.007312
0 0.206475 0.554082 0.009593 0.007229
0 0.271575 0.334822 0.015008 0.007312
0 0.367530 0.332343 0.015008 0.007315
0 0.406000 0.331649 0.020347 0.007295
0 0.372620 0.423087 0.020766 0.006978
0 0.401146 0.474431 0.020683 0.007255
0 0.370901 0.474976 0.009807 0.007295
0 0.133118 0.440862 0.009807 0.007295
0 0.221306 0.395589 0.009593 0.007226
0 0.146821 0.554193 0.009595 0.007229
0 0.818563 0.329862 0.021040 0.007318
0 0.750459 0.374515 0.023293 0.007343
0 0.857205 0.365054 0.012173 0.007098
0 0.749804 0.497697 0.011667 0.007480
0 0.627005 0.575515 0.020109 0.007209
0 0.766559 0.633016 0.015121 0.007263
0 0.760887 0.802858 0.032717 0.011936
0 0.794729 0.803107 0.024911 0.011944
0 0.794450 0.570458 0.014809 0.007312
0 0.644025 0.543285 0.014809 0.007312
0 0.819884 0.517258 0.009688 0.007229
0 0.657134 0.482922 0.009686 0.007229