0 0.456693 0.467218 0.010669 0.005582
0 0.454443 0.475275 0.007056 0.006132
0 0.454608 0.484005 0.006943 0.005194
0 0.454721 0.492453 0.007056 0.006052
0 0.458194 0.500864 0.014114 0.005582
0 0.456499 0.509039 0.010169 0.006055
0 0.454443 0.517608 0.006947 0.005895
0 0.454526 0.525864 0.006780 0.006055
0 0.464529 0.526217 0.007002 0.005815
0 0.456542 0.533843 0.010780 0.004954
0 0.456499 0.542175 0.010725 0.005975
0 0.440385 0.691063 0.016603 0.008962
0 0.459602 0.690979 0.017004 0.008207
0 0.454821 0.450080 0.006889 0.005661
0 0.956409 0.458694 0.010929 0.005570
0 0.954761 0.450040 0.006992 0.006026
0 0.959626 0.691119 0.017169 0.007392
0 0.956341 0.542091 0.011344 0.005698
0 0.956411 0.533771 0.010469 0.005177
0 0.956386 0.466981 0.010234 0.005895
0 0.954281 0.475596 0.007316 0.005046
0 0.954465 0.483851 0.006855 0.005439
0 0.954465 0.492367 0.007225 0.005961
0 0.957961 0.500556 0.014125 0.005570
0 0.956386 0.508810 0.010604 0.005830
0 0.954258 0.517623 0.006992 0.005633
0 0.964538 0.525877 0.007362 0.006029
0 0.954789 0.525939 0.007225 0.005761
0 0.456444 0.458569 0.011058 0.005268
0 0.934077 0.690993 0.011725 0.008726