0 0.664888 0.523609 0.005549 0.004340
0 0.607785 0.580372 0.006970 0.004374
0 0.721026 0.536902 0.004473 0.004298
0 0.666029 0.392781 0.007000 0.004275
0 0.578055 0.580259 0.009863 0.004337
0 0.597439 0.523604 0.004497 0.004317
0 0.790636 0.339390 0.008835 0.004263
0 0.699186 0.580323 0.006968 0.004374
0 0.658848 0.453958 0.012966 0.004423
0 0.740262 0.466183 0.005678 0.004357
0 0.776672 0.481550 0.004660 0.004377
0 0.769187 0.536911 0.004487 0.004337
0 0.604736 0.458756 0.004733 0.004431
0 0.307381 0.586911 0.007008 0.004298
0 0.328066 0.367794 0.008745 0.004263
0 0.192149 0.484392 0.011144 0.004486
0 0.307523 0.517106 0.004616 0.004335
0 0.277768 0.619396 0.009811 0.004360
0 0.166127 0.398434 0.007153 0.004374
0 0.244629 0.413930 0.004894 0.004429
0 0.200099 0.618795 0.007068 0.004303
0 0.195659 0.367817 0.004648 0.004383
0 0.240826 0.508488 0.007221 0.004420
0 0.245696 0.618850 0.007004 0.004300
0 0.243059 0.459913 0.004622 0.004306
0 0.260461 0.559382 0.004481 0.004383
0 0.195134 0.430724 0.004469 0.004258
0 0.203248 0.559430 0.004634 0.004394
0 0.773379 0.756573 0.006133 0.005178
0 0.719022 0.744333 0.028775 0.011305
0 0.747939 0.744151 0.022035 0.011305
0 0.241879 0.761406 0.028775 0.011305
0 0.270858 0.761278 0.022035 0.011305
0 0.296809 0.774003 0.006131 0.005178