0 0.277527 0.629936 0.011858 0.004146
0 0.262543 0.746785 0.013367 0.004332
0 0.221031 0.644922 0.006768 0.004058
0 0.184237 0.627100 0.011900 0.004209
0 0.355108 0.743361 0.005569 0.004215
0 0.691309 0.619481 0.008565 0.004298
0 0.623876 0.648977 0.013308 0.004406
0 0.598340 0.813817 0.006851 0.004260
0 0.669243 0.657481 0.005644 0.004178
0 0.707127 0.656921 0.005646 0.004175
0 0.679408 0.734986 0.007060 0.004249
0 0.645003 0.734563 0.005747 0.004246
0 0.637536 0.824759 0.005654 0.004303
0 0.638929 0.792509 0.012063 0.004232
0 0.559595 0.843093 0.011823 0.004278
0 0.593999 0.605715 0.008521 0.004243
0 0.560184 0.605007 0.011870 0.004258
0 0.540147 0.692642 0.008575 0.004263
0 0.591112 0.757858 0.008858 0.004289
0 0.559135 0.762548 0.008549 0.004229
0 0.583458 0.683289 0.006919 0.004155
0 0.308021 0.743333 0.005569 0.004215
0 0.205625 0.808857 0.011850 0.004172
0 0.217374 0.737204 0.006663 0.004166
0 0.261985 0.814498 0.008507 0.004209
0 0.182850 0.707803 0.008614 0.004206
0 0.314568 0.672244 0.007133 0.004067
0 0.359277 0.696760 0.005674 0.004263
0 0.262761 0.657525 0.005660 0.004243
0 0.316696 0.202821 0.005654 0.004161
0 0.259967 0.204440 0.013244 0.004349
0 0.353601 0.269051 0.005573 0.004218
0 0.203432 0.252632 0.006784 0.004021
0 0.645003 0.234705 0.005747 0.004246
0 0.637536 0.324902 0.005654 0.004303
0 0.583458 0.183431 0.006919 0.004155
0 0.559135 0.262690 0.008549 0.004229
0 0.591112 0.258001 0.008858 0.004289
0 0.540147 0.192784 0.008575 0.004263
0 0.593999 0.105858 0.008521 0.004243
0 0.560184 0.105150 0.011870 0.004258
0 0.559595 0.343236 0.011823 0.004278
0 0.260017 0.305691 0.008408 0.004195
0 0.679408 0.235128 0.007060 0.004249
0 0.707127 0.157063 0.005646 0.004175
0 0.669243 0.157623 0.005644 0.004178
0 0.598340 0.313960 0.006851 0.004260
0 0.623876 0.149119 0.013308 0.004406
0 0.691309 0.119624 0.008565 0.004298
0 0.311721 0.269038 0.005573 0.004221
0 0.186687 0.305670 0.011840 0.004300
0 0.638929 0.292652 0.012063 0.004232
0 0.254435 0.142465 0.008539 0.004195
0 0.189207 0.148971 0.008408 0.004195
0 0.354773 0.196087 0.007068 0.004064
0 0.192432 0.179826 0.012122 0.004172
0 0.211543 0.196607 0.005654 0.004232
0 0.217773 0.150094 0.011898 0.004206
0 0.259943 0.264725 0.006675 0.004206
0 0.289672 0.429148 0.021793 0.008213
0 0.312069 0.429374 0.016724 0.008216
0 0.313275 0.437853 0.004640 0.003748
0 0.661304 0.444887 0.021793 0.008213
0 0.683663 0.444785 0.016716 0.008008
0 0.661334 0.944779 0.021793 0.008213
0 0.683726 0.944734 0.016752 0.008213
0 0.289676 0.929178 0.021656 0.008102
0 0.312052 0.929273 0.016718 0.008139
0 0.313322 0.937662 0.004628 0.003616