0 0.830998 0.578615 0.020157 0.007292
0 0.666683 0.508969 0.020605 0.007329
0 0.694216 0.507842 0.009891 0.007326
0 0.710104 0.319270 0.009893 0.007326
0 0.782032 0.336525 0.009756 0.007144
0 0.782003 0.427825 0.009754 0.007144
0 0.682751 0.584250 0.009754 0.007144
0 0.350653 0.580684 0.019988 0.007668
0 0.285459 0.429732 0.009621 0.007474
0 0.311212 0.500375 0.023094 0.007107
0 0.277672 0.561669 0.011951 0.007654
0 0.304861 0.802919 0.024901 0.011180
0 0.270897 0.802918 0.032805 0.012061
0 0.165138 0.404015 0.016657 0.007506
0 0.216056 0.481133 0.010117 0.007255
0 0.204009 0.546860 0.009740 0.007722
0 0.235253 0.346556 0.009647 0.007520
0 0.219499 0.380562 0.012449 0.007395
0 0.711640 0.403884 0.012152 0.007204
0 0.836694 0.640277 0.020272 0.007195
0 0.750902 0.803033 0.032888 0.011938
0 0.784605 0.802885 0.025042 0.011693
0 0.789042 0.498807 0.023166 0.007283
0 0.669807 0.332148 0.016227 0.007318
0 0.769868 0.596581 0.011634 0.007329
0 0.288216 0.353178 0.009476 0.007127
0 0.671450 0.464629 0.020502 0.007229