0 0.435537 0.286719 0.015723 0.007332
0 0.390476 0.434310 0.011215 0.006539
0 0.441426 0.456846 0.007968 0.007095
0 0.368906 0.531390 0.019595 0.007928
0 0.447210 0.528542 0.008502 0.007112
0 0.369108 0.598603 0.010964 0.007092
0 0.367076 0.691260 0.012137 0.006579
0 0.410208 0.897912 0.042592 0.016616
0 0.451478 0.898119 0.033779 0.017446
0 0.441527 0.625794 0.007968 0.007095
0 0.418286 0.690271 0.012137 0.006579
0 0.488659 0.913844 0.009137 0.007375
0 0.463089 0.690849 0.024235 0.006214
0 0.464931 0.697644 0.016358 0.006080
0 0.545006 0.691169 0.024235 0.006214
0 0.546794 0.697564 0.016358 0.006080
0 0.540904 0.616216 0.007968 0.007095
0 0.543430 0.460215 0.007968 0.007095
0 0.483181 0.283529 0.011627 0.007332