0 0.534098 0.701943 0.017916 0.010881
0 0.695859 0.427350 0.015539 0.011206
0 0.448318 0.339480 0.024227 0.010949
0 0.626797 0.434069 0.015626 0.010824
0 0.306657 0.667566 0.015055 0.011345
0 0.714530 0.966765 0.032254 0.011442
0 0.648943 0.799542 0.023691 0.010949
0 0.648929 0.966951 0.023691 0.010949
0 0.307678 0.939420 0.023233 0.010949
0 0.675316 0.675227 0.018970 0.011519
0 0.292376 0.535285 0.015539 0.011505
0 0.403200 0.939299 0.053024 0.011995
0 0.519627 0.389046 0.036456 0.011360
0 0.386017 0.473589 0.019097 0.010998
0 0.307654 0.771615 0.023233 0.010949
0 0.402510 0.667588 0.015057 0.011345
0 0.714450 0.799267 0.032254 0.011442