0 0.750649 0.697548 0.007508 0.005811
0 0.724327 0.669070 0.007860 0.005218
0 0.584677 0.223303 0.007238 0.005882
0 0.584677 0.723160 0.007238 0.005882
0 0.581207 0.288311 0.003272 0.006010
0 0.654605 0.646951 0.017645 0.005808
0 0.750649 0.197690 0.007508 0.005811
0 0.576521 0.149902 0.003480 0.005611
0 0.724327 0.169212 0.007860 0.005218
0 0.654605 0.147093 0.017645 0.005808
0 0.204812 0.281579 0.003796 0.005375
0 0.338152 0.281667 0.003595 0.005534
0 0.270487 0.281713 0.003145 0.005266
0 0.345939 0.191537 0.007272 0.005822
0 0.322920 0.166352 0.007753 0.005671
0 0.274322 0.166150 0.017651 0.006794
0 0.733037 0.295137 0.003315 0.005594
0 0.660815 0.288826 0.003387 0.005546
0 0.329791 0.666808 0.007763 0.005626
0 0.355488 0.687048 0.007530 0.005546
0 0.265059 0.655425 0.007379 0.005520
0 0.201027 0.781562 0.003528 0.005523
0 0.254400 0.781188 0.017580 0.005899
0 0.213480 0.664756 0.003143 0.005626
0 0.315750 0.799426 0.003157 0.005771
0 0.371929 0.773993 0.003230 0.005517
0 0.733037 0.794994 0.003315 0.005594
0 0.660815 0.788683 0.003387 0.005546
0 0.581207 0.788169 0.003272 0.006010
0 0.576521 0.649759 0.003480 0.005611
0 0.677245 0.942200 0.016778 0.008504
0 0.304718 0.942169 0.016778 0.008504
0 0.300976 0.442354 0.016778 0.008504
0 0.677266 0.442365 0.016780 0.008504