0 0.270268 0.449607 0.013319 0.004412
0 0.238472 0.577578 0.008650 0.004172
0 0.321353 0.453963 0.006740 0.004169
0 0.335117 0.408302 0.007030 0.004383
0 0.161702 0.405355 0.018241 0.004075
0 0.162723 0.397625 0.011954 0.004203
0 0.190396 0.424618 0.006877 0.004141
0 0.167020 0.456324 0.008168 0.004241
0 0.164419 0.525254 0.006794 0.004386
0 0.208742 0.525248 0.006877 0.004369
0 0.321592 0.518822 0.006746 0.004409
0 0.781063 0.455019 0.012051 0.004166
0 0.249982 0.396033 0.008636 0.004166
0 0.269557 0.518930 0.007902 0.004221
0 0.704948 0.452615 0.013308 0.004374
0 0.348916 0.461151 0.008519 0.004189
0 0.588075 0.454830 0.006728 0.004149
0 0.625481 0.464327 0.008144 0.004255
0 0.659594 0.463963 0.008666 0.004198
0 0.765580 0.513596 0.006917 0.004417
0 0.598974 0.528983 0.006778 0.004400
0 0.643356 0.529001 0.006784 0.004357
0 0.779354 0.567177 0.011963 0.004232
0 0.679781 0.575942 0.008521 0.004178
0 0.779433 0.573407 0.018422 0.004181
0 0.698925 0.513673 0.007941 0.004292
0 0.688372 0.402619 0.008495 0.004212
0 0.746111 0.460571 0.006891 0.004186
0 0.222295 0.449166 0.011179 0.004221
0 0.717539 0.742999 0.023524 0.009060
0 0.741671 0.742999 0.018003 0.008592
0 0.751611 0.753270 0.003867 0.003200
0 0.247864 0.743095 0.023470 0.008852
0 0.272001 0.743095 0.017993 0.008852
0 0.281964 0.753378 0.003774 0.003126
0 0.886999 0.460313 0.012051 0.004166
0 0.872227 0.516674 0.006917 0.004417
0 0.886013 0.567189 0.011963 0.004232
0 0.886013 0.573128 0.018422 0.004181