0 0.634833 0.769423 0.006264 0.003394
0 0.602681 0.709062 0.006925 0.003363
0 0.554509 0.771503 0.005404 0.003508
0 0.575546 0.711187 0.006498 0.003366
0 0.589757 0.771496 0.005394 0.003465
0 0.686819 0.751736 0.005495 0.003494
0 0.235747 0.790993 0.010723 0.003497
0 0.160668 0.639457 0.014183 0.003326
0 0.160882 0.634443 0.009520 0.003323
0 0.231724 0.703552 0.005511 0.003406
0 0.210791 0.833112 0.006800 0.003351
0 0.637132 0.701170 0.010673 0.003485
0 0.675835 0.679364 0.008833 0.003340
0 0.698650 0.692291 0.009365 0.003374
0 0.602559 0.658628 0.006685 0.003423
0 0.671360 0.707204 0.005485 0.003340
0 0.671977 0.797543 0.006855 0.003357
0 0.192112 0.652756 0.005412 0.003494
0 0.253537 0.698460 0.005515 0.003394
0 0.338191 0.710170 0.005525 0.003525
0 0.185752 0.775720 0.006297 0.003346
0 0.314984 0.790569 0.005535 0.003531
0 0.177856 0.718249 0.005400 0.003537
0 0.289876 0.725296 0.006498 0.003371
0 0.228172 0.646741 0.009623 0.003445
0 0.160273 0.680677 0.006800 0.003354
0 0.545885 0.702636 0.005370 0.003329
0 0.665303 0.201186 0.010623 0.003511
0 0.662629 0.257646 0.006287 0.003380
0 0.630897 0.208652 0.006899 0.003351
0 0.196273 0.272022 0.006297 0.003337
0 0.160663 0.139648 0.014181 0.003286
0 0.160827 0.134632 0.009520 0.003360
0 0.193938 0.312960 0.006800 0.003417
0 0.336876 0.199775 0.005523 0.003522
0 0.314926 0.279225 0.005396 0.003494
0 0.188001 0.216252 0.005396 0.003494
0 0.289080 0.226294 0.006498 0.003411
0 0.239418 0.300527 0.010615 0.003511
0 0.316119 0.326143 0.006879 0.003326
0 0.675769 0.939610 0.003280 0.002514
0 0.648571 0.931429 0.019166 0.007646
0 0.667844 0.931549 0.014544 0.007646
0 0.275730 0.931546 0.019166 0.007646
0 0.275600 0.431557 0.019164 0.007646
0 0.648638 0.431617 0.019166 0.007646
0 0.294879 0.931698 0.014542 0.007649
0 0.294864 0.431495 0.014544 0.007646
0 0.667973 0.431679 0.014544 0.007649
0 0.302918 0.939746 0.003280 0.002514
0 0.302842 0.439855 0.003278 0.002514
0 0.675827 0.439783 0.003280 0.002514
0 0.500315 0.259679 0.005535 0.003810
0 0.492065 0.205997 0.005392 0.003907
0 0.810127 0.296805 0.014475 0.003653
0 0.810175 0.291795 0.009672 0.003756
0 0.803354 0.251861 0.005503 0.003773
0 0.810778 0.199705 0.009829 0.004010
0 0.697759 0.796724 0.014798 0.003816
0 0.781444 0.796613 0.014800 0.003816
0 0.781180 0.791783 0.009476 0.003525
0 0.771379 0.751683 0.005539 0.003844
0 0.783294 0.692197 0.009869 0.003807
0 0.697690 0.791788 0.009476 0.003525
0 0.226253 0.221587 0.005386 0.003351
0 0.278164 0.281607 0.006758 0.003272
0 0.253538 0.198557 0.005493 0.003394
0 0.348293 0.239179 0.006798 0.003380
0 0.159082 0.225154 0.006800 0.003354
0 0.228182 0.146867 0.009625 0.003383
0 0.193412 0.149769 0.005402 0.003494
0 0.603382 0.212602 0.006510 0.003351
0 0.648860 0.296868 0.006851 0.003408
0 0.714716 0.251885 0.005382 0.003508
0 0.617645 0.259714 0.005485 0.003508
0 0.582436 0.259714 0.005392 0.003480
0 0.705721 0.207374 0.005495 0.003354
0 0.575114 0.206091 0.005356 0.003360
0 0.666306 0.159622 0.006768 0.003309
0 0.725704 0.296983 0.014475 0.003263
0 0.725708 0.292009 0.009486 0.003374
0 0.727582 0.199830 0.009571 0.003360