0 0.737346 0.542080 0.009309 0.003378
0 0.722087 0.566619 0.013919 0.003558
0 0.351461 0.634363 0.006270 0.004142
0 0.366625 0.634454 0.009357 0.003823
0 0.844835 0.465281 0.004870 0.003960
0 0.846725 0.496772 0.004266 0.003543
0 0.789190 0.602470 0.004264 0.003543
0 0.749494 0.541145 0.004264 0.003543
0 0.849060 0.518231 0.007393 0.003908
0 0.752875 0.602694 0.007391 0.003905
0 0.846156 0.549230 0.004671 0.003620
0 0.763661 0.578699 0.004671 0.003617
0 0.735823 0.562481 0.004671 0.003617
0 0.711561 0.579102 0.004483 0.003398
0 0.769312 0.602229 0.004483 0.003398
0 0.285468 0.559417 0.014781 0.003538
0 0.882193 0.654074 0.010060 0.004635
0 0.286036 0.522601 0.005946 0.004165
0 0.293730 0.451380 0.012734 0.003820
0 0.330022 0.495506 0.008011 0.004849
0 0.332041 0.526642 0.007362 0.003603
0 0.282436 0.451224 0.007459 0.003549
0 0.236218 0.559433 0.015555 0.004242
0 0.826384 0.558897 0.004536 0.003210
0 0.772072 0.558191 0.004536 0.003207
0 0.789787 0.573337 0.004536 0.003207
0 0.736339 0.593757 0.002273 0.002987
0 0.771675 0.534475 0.002275 0.002987
0 0.780964 0.503606 0.009017 0.003518
0 0.334201 0.560948 0.015225 0.003931
0 0.316302 0.512973 0.002412 0.003814
0 0.158324 0.476665 0.003208 0.017782
0 0.279887 0.632087 0.006335 0.003900
0 0.775579 0.583157 0.014266 0.003999
0 0.835833 0.576421 0.014088 0.004113
0 0.865699 0.653830 0.006905 0.004655
0 0.846267 0.595604 0.004705 0.003717
0 0.809036 0.591313 0.002275 0.003492