0 0.153610 0.605108 0.013643 0.005412
0 0.337241 0.550068 0.006925 0.005551
0 0.608082 0.442508 0.006786 0.005620
0 0.347507 0.487615 0.006945 0.005244
0 0.215266 0.549994 0.007227 0.005523
0 0.558045 0.443430 0.010234 0.005047
0 0.798064 0.545841 0.006883 0.005486
0 0.729399 0.441478 0.006748 0.005759
0 0.556018 0.392249 0.010165 0.005426
0 0.679710 0.560051 0.015124 0.006252
0 0.687290 0.633738 0.013379 0.005076
0 0.720343 0.598547 0.013464 0.004828
0 0.724046 0.521522 0.010155 0.005158
0 0.665534 0.446438 0.006563 0.005078
0 0.759991 0.533542 0.006228 0.005398
0 0.593747 0.542539 0.006800 0.005141
0 0.838258 0.585895 0.010278 0.005759
0 0.783553 0.440902 0.006865 0.005925
0 0.555983 0.398797 0.010302 0.005141
0 0.282333 0.550174 0.006742 0.005551
0 0.307422 0.464280 0.010983 0.005933
0 0.277239 0.448226 0.007316 0.005759
0 0.205484 0.406834 0.015255 0.005660
0 0.147447 0.397079 0.014145 0.005705
0 0.348741 0.341318 0.010240 0.006335
0 0.146230 0.465785 0.006976 0.005523
0 0.092016 0.501200 0.006990 0.005358
0 0.147238 0.550021 0.014133 0.005805
0 0.093192 0.566006 0.010606 0.005657
0 0.121989 0.607488 0.010216 0.005457
0 0.122053 0.613665 0.010345 0.006110
0 0.361470 0.764738 0.022871 0.008598
0 0.384314 0.764574 0.017719 0.008435
0 0.797911 0.764755 0.011674 0.008746
0 0.811635 0.764763 0.010770 0.008256
0 0.831577 0.764862 0.023278 0.008453
0 0.854543 0.764715 0.017927 0.008353