0 0.645485 0.394500 0.009321 0.005208
0 0.516235 0.553857 0.007926 0.007571
0 0.484845 0.440975 0.010113 0.007303
0 0.223119 0.424460 0.017454 0.006616
0 0.268534 0.436482 0.010617 0.007303
0 0.282797 0.366432 0.012584 0.007129
0 0.350282 0.399524 0.018887 0.007235
0 0.440460 0.427219 0.010413 0.007511
0 0.446543 0.554202 0.008160 0.007571
0 0.358333 0.532052 0.012050 0.006956
0 0.640492 0.476078 0.016827 0.008079
0 0.451442 0.800403 0.044469 0.017306
0 0.495146 0.800476 0.033759 0.017742
0 0.256561 0.532554 0.008160 0.007571
0 0.259172 0.625355 0.012582 0.007129
0 0.205836 0.636656 0.029168 0.006802