0 0.529280 0.541144 0.006816 0.004397
0 0.589979 0.575574 0.008839 0.004292
0 0.630204 0.461797 0.008612 0.004203
0 0.614786 0.410137 0.008839 0.004292
0 0.636040 0.554374 0.006816 0.004400
0 0.685281 0.554404 0.006955 0.004397
0 0.710471 0.465757 0.006875 0.003899
0 0.895475 0.462541 0.006875 0.004221
0 0.178294 0.576808 0.011975 0.004258
0 0.755215 0.560728 0.008918 0.004295
0 0.773292 0.458388 0.008168 0.004221
0 0.910120 0.514135 0.006974 0.004400
0 0.833005 0.440638 0.013530 0.004417
0 0.838145 0.541251 0.007929 0.004258
0 0.410442 0.458772 0.006784 0.004223
0 0.179502 0.420856 0.012126 0.004260
0 0.205545 0.438591 0.006766 0.004221
0 0.195858 0.523071 0.006917 0.004454
0 0.926115 0.439642 0.012126 0.004203
0 0.178307 0.583085 0.018247 0.004295
0 0.213247 0.584168 0.008561 0.004238
0 0.331361 0.447784 0.006804 0.004471
0 0.227441 0.404573 0.008547 0.004221
0 0.272073 0.435952 0.013415 0.004420
0 0.318165 0.548943 0.011217 0.004292
0 0.358374 0.548861 0.006951 0.004471
0 0.401553 0.548859 0.006835 0.004471
0 0.893791 0.420339 0.008727 0.004275
0 0.924791 0.574644 0.011924 0.004186
0 0.895342 0.578272 0.008660 0.004226
0 0.925007 0.580956 0.018324 0.004221
0 0.516660 0.461993 0.012128 0.004203
0 0.266446 0.523143 0.007955 0.004275
0 0.550935 0.420526 0.006802 0.004221
0 0.384169 0.460214 0.008193 0.004258
0 0.751610 0.753303 0.004006 0.003112
0 0.717597 0.743223 0.023750 0.009535
0 0.741696 0.743311 0.018402 0.009535
0 0.247787 0.742900 0.023750 0.009533
0 0.272099 0.743195 0.018402 0.009535
0 0.282160 0.753387 0.004006 0.003115
0 0.063211 0.582994 0.018612 0.004545
0 0.063574 0.576679 0.012525 0.004637
0 0.081117 0.523102 0.007018 0.005093
0 0.064521 0.420854 0.012404 0.004260