0 0.730935 0.744808 0.006855 0.003990
0 0.669775 0.681976 0.013268 0.004312
0 0.259960 0.775987 0.006637 0.004184
0 0.747404 0.801954 0.011854 0.004175
0 0.719302 0.803381 0.008444 0.004135
0 0.627839 0.640174 0.008336 0.004132
0 0.718679 0.690742 0.005612 0.004135
0 0.559396 0.718716 0.005614 0.004135
0 0.587056 0.688529 0.006939 0.003990
0 0.716024 0.628081 0.011753 0.004175
0 0.563161 0.763901 0.005545 0.004144
0 0.258603 0.713843 0.013421 0.004317
0 0.204107 0.715463 0.005664 0.004184
0 0.358467 0.709152 0.007088 0.004095
0 0.744558 0.664450 0.011956 0.004146
0 0.261120 0.622724 0.008366 0.004178
0 0.363049 0.783802 0.005569 0.004218
0 0.321424 0.712913 0.005664 0.004235
0 0.315847 0.783830 0.005569 0.004218
0 0.196528 0.772384 0.006774 0.004050
0 0.182753 0.678799 0.011979 0.004192
0 0.180295 0.822425 0.011930 0.004218
0 0.208719 0.663906 0.011880 0.004209
0 0.206978 0.822486 0.008442 0.004221
0 0.609866 0.763887 0.005543 0.004144
0 0.667753 0.756080 0.006629 0.004141
0 0.217773 0.150094 0.011898 0.004206
0 0.259943 0.264725 0.006675 0.004206
0 0.316696 0.202821 0.005654 0.004161
0 0.259967 0.204440 0.013244 0.004349
0 0.353601 0.269051 0.005573 0.004218
0 0.203432 0.252632 0.006784 0.004021
0 0.728148 0.243504 0.005569 0.004215
0 0.681062 0.243475 0.005569 0.004215
0 0.635583 0.246928 0.013367 0.004332
0 0.578665 0.309000 0.011850 0.004172
0 0.590414 0.237347 0.006663 0.004166
0 0.635025 0.314641 0.008507 0.004209
0 0.555891 0.207945 0.008614 0.004206
0 0.687607 0.172387 0.007131 0.004067
0 0.557277 0.127243 0.011902 0.004209
0 0.732316 0.196902 0.005676 0.004263
0 0.635802 0.157667 0.005660 0.004243
0 0.650567 0.130078 0.011858 0.004146
0 0.594070 0.145064 0.006770 0.004058
0 0.311721 0.269038 0.005573 0.004221
0 0.186687 0.305670 0.011840 0.004300
0 0.260017 0.305691 0.008408 0.004195
0 0.254435 0.142465 0.008539 0.004195
0 0.189207 0.148971 0.008408 0.004195
0 0.354773 0.196087 0.007068 0.004064
0 0.192432 0.179826 0.012122 0.004172
0 0.211543 0.196607 0.005654 0.004232
0 0.289673 0.429292 0.021699 0.008136
0 0.312058 0.429269 0.016617 0.008364
0 0.313304 0.437699 0.004667 0.003708
0 0.686207 0.437749 0.004665 0.003705
0 0.699668 0.937575 0.004667 0.003705
0 0.326412 0.936535 0.004665 0.003705
0 0.684923 0.429343 0.016617 0.008364
0 0.698809 0.929192 0.016619 0.008364
0 0.328921 0.928498 0.016617 0.008361
0 0.662645 0.429292 0.021699 0.008136
0 0.676648 0.929098 0.021699 0.008136
0 0.301996 0.929876 0.021699 0.008136
0 0.835731 0.767689 0.020320 0.005950
0 0.794831 0.660838 0.020320 0.005950