0 0.686238 0.500175 0.013734 0.005771
0 0.731317 0.342814 0.006615 0.005685
0 0.729173 0.689749 0.010133 0.005888
0 0.684602 0.436349 0.006847 0.005660
0 0.755218 0.425140 0.006615 0.005680
0 0.760773 0.494045 0.010097 0.005777
0 0.768727 0.343106 0.010135 0.005865
0 0.754199 0.615861 0.006565 0.005794
0 0.649226 0.688371 0.008664 0.003736
0 0.770650 0.546670 0.015581 0.005965
0 0.817410 0.546261 0.010097 0.005779
0 0.729707 0.283663 0.010185 0.005782
0 0.180154 0.449211 0.013848 0.005871
0 0.202492 0.376431 0.010171 0.005777
0 0.248709 0.521961 0.006542 0.005979
0 0.323320 0.544139 0.006434 0.005851
0 0.382192 0.544286 0.006673 0.005631
0 0.135296 0.445117 0.010230 0.005868
0 0.359044 0.449862 0.006671 0.005549
0 0.264181 0.593927 0.010421 0.005814
0 0.314494 0.450138 0.010254 0.005856
0 0.261791 0.399394 0.015781 0.006141
0 0.395107 0.389736 0.011725 0.005799
0 0.667247 0.615816 0.006615 0.005683
0 0.168236 0.522049 0.006434 0.005916
0 0.910732 0.749647 0.020570 0.008983
0 0.931852 0.749568 0.015785 0.008723
0 0.934267 0.761064 0.005273 0.004631
0 0.394223 0.478873 0.013734 0.005771
0 0.141165 0.592552 0.008664 0.003736
0 0.681438 0.544708 0.013848 0.005871
0 0.644407 0.533521 0.014302 0.005936
0 0.267864 0.753021 0.020572 0.008983
0 0.289033 0.753021 0.015785 0.008720
0 0.291450 0.764460 0.005273 0.004634