0 0.246119 0.924105 0.036313 0.011294
0 0.287891 0.924242 0.037516 0.011294
0 0.319013 0.939698 0.008841 0.006213
0 0.169923 0.692610 0.010981 0.005016
0 0.218477 0.692613 0.007294 0.005016
0 0.415964 0.692616 0.007556 0.004959
0 0.340929 0.692585 0.007346 0.005016
0 0.169889 0.800661 0.010981 0.005016
0 0.218411 0.800693 0.007364 0.005016
0 0.340945 0.800681 0.007294 0.005016
0 0.415956 0.800601 0.007556 0.004959
0 0.275448 0.692662 0.021741 0.005044
0 0.275440 0.800707 0.021838 0.005044