0 0.721381 0.656929 0.005636 0.004146
0 0.683509 0.657479 0.005636 0.004146
0 0.638049 0.648974 0.013409 0.004429
0 0.574450 0.604997 0.011854 0.004283
0 0.659233 0.734548 0.005612 0.004315
0 0.693614 0.734967 0.006929 0.004275
0 0.653084 0.792506 0.012063 0.004295
0 0.605261 0.757854 0.008870 0.004320
0 0.597718 0.683290 0.006732 0.004295
0 0.573794 0.843088 0.011775 0.004295
0 0.572395 0.804981 0.008582 0.004366
0 0.651795 0.824772 0.005638 0.004317
0 0.608145 0.605714 0.008549 0.004263
0 0.334087 0.656921 0.005644 0.004175
0 0.296203 0.657481 0.005644 0.004178
0 0.225300 0.813817 0.006849 0.004260
0 0.250835 0.648977 0.013308 0.004406
0 0.318268 0.619481 0.008565 0.004298
0 0.210417 0.683289 0.006919 0.004155
0 0.186094 0.762548 0.008549 0.004229
0 0.218073 0.757858 0.008860 0.004289
0 0.167108 0.692642 0.008577 0.004263
0 0.220958 0.605715 0.008521 0.004243
0 0.187146 0.605007 0.011870 0.004258
0 0.186555 0.843093 0.011823 0.004278
0 0.265890 0.792509 0.012061 0.004232
0 0.264495 0.824759 0.005654 0.004303
0 0.271963 0.734563 0.005747 0.004246
0 0.306367 0.734986 0.007060 0.004249
0 0.612557 0.813814 0.006960 0.004260
0 0.631643 0.213985 0.013421 0.004317
0 0.577148 0.215606 0.005664 0.004184
0 0.731506 0.209295 0.007086 0.004095
0 0.633000 0.276130 0.006637 0.004184
0 0.634161 0.122867 0.008366 0.004178
0 0.736089 0.283944 0.005569 0.004218
0 0.694464 0.213055 0.005664 0.004235
0 0.688888 0.283973 0.005569 0.004218
0 0.569569 0.272526 0.006774 0.004050
0 0.555794 0.178941 0.011979 0.004192
0 0.553336 0.322568 0.011930 0.004218
0 0.581759 0.164048 0.011880 0.004209
0 0.580018 0.322629 0.008442 0.004221
0 0.185945 0.194715 0.012116 0.004238
0 0.324234 0.213051 0.005716 0.004243
0 0.199887 0.272525 0.006923 0.004075
0 0.248638 0.162623 0.008414 0.004192
0 0.362503 0.209279 0.007113 0.004075
0 0.263279 0.276130 0.006675 0.004229
0 0.366370 0.283968 0.005591 0.004238
0 0.319236 0.283950 0.005585 0.004235
0 0.253988 0.208165 0.013222 0.004320
0 0.183678 0.322575 0.011773 0.004243
0 0.206805 0.215370 0.005624 0.004346
0 0.212276 0.156775 0.011793 0.004238
0 0.261594 0.329560 0.008414 0.004192
0 0.290154 0.429278 0.021715 0.007863
0 0.312390 0.429278 0.016156 0.007863
0 0.313316 0.437630 0.004806 0.003930
0 0.676500 0.429335 0.021656 0.008108
0 0.698706 0.429293 0.016619 0.008025
0 0.699692 0.437729 0.004691 0.003933
0 0.674788 0.944537 0.021928 0.008019
0 0.697261 0.944537 0.016343 0.007786
0 0.288433 0.944540 0.021715 0.007700
0 0.310756 0.944621 0.016446 0.007863