0 0.318155 0.449973 0.010742 0.007762
0 0.297276 0.530161 0.010020 0.007688
0 0.332108 0.552566 0.020802 0.007680
0 0.397272 0.553710 0.015289 0.007477
0 0.438492 0.572960 0.010861 0.007768
0 0.528640 0.572758 0.019962 0.007825
0 0.577845 0.519587 0.022665 0.007845
0 0.469356 0.465436 0.009714 0.007999
0 0.431948 0.337423 0.016035 0.007235
0 0.568239 0.423412 0.010657 0.008580
0 0.454856 0.910329 0.041645 0.015145
0 0.496417 0.910510 0.032467 0.016226
0 0.398644 0.466759 0.009714 0.007999
0 0.478865 0.577447 0.010018 0.007688
0 0.514911 0.928214 0.013294 0.008623