0 0.734968 0.537273 0.014280 0.006623
0 0.675860 0.562885 0.007256 0.006044
0 0.884066 0.437380 0.013975 0.005725
0 0.099761 0.644876 0.011201 0.006543
0 0.118805 0.597385 0.007802 0.006067
0 0.048322 0.586388 0.007189 0.006842
0 0.039615 0.503625 0.014028 0.006309
0 0.062875 0.521509 0.006960 0.006347
0 0.116927 0.510500 0.015789 0.006044
0 0.175623 0.530563 0.010451 0.006204
0 0.206185 0.562885 0.007256 0.006044
0 0.204412 0.527325 0.007526 0.006233
0 0.412639 0.528867 0.014030 0.006312
0 0.323575 0.530588 0.010451 0.006204
0 0.372860 0.625294 0.010915 0.006238
0 0.440020 0.587257 0.007189 0.006842
0 0.323808 0.597146 0.007189 0.006842
0 0.276883 0.597382 0.007189 0.006842
0 0.113983 0.466700 0.011203 0.006543
0 0.416215 0.466929 0.011201 0.006540
0 0.673697 0.625540 0.010913 0.006241
0 0.588481 0.597385 0.007802 0.006067
0 0.517997 0.586388 0.007189 0.006842
0 0.532551 0.521509 0.006960 0.006347
0 0.302445 0.644530 0.011201 0.006540
0 0.262599 0.476472 0.012484 0.007182
0 0.365420 0.519634 0.011223 0.006888
0 0.440740 0.535940 0.014352 0.006478
0 0.293756 0.530787 0.014241 0.006897
0 0.265292 0.537273 0.014280 0.006623
0 0.204022 0.625540 0.010913 0.006241
0 0.038000 0.639789 0.009057 0.004332
0 0.395324 0.604392 0.011201 0.006543
0 0.674087 0.527325 0.007526 0.006233
0 0.882314 0.528867 0.014030 0.006312
0 0.793251 0.530588 0.010451 0.006204
0 0.842536 0.625294 0.010915 0.006238
0 0.732275 0.476472 0.012484 0.007182
0 0.835096 0.519634 0.011223 0.006888
0 0.645298 0.530563 0.010451 0.006204
0 0.763431 0.530787 0.014241 0.006897
0 0.881933 0.607508 0.014082 0.006540
0 0.640319 0.475433 0.013699 0.006540
0 0.923339 0.527274 0.014350 0.006478
0 0.539824 0.644739 0.011201 0.006543
0 0.508868 0.493044 0.014028 0.006309
0 0.586639 0.491133 0.015789 0.006044
0 0.921596 0.587670 0.007189 0.006842
0 0.793550 0.613532 0.007189 0.006842
0 0.746559 0.613387 0.007189 0.006842
0 0.507676 0.639789 0.009057 0.004332
0 0.535605 0.472800 0.013516 0.006540
0 0.884124 0.478443 0.013877 0.006540
0 0.721171 0.773105 0.021169 0.009732
0 0.742375 0.773153 0.016077 0.009732
0 0.251604 0.773175 0.021169 0.009729
0 0.272724 0.773039 0.016079 0.009732
0 0.228552 0.406268 0.008827 0.005412
0 0.228424 0.353880 0.008829 0.005412
0 0.698124 0.406294 0.008829 0.005412
0 0.698273 0.353913 0.008829 0.005415
0 0.299997 0.353156 0.021364 0.006654
0 0.315810 0.353239 0.006905 0.006654
0 0.769410 0.353310 0.021362 0.006654
0 0.785447 0.353165 0.006905 0.006654