0 0.761946 0.437887 0.008547 0.004266
0 0.649103 0.525154 0.011944 0.004249
0 0.747592 0.485264 0.006919 0.004206
0 0.858720 0.552201 0.008586 0.004221
0 0.839473 0.461117 0.006994 0.004241
0 0.686476 0.398894 0.008789 0.004241
0 0.663320 0.572026 0.008827 0.004298
0 0.870632 0.584739 0.008940 0.004241
0 0.662220 0.482699 0.006778 0.004429
0 0.383776 0.459677 0.007157 0.004186
0 0.178465 0.393143 0.008523 0.004258
0 0.265873 0.393314 0.008523 0.004258
0 0.251869 0.585017 0.008642 0.004255
0 0.387195 0.586090 0.008644 0.004258
0 0.401238 0.535410 0.006917 0.004420
0 0.191193 0.521131 0.006915 0.004400
0 0.179325 0.436416 0.011912 0.004278
0 0.206697 0.437821 0.006764 0.004186
0 0.682443 0.526560 0.008549 0.004280
0 0.412430 0.456972 0.006766 0.004186
0 0.269285 0.448866 0.013327 0.004417
0 0.276815 0.518528 0.006917 0.004203
0 0.178952 0.578239 0.018299 0.004258
0 0.179313 0.585492 0.011936 0.004024
0 0.356166 0.551956 0.008813 0.004203
0 0.868799 0.504015 0.006778 0.004429
0 0.664960 0.442722 0.008549 0.004223
0 0.759078 0.753269 0.003992 0.003066
0 0.719092 0.743169 0.023838 0.009416
0 0.743215 0.743215 0.018064 0.009416
0 0.249400 0.743111 0.023840 0.009419
0 0.273644 0.743160 0.018064 0.009416
0 0.289484 0.753403 0.003990 0.003066
0 0.064590 0.585269 0.012106 0.004497
0 0.063857 0.578112 0.018299 0.004734
0 0.076407 0.521127 0.006927 0.004597
0 0.064498 0.436389 0.012414 0.004622
0 0.063535 0.393086 0.008976 0.004765
0 0.545673 0.571798 0.009279 0.004298
0 0.534507 0.525051 0.012186 0.004899
0 0.547316 0.482679 0.006778 0.004429
0 0.550143 0.442686 0.008922 0.004682
0 0.544863 0.398880 0.009287 0.004691