0 0.548873 0.838150 0.016065 0.008181
0 0.327966 0.835607 0.016110 0.008181
0 0.308232 0.791283 0.010421 0.007913
0 0.377501 0.792178 0.010421 0.007834
0 0.566458 0.794552 0.010421 0.007759
0 0.497052 0.793806 0.010653 0.007771
0 0.114452 0.464763 0.014797 0.007645
0 0.773664 0.890301 0.035910 0.016428
0 0.724688 0.890231 0.047384 0.017326
0 0.093347 0.401555 0.018256 0.009079
0 0.099280 0.336318 0.016065 0.007979
0 0.114886 0.401747 0.017517 0.008706
0 0.114601 0.565862 0.017724 0.008697
0 0.099006 0.500745 0.016065 0.007802
0 0.104414 0.729111 0.018021 0.008997
0 0.098601 0.664189 0.016065 0.007255
0 0.582625 0.346479 0.020720 0.008067
0 0.572275 0.468362 0.011048 0.007973
0 0.524943 0.435698 0.013207 0.007657
0 0.482359 0.435057 0.010931 0.008107
0 0.410860 0.528240 0.012346 0.008002
0 0.394819 0.422849 0.024674 0.008635
0 0.567271 0.541174 0.010421 0.008352
0 0.497990 0.540519 0.010421 0.008352
0 0.432370 0.324535 0.016065 0.008181
0 0.433624 0.608412 0.016065 0.008181
0 0.328023 0.618064 0.016065 0.008181
0 0.289236 0.604139 0.022233 0.008124
0 0.313199 0.527300 0.010421 0.008352
0 0.323311 0.427454 0.011048 0.008330
0 0.297194 0.396822 0.022334 0.008324
0 0.297319 0.332796 0.016206 0.008580
0 0.114971 0.474351 0.016065 0.007979
0 0.085423 0.300194 0.014797 0.007645
0 0.085681 0.309307 0.014797 0.008751
0 0.576791 0.271033 0.012675 0.007762