0 0.747816 0.605589 0.015306 0.007323
0 0.790423 0.802963 0.024998 0.011827
0 0.756735 0.802962 0.032801 0.011773
0 0.305988 0.802986 0.025042 0.011759
0 0.753172 0.367444 0.023192 0.007414
0 0.824436 0.365194 0.020943 0.007343
0 0.205671 0.565951 0.009766 0.007158
0 0.696273 0.396997 0.012255 0.007215
0 0.195502 0.486633 0.009855 0.007338
0 0.239817 0.478741 0.009855 0.007238
0 0.272219 0.803013 0.032830 0.011950
0 0.334206 0.463374 0.023160 0.007232
0 0.267280 0.407751 0.012211 0.007161
0 0.286306 0.355623 0.016526 0.007426
0 0.325780 0.566150 0.011653 0.007226
0 0.334811 0.365919 0.009766 0.007232
0 0.200223 0.398119 0.016334 0.007548
0 0.815172 0.422439 0.009873 0.007335
0 0.678118 0.494952 0.009754 0.007212
0 0.264921 0.565949 0.009766 0.007212
0 0.816212 0.494913 0.009756 0.007215
0 0.659116 0.553104 0.013400 0.007212
0 0.667739 0.432256 0.009871 0.007335
0 0.747396 0.495219 0.011588 0.007332