0 0.688924 0.798678 0.014624 0.003340
0 0.688854 0.793735 0.009462 0.003394
0 0.609040 0.795861 0.006804 0.003377
0 0.193065 0.768810 0.005404 0.003508
0 0.201111 0.706214 0.006466 0.003343
0 0.286747 0.806231 0.006772 0.003331
0 0.220549 0.683351 0.005382 0.003323
0 0.321769 0.709198 0.006992 0.003337
0 0.349371 0.701525 0.005481 0.003363
0 0.294680 0.695073 0.010621 0.003522
0 0.360065 0.755023 0.005402 0.003508
0 0.254669 0.769500 0.005505 0.003508
0 0.375864 0.807578 0.014521 0.003209
0 0.375769 0.802521 0.009510 0.003411
0 0.376229 0.686630 0.009597 0.003406
0 0.293572 0.658213 0.006798 0.003397
0 0.305770 0.763917 0.006329 0.003394
0 0.248326 0.701623 0.005472 0.003508
0 0.197950 0.668860 0.006772 0.003329
0 0.225571 0.768861 0.008797 0.003337
0 0.364391 0.655654 0.006051 0.003403
0 0.630094 0.699617 0.010697 0.003497
0 0.615480 0.659615 0.006780 0.003323
0 0.625282 0.758776 0.006256 0.003366
0 0.689908 0.703517 0.009641 0.003397
0 0.567316 0.700802 0.006488 0.003366
0 0.664998 0.704916 0.005337 0.003351
0 0.537549 0.702129 0.005337 0.003266
0 0.177552 0.139600 0.014181 0.003326
0 0.177592 0.134585 0.009522 0.003323
0 0.227093 0.332789 0.006800 0.003354
0 0.248566 0.203666 0.005374 0.003354
0 0.270421 0.198559 0.005513 0.003394
0 0.355025 0.208017 0.005364 0.003494
0 0.331830 0.290507 0.005396 0.003494
0 0.194734 0.218398 0.005362 0.003494
0 0.306779 0.225258 0.006498 0.003323
0 0.252589 0.290943 0.010627 0.003494
0 0.177055 0.180809 0.006800 0.003351
0 0.245041 0.146845 0.009591 0.003380
0 0.208978 0.152881 0.005364 0.003494
0 0.202616 0.275665 0.006297 0.003340
0 0.617519 0.305916 0.006740 0.003294
0 0.628849 0.160155 0.006738 0.003297
0 0.593949 0.300759 0.014463 0.003212
0 0.594232 0.306513 0.009500 0.003354
0 0.771521 0.280315 0.005509 0.003537
0 0.756704 0.206634 0.005553 0.003351
0 0.779413 0.204535 0.005394 0.003320
0 0.616012 0.189735 0.005412 0.003323
0 0.593891 0.176670 0.009567 0.003360
0 0.663398 0.189248 0.010596 0.003494
0 0.672578 0.275125 0.005495 0.003394
0 0.733379 0.283631 0.007113 0.003357
0 0.603734 0.255452 0.005404 0.003539
0 0.543085 0.760266 0.005372 0.003480
0 0.675577 0.752746 0.005501 0.003480
0 0.580519 0.760272 0.005374 0.003480
0 0.649868 0.431804 0.018741 0.007353
0 0.275714 0.431958 0.018739 0.007353
0 0.275712 0.931596 0.018739 0.006743
0 0.643981 0.931587 0.018739 0.007353
0 0.663082 0.931656 0.014235 0.006908
0 0.294807 0.931606 0.014235 0.006905
0 0.294817 0.431737 0.014397 0.006803
0 0.669012 0.431736 0.014183 0.006919
0 0.681675 0.439781 0.003165 0.002856
0 0.302848 0.439872 0.003165 0.002856
0 0.302900 0.939630 0.003165 0.002417
0 0.675816 0.939651 0.003113 0.002317