0 0.228469 0.425722 0.010167 0.005301
0 0.186397 0.486337 0.008559 0.005093
0 0.168232 0.568243 0.006812 0.005104
0 0.210932 0.568186 0.006752 0.005144
0 0.271414 0.558492 0.006673 0.005346
0 0.198906 0.599032 0.010167 0.005247
0 0.283726 0.600094 0.010167 0.005261
0 0.129454 0.434846 0.011163 0.005304
0 0.347530 0.595440 0.014040 0.005278
0 0.817438 0.463520 0.007667 0.005660
0 0.631817 0.464960 0.014935 0.005531
0 0.672195 0.544783 0.014578 0.005657
0 0.625639 0.530104 0.007066 0.005594
0 0.619859 0.588589 0.014507 0.005369
0 0.755766 0.545804 0.007066 0.005594
0 0.812137 0.539305 0.007687 0.006110
0 0.728365 0.475177 0.014783 0.005326
0 0.631543 0.395138 0.011823 0.006287
0 0.742141 0.583823 0.010983 0.005748
0 0.709491 0.546399 0.007066 0.005594
0 0.691045 0.473347 0.008799 0.005845
0 0.328042 0.547073 0.006766 0.005135
0 0.227777 0.473752 0.006816 0.005150
0 0.274760 0.471104 0.007183 0.005258
0 0.346526 0.458796 0.014628 0.005343
0 0.344790 0.426785 0.010161 0.005306
0 0.272973 0.424803 0.010197 0.005355
0 0.651743 0.588688 0.010981 0.005748
0 0.716515 0.742947 0.025616 0.009062
0 0.741944 0.742999 0.019355 0.009060
0 0.246501 0.742968 0.025616 0.009060
0 0.271773 0.742927 0.019355 0.009062
0 0.158710 0.513814 0.014540 0.006113
0 0.804576 0.421602 0.010594 0.005306
0 0.812835 0.583269 0.010598 0.005306