0 0.683420 0.862784 0.006849 0.003311
0 0.624962 0.821654 0.005664 0.003371
0 0.683893 0.815725 0.005372 0.003254
0 0.682056 0.707135 0.006962 0.003240
0 0.350206 0.746837 0.005674 0.003351
0 0.309647 0.779040 0.005303 0.003152
0 0.285587 0.754201 0.008845 0.003283
0 0.172867 0.784618 0.005372 0.003343
0 0.194828 0.664322 0.009406 0.003411
0 0.237831 0.701707 0.006861 0.003283
0 0.346156 0.819775 0.005545 0.003528
0 0.234466 0.811241 0.005571 0.003309
0 0.153054 0.784628 0.009569 0.003391
0 0.233792 0.855289 0.006951 0.003403
0 0.136101 0.891489 0.009655 0.003149
0 0.168533 0.811661 0.005533 0.003414
0 0.155710 0.723118 0.009567 0.003425
0 0.290713 0.819775 0.005360 0.003528
0 0.240809 0.755752 0.010584 0.003326
0 0.355345 0.680975 0.008170 0.003500
0 0.650674 0.754219 0.008690 0.003309
0 0.696614 0.757630 0.010600 0.003320
0 0.759139 0.778594 0.005337 0.003354
0 0.208694 0.280160 0.005525 0.003465
0 0.254071 0.238474 0.005499 0.003366
0 0.274844 0.196401 0.005444 0.003294
0 0.751324 0.811787 0.005384 0.003363
0 0.800518 0.942449 0.025376 0.008974
0 0.826008 0.942345 0.019391 0.008977
0 0.427418 0.942327 0.025374 0.008974
0 0.285272 0.442516 0.025374 0.008977
0 0.800298 0.442635 0.025376 0.008974
0 0.311061 0.442635 0.019394 0.008974
0 0.826057 0.442407 0.019391 0.008974
0 0.696570 0.082786 0.005793 0.003018
0 0.137555 0.142609 0.006200 0.003257
0 0.580690 0.615889 0.006200 0.003257
0 0.323702 0.582575 0.006200 0.003257
0 0.169808 0.186926 0.007921 0.003502
0 0.785274 0.888639 0.009653 0.003326
0 0.637644 0.667184 0.009545 0.003363
0 0.555614 0.665271 0.008140 0.003371
0 0.567844 0.746821 0.005545 0.003280
0 0.569374 0.821667 0.005329 0.003403
0 0.796120 0.797164 0.006962 0.003414
0 0.322404 0.318589 0.006855 0.003403
0 0.323722 0.200896 0.010530 0.003406
0 0.248677 0.118005 0.009581 0.003368
0 0.408700 0.259444 0.007004 0.003403
0 0.382696 0.240474 0.005352 0.003195
0 0.391092 0.109815 0.009410 0.003329
0 0.322335 0.274769 0.005839 0.002904
0 0.330075 0.142847 0.006859 0.003431
0 0.658628 0.254343 0.008845 0.003283
0 0.567867 0.164464 0.009408 0.003411
0 0.509141 0.391632 0.009653 0.003149
0 0.719195 0.319917 0.005543 0.003528
0 0.607506 0.311384 0.005569 0.003309
0 0.526094 0.284771 0.009569 0.003391
0 0.606832 0.355432 0.006949 0.003403
0 0.682688 0.279182 0.005303 0.003152
0 0.541574 0.311804 0.005533 0.003414
0 0.528751 0.223260 0.009567 0.003425
0 0.663754 0.319917 0.005360 0.003528
0 0.613848 0.255895 0.010582 0.003326
0 0.728384 0.181117 0.008168 0.003500
0 0.723246 0.246979 0.005674 0.003351
0 0.545908 0.284761 0.005372 0.003343
0 0.610871 0.201850 0.006861 0.003283
0 0.212721 0.203671 0.005624 0.003266
0 0.376846 0.265376 0.005390 0.003178
0 0.261944 0.280191 0.005436 0.003277