0 0.708429 0.493522 0.010117 0.004298
0 0.705936 0.388481 0.005638 0.004298
0 0.681250 0.550737 0.005390 0.004317
0 0.663223 0.611389 0.014634 0.005936
0 0.765330 0.394226 0.005390 0.004337
0 0.769562 0.337529 0.005579 0.004394
0 0.754365 0.540024 0.005398 0.004363
0 0.353269 0.473621 0.004963 0.004488
0 0.247734 0.340704 0.011064 0.005797
0 0.236206 0.405516 0.011396 0.004751
0 0.181266 0.405430 0.010488 0.004654
0 0.163933 0.508541 0.005666 0.005004
0 0.148358 0.577162 0.014890 0.006423
0 0.236243 0.508558 0.005805 0.004753
0 0.299383 0.523444 0.005666 0.005007
0 0.345920 0.523339 0.005666 0.005007
0 0.173523 0.364739 0.011064 0.005797
0 0.227210 0.574862 0.011064 0.005797
0 0.322330 0.571946 0.011064 0.005797
0 0.318660 0.448923 0.006307 0.004600
0 0.149896 0.441258 0.004963 0.004488
0 0.291982 0.387850 0.009871 0.004488
0 0.259742 0.770352 0.019504 0.009253
0 0.279582 0.770503 0.015489 0.009253
0 0.729548 0.770235 0.019506 0.009253
0 0.749401 0.770386 0.014920 0.009253
0 0.723718 0.614909 0.010836 0.005936
0 0.800330 0.499223 0.010836 0.005936
0 0.715529 0.463239 0.007548 0.004671
0 0.664688 0.470172 0.004777 0.004671
0 0.637805 0.394045 0.009259 0.005241
0 0.706646 0.323889 0.005084 0.004773
0 0.749476 0.289885 0.010836 0.005936