0 0.401593 0.661147 0.012446 0.005904
0 0.402383 0.539456 0.018890 0.005701
0 0.475619 0.294210 0.009166 0.005616
0 0.390427 0.339302 0.009168 0.005616
0 0.401172 0.435393 0.009166 0.005616
0 0.490237 0.485033 0.009371 0.005619
0 0.500631 0.385513 0.016389 0.005616
0 0.509982 0.704792 0.009168 0.005616
0 0.486583 0.554689 0.009168 0.005616
0 0.386954 0.218492 0.012224 0.005616
0 0.429782 0.763451 0.012226 0.005619
0 0.375272 0.781021 0.012224 0.005616
0 0.517105 0.900174 0.044461 0.015832
0 0.467222 0.900379 0.044560 0.016288
0 0.562416 0.899993 0.033754 0.015322