0 0.765885 0.521441 0.011169 0.009136
0 0.225251 0.745533 0.024199 0.008951
0 0.864490 0.882597 0.050258 0.020393
0 0.804666 0.906827 0.017379 0.012098
0 0.759972 0.366653 0.010748 0.009219
0 0.335083 0.836598 0.011600 0.009267
0 0.765555 0.560398 0.017340 0.009273
0 0.764336 0.654373 0.024199 0.008951
0 0.644702 0.667690 0.011600 0.009267
0 0.211152 0.596082 0.017520 0.009273
0 0.226629 0.679929 0.011707 0.009641
0 0.219891 0.518173 0.010748 0.009219
0 0.766355 0.407778 0.024642 0.008942
0 0.711630 0.600458 0.036546 0.009490
0 0.763092 0.448414 0.017520 0.009273
0 0.516534 0.770825 0.036546 0.009490
0 0.766148 0.709075 0.011527 0.008942