0 0.634785 0.264761 0.006690 0.004203
0 0.561587 0.305648 0.011930 0.004320
0 0.578357 0.252629 0.006881 0.004095
0 0.634902 0.204478 0.013331 0.004346
0 0.590140 0.305378 0.008404 0.004195
0 0.674058 0.156679 0.008515 0.004192
0 0.592645 0.150113 0.011834 0.004209
0 0.691555 0.202821 0.005640 0.004218
0 0.586382 0.196577 0.005640 0.004178
0 0.729687 0.196083 0.007099 0.004124
0 0.729603 0.275704 0.005561 0.004272
0 0.687676 0.275712 0.005603 0.004272
0 0.214268 0.193840 0.005626 0.004135
0 0.262763 0.201741 0.013292 0.004246
0 0.301956 0.153954 0.008459 0.004192
0 0.218030 0.302686 0.008372 0.004129
0 0.594027 0.749836 0.005672 0.004226
0 0.572383 0.731074 0.012063 0.004246
0 0.599249 0.687273 0.007099 0.004109
0 0.652651 0.593431 0.005595 0.004246
0 0.648414 0.660093 0.005569 0.004243
0 0.593457 0.568433 0.011809 0.004201
0 0.320833 0.195688 0.005628 0.004166
0 0.569531 0.868025 0.011888 0.004246
0 0.580117 0.816127 0.006798 0.004041
0 0.661611 0.833785 0.006696 0.004189
0 0.206978 0.822486 0.008442 0.004221
0 0.208719 0.663906 0.011880 0.004209
0 0.180295 0.822425 0.011930 0.004218
0 0.182753 0.678799 0.011979 0.004192
0 0.196528 0.772384 0.006774 0.004050
0 0.315847 0.783830 0.005569 0.004218
0 0.321424 0.712913 0.005664 0.004235
0 0.363049 0.783802 0.005569 0.004218
0 0.194170 0.169981 0.012063 0.004146
0 0.566384 0.177952 0.012116 0.004238
0 0.189462 0.302947 0.011848 0.004144
0 0.206225 0.249902 0.006833 0.003970
0 0.262672 0.262049 0.006649 0.004149
0 0.341982 0.265040 0.005535 0.004192
0 0.357590 0.193361 0.007040 0.004021
0 0.220546 0.147392 0.011735 0.004149
0 0.261120 0.622724 0.008366 0.004178
0 0.259960 0.775987 0.006637 0.004184
0 0.358467 0.709152 0.007088 0.004095
0 0.204107 0.715463 0.005664 0.004184
0 0.258603 0.713843 0.013421 0.004317
0 0.599879 0.634266 0.005674 0.004218
0 0.688031 0.712207 0.008471 0.004198
0 0.599747 0.866207 0.008517 0.004195
0 0.658934 0.754895 0.013298 0.004420
0 0.303486 0.429266 0.021846 0.008307
0 0.325884 0.429404 0.016659 0.008304
0 0.326586 0.437757 0.004576 0.003653
0 0.676101 0.429423 0.021846 0.008307
0 0.698382 0.429320 0.016534 0.008102
0 0.699706 0.437669 0.004530 0.003659
0 0.776712 0.929166 0.021753 0.008068
0 0.799008 0.929104 0.016653 0.008307
0 0.800236 0.937667 0.004525 0.003434
0 0.303520 0.929229 0.021846 0.008307
0 0.325857 0.929166 0.016591 0.008307
0 0.326627 0.937655 0.004816 0.003973