0 0.164178 0.543285 0.014809 0.007312
0 0.340037 0.517258 0.009688 0.007229
0 0.177287 0.482922 0.009686 0.007229
0 0.391474 0.517138 0.009688 0.007229
0 0.157934 0.336482 0.020766 0.007292
0 0.158706 0.391221 0.020766 0.007129
0 0.198032 0.330403 0.020071 0.007215
0 0.700585 0.563727 0.014952 0.007147
0 0.404724 0.417717 0.009802 0.007286
0 0.332890 0.408131 0.015079 0.007255
0 0.622330 0.402848 0.020705 0.007429
0 0.627206 0.337654 0.020840 0.007241
0 0.668939 0.333884 0.020191 0.007323
0 0.724123 0.361645 0.022999 0.007617
0 0.797472 0.334662 0.020929 0.007261
0 0.842936 0.348077 0.012076 0.007147
0 0.760255 0.802923 0.032852 0.011856
0 0.794116 0.802992 0.024855 0.011582
0 0.745039 0.634692 0.015270 0.007292
0 0.895893 0.571733 0.020310 0.007383
0 0.879557 0.536203 0.014954 0.007144
0 0.190731 0.386918 0.009800 0.007286
0 0.732843 0.498349 0.011594 0.007212
0 0.805305 0.501668 0.009567 0.007144
0 0.641150 0.486847 0.009567 0.007144
0 0.867600 0.489051 0.009565 0.007144
0 0.877680 0.430613 0.009754 0.007320
0 0.338716 0.329862 0.021040 0.007318
0 0.651294 0.402520 0.009754 0.007320
0 0.270613 0.374515 0.023293 0.007343
0 0.377358 0.365054 0.012173 0.007098
0 0.269957 0.497697 0.011667 0.007480
0 0.147158 0.575515 0.020109 0.007209
0 0.286712 0.633016 0.015121 0.007263
0 0.281040 0.802858 0.032717 0.011936
0 0.314882 0.803107 0.024911 0.011944
0 0.314603 0.570458 0.014809 0.007312