0 0.277527 0.629936 0.011858 0.004146
0 0.583458 0.683289 0.006919 0.004155
0 0.221031 0.644922 0.006768 0.004058
0 0.184237 0.627100 0.011900 0.004209
0 0.355108 0.743361 0.005569 0.004215
0 0.691309 0.619481 0.008565 0.004298
0 0.623876 0.648977 0.013308 0.004406
0 0.598340 0.813817 0.006851 0.004260
0 0.669243 0.657481 0.005644 0.004178
0 0.315847 0.283973 0.005569 0.004218
0 0.196528 0.272526 0.006774 0.004050
0 0.707127 0.656921 0.005646 0.004175
0 0.679408 0.734986 0.007060 0.004249
0 0.645003 0.734563 0.005747 0.004246
0 0.637536 0.824759 0.005654 0.004303
0 0.638929 0.792509 0.012063 0.004232
0 0.559595 0.843093 0.011823 0.004278
0 0.593999 0.605715 0.008521 0.004243
0 0.560184 0.605007 0.011870 0.004258
0 0.540147 0.692642 0.008575 0.004263
0 0.303536 0.429293 0.021805 0.008293
0 0.325894 0.429262 0.016881 0.007991
0 0.326610 0.437744 0.004729 0.003565
0 0.676172 0.429319 0.021805 0.008293
0 0.661255 0.944766 0.021805 0.008290
0 0.289684 0.929195 0.021805 0.008290
0 0.698237 0.429228 0.016881 0.007991
0 0.683774 0.944543 0.016534 0.007991
0 0.312075 0.928980 0.016881 0.007991
0 0.699491 0.437759 0.004846 0.003879
0 0.313235 0.937585 0.004729 0.003565
0 0.591112 0.757858 0.008858 0.004289
0 0.559135 0.762548 0.008549 0.004229
0 0.308021 0.743333 0.005569 0.004215
0 0.262543 0.746785 0.013367 0.004332
0 0.205625 0.808857 0.011850 0.004172
0 0.217374 0.737204 0.006663 0.004166
0 0.261985 0.814498 0.008507 0.004209
0 0.182850 0.707803 0.008614 0.004206
0 0.314568 0.672244 0.007133 0.004067
0 0.359277 0.696760 0.005674 0.004263
0 0.262761 0.657525 0.005660 0.004243
0 0.363049 0.283944 0.005569 0.004218
0 0.321424 0.213055 0.005664 0.004235
0 0.182753 0.178941 0.011979 0.004192
0 0.180295 0.322568 0.011930 0.004218
0 0.208719 0.164048 0.011880 0.004209
0 0.206978 0.322629 0.008442 0.004221
0 0.682474 0.243427 0.005529 0.004135
0 0.636909 0.238836 0.013294 0.004317
0 0.689050 0.172334 0.007014 0.004007
0 0.733763 0.196871 0.005636 0.004155
0 0.637224 0.157633 0.005636 0.004135
0 0.261120 0.122867 0.008366 0.004178
0 0.591727 0.237321 0.006637 0.004109
0 0.580019 0.308917 0.011749 0.004121
0 0.607595 0.302144 0.008449 0.004175
0 0.557316 0.169232 0.008346 0.004175
0 0.595450 0.145067 0.006810 0.004007
0 0.558638 0.127219 0.011751 0.004166
0 0.729580 0.243438 0.005567 0.004135
0 0.258603 0.213985 0.013421 0.004317
0 0.204107 0.215606 0.005664 0.004184
0 0.358467 0.209295 0.007088 0.004095
0 0.259960 0.276130 0.006637 0.004184
0 0.639998 0.130097 0.011944 0.004178