0 0.496482 0.631069 0.013955 0.009510
0 0.484306 0.901491 0.061451 0.022395
0 0.588385 0.481760 0.011921 0.009153
0 0.441396 0.503412 0.014632 0.009031
0 0.517718 0.496494 0.028260 0.009498
0 0.547552 0.901984 0.046597 0.022794
0 0.592612 0.337105 0.018041 0.009347
0 0.406933 0.540024 0.011782 0.009062
0 0.511643 0.331960 0.018529 0.009347
0 0.611450 0.403416 0.025061 0.009359
0 0.414887 0.632487 0.011923 0.009153
0 0.581387 0.633003 0.011921 0.009153
0 0.498807 0.759840 0.018553 0.009225
0 0.596495 0.556477 0.011780 0.009059
0 0.336345 0.226497 0.011203 0.005844
0 0.386907 0.300001 0.023316 0.009011
0 0.593134 0.923513 0.009861 0.009530