0 0.562363 0.600244 0.025351 0.009416
0 0.519046 0.845017 0.040748 0.014584
0 0.560636 0.845118 0.030764 0.014267
0 0.490242 0.228481 0.025683 0.008660
0 0.568580 0.499966 0.028136 0.008734
0 0.622637 0.228844 0.026028 0.008503
0 0.554279 0.232969 0.025179 0.008863
0 0.346353 0.191126 0.020393 0.009977
0 0.345916 0.377497 0.012239 0.008689
0 0.502407 0.377845 0.011872 0.008791
0 0.511577 0.279371 0.012235 0.008817
0 0.642626 0.486538 0.014184 0.008851
0 0.416524 0.540355 0.011653 0.008800
0 0.491934 0.541153 0.011538 0.008743
0 0.675829 0.299819 0.018031 0.009085
0 0.611668 0.339886 0.011731 0.008883
0 0.683947 0.647892 0.018281 0.008948
0 0.342361 0.539017 0.011570 0.008968
0 0.436231 0.611851 0.018146 0.008737
0 0.526749 0.660419 0.025018 0.008865
0 0.405605 0.376777 0.014909 0.008646
0 0.689317 0.180733 0.009033 0.004441