0 0.810301 0.493880 0.013897 0.005019
0 0.776658 0.496389 0.006796 0.004594
0 0.732046 0.506139 0.007062 0.005078
0 0.732006 0.430249 0.006575 0.004768
0 0.813104 0.648042 0.020139 0.005164
0 0.665752 0.660530 0.009734 0.004748
0 0.796303 0.574042 0.006641 0.005207
0 0.656910 0.542021 0.016206 0.005386
0 0.611108 0.505791 0.009861 0.004850
0 0.611358 0.571176 0.010224 0.005115
0 0.670760 0.591726 0.006661 0.005304
0 0.736975 0.584151 0.006796 0.005577
0 0.158442 0.468559 0.006532 0.004905
0 0.269775 0.610241 0.009718 0.005053
0 0.151169 0.557353 0.006407 0.004902
0 0.356508 0.423172 0.013443 0.004611
0 0.269510 0.394601 0.009720 0.005053
0 0.340102 0.553492 0.009859 0.004791
0 0.354042 0.368736 0.009720 0.005053
0 0.209266 0.474729 0.006450 0.005195
0 0.263192 0.455192 0.016143 0.005284
0 0.334331 0.482649 0.006627 0.005053
0 0.320597 0.417736 0.006603 0.004819
0 0.176024 0.610254 0.009718 0.005050
0 0.203726 0.557015 0.006327 0.004933
0 0.272948 0.548685 0.006778 0.005081
0 0.230940 0.394630 0.009718 0.005053
0 0.673434 0.433475 0.006607 0.005161
0 0.694498 0.350653 0.006555 0.004970
0 0.748737 0.648578 0.010199 0.004600
0 0.244995 0.759128 0.022370 0.007820
0 0.268084 0.759223 0.016683 0.007857
0 0.941459 0.734246 0.016683 0.007860
0 0.918094 0.734044 0.022370 0.007820
0 0.630037 0.433910 0.010238 0.004782
0 0.324927 0.368091 0.020155 0.004976
0 0.653976 0.351965 0.009956 0.005212