0 0.651795 0.824772 0.005638 0.004317
0 0.608145 0.605714 0.008549 0.004263
0 0.612557 0.813814 0.006960 0.004260
0 0.334087 0.656921 0.005644 0.004175
0 0.296203 0.657481 0.005644 0.004178
0 0.225300 0.813817 0.006849 0.004260
0 0.250835 0.648977 0.013308 0.004406
0 0.318268 0.619481 0.008565 0.004298
0 0.210417 0.683289 0.006919 0.004155
0 0.186094 0.762548 0.008549 0.004229
0 0.218073 0.757858 0.008860 0.004289
0 0.167108 0.692642 0.008577 0.004263
0 0.220958 0.605715 0.008521 0.004243
0 0.187146 0.605007 0.011870 0.004258
0 0.186555 0.843093 0.011823 0.004278
0 0.265890 0.792509 0.012061 0.004232
0 0.264495 0.824759 0.005654 0.004303
0 0.271963 0.734563 0.005747 0.004246
0 0.306367 0.734986 0.007060 0.004249
0 0.721381 0.656929 0.005636 0.004146
0 0.683509 0.657479 0.005636 0.004146
0 0.638049 0.648974 0.013409 0.004429
0 0.574450 0.604997 0.011854 0.004283
0 0.659233 0.734548 0.005612 0.004315
0 0.693614 0.734967 0.006929 0.004275
0 0.653084 0.792506 0.012063 0.004295
0 0.605261 0.757854 0.008870 0.004320
0 0.597718 0.683290 0.006732 0.004295
0 0.573794 0.843088 0.011775 0.004295
0 0.572395 0.804981 0.008582 0.004366
0 0.296724 0.181361 0.013250 0.004152
0 0.369107 0.167874 0.012009 0.004155
0 0.342985 0.125970 0.011745 0.004132
0 0.371443 0.125975 0.008447 0.004175
0 0.294620 0.308659 0.008447 0.004175
0 0.299938 0.122834 0.008447 0.004175
0 0.345640 0.190305 0.005630 0.004138
0 0.188752 0.215553 0.005628 0.004141
0 0.583458 0.183431 0.006919 0.004155
0 0.559135 0.262690 0.008549 0.004229
0 0.591112 0.258001 0.008858 0.004289
0 0.540147 0.192784 0.008575 0.004263
0 0.593999 0.105858 0.008521 0.004243
0 0.638929 0.292652 0.012063 0.004232
0 0.637536 0.324902 0.005654 0.004303
0 0.645003 0.234705 0.005747 0.004246
0 0.679408 0.235128 0.007060 0.004249
0 0.707127 0.157063 0.005646 0.004175
0 0.669243 0.157623 0.005644 0.004178
0 0.598340 0.313960 0.006851 0.004260
0 0.623876 0.149119 0.013308 0.004406
0 0.691309 0.119624 0.008565 0.004298
0 0.560184 0.105150 0.011870 0.004258
0 0.559595 0.343236 0.011823 0.004278
0 0.374372 0.301409 0.011872 0.004175
0 0.357892 0.244357 0.006839 0.004007
0 0.294709 0.255648 0.006641 0.004121
0 0.236812 0.263480 0.005545 0.004189
0 0.190099 0.263463 0.005545 0.004121
0 0.215372 0.187961 0.007040 0.003964
0 0.661552 0.444976 0.022492 0.008424
0 0.683419 0.445090 0.017969 0.008424
0 0.290041 0.429345 0.022492 0.008424
0 0.312234 0.429624 0.017362 0.008424
0 0.288627 0.944708 0.022492 0.008424
0 0.310773 0.944825 0.017141 0.008424
0 0.674905 0.944731 0.022492 0.008424
0 0.697280 0.944528 0.017530 0.008424
0 0.313269 0.437761 0.005257 0.004215
0 0.421697 0.160842 0.020157 0.005702