0 0.700585 0.563727 0.014952 0.007147
0 0.732843 0.498349 0.011594 0.007212
0 0.805305 0.501668 0.009567 0.007144
0 0.641150 0.486847 0.009567 0.007144
0 0.327387 0.408401 0.015266 0.007343
0 0.877680 0.430613 0.009754 0.007320
0 0.651294 0.402520 0.009754 0.007320
0 0.291173 0.610627 0.014845 0.007486
0 0.188432 0.407863 0.016280 0.007420
0 0.190764 0.472661 0.009730 0.007232
0 0.198509 0.566327 0.009742 0.007460
0 0.275397 0.384045 0.022862 0.007235
0 0.271775 0.802762 0.032547 0.011442
0 0.305476 0.803077 0.024829 0.011708
0 0.332415 0.566271 0.009567 0.007349
0 0.265540 0.556192 0.011717 0.007628
0 0.220685 0.483979 0.011947 0.007127
0 0.335743 0.490125 0.010091 0.007081
0 0.332502 0.450410 0.009817 0.007035
0 0.867600 0.489051 0.009565 0.007144
0 0.325644 0.347841 0.020457 0.007671
0 0.293918 0.356971 0.014958 0.007893
0 0.622330 0.402848 0.020705 0.007429
0 0.627206 0.337654 0.020840 0.007241
0 0.668939 0.333884 0.020191 0.007323
0 0.724123 0.361645 0.022999 0.007617
0 0.797472 0.334662 0.020929 0.007261
0 0.842936 0.348077 0.012076 0.007147
0 0.760255 0.802923 0.032852 0.011856
0 0.794116 0.802992 0.024855 0.011582
0 0.745039 0.634692 0.015270 0.007292
0 0.895893 0.571733 0.020310 0.007383
0 0.879557 0.536203 0.014954 0.007144