0 0.773373 0.178069 0.009567 0.003428
0 0.816807 0.757729 0.009690 0.003266
0 0.248677 0.118005 0.009581 0.003368
0 0.408700 0.259444 0.007004 0.003403
0 0.624981 0.829145 0.005569 0.003528
0 0.736118 0.862796 0.006901 0.003283
0 0.567806 0.746897 0.005601 0.003283
0 0.569461 0.829018 0.005458 0.003571
0 0.605801 0.785355 0.005493 0.003283
0 0.684391 0.718230 0.010584 0.003283
0 0.637355 0.667200 0.009492 0.003531
0 0.683889 0.815705 0.005493 0.003249
0 0.759347 0.778635 0.005388 0.003482
0 0.785330 0.888628 0.009537 0.003337
0 0.747031 0.811728 0.005386 0.003257
0 0.555560 0.665284 0.008046 0.003460
0 0.400312 0.710500 0.009801 0.003428
0 0.400332 0.677927 0.009567 0.003428
0 0.382690 0.740318 0.005497 0.003343
0 0.382693 0.765217 0.005523 0.003463
0 0.377206 0.818458 0.006962 0.003357
0 0.322331 0.774704 0.005505 0.003292
0 0.321041 0.700788 0.010584 0.003371
0 0.248613 0.617821 0.009625 0.003178
0 0.254078 0.738302 0.005569 0.003317
0 0.274920 0.690977 0.005400 0.003329
0 0.261961 0.791282 0.005533 0.003414
0 0.208642 0.791271 0.005364 0.003431
0 0.212680 0.703539 0.005440 0.003209
0 0.169824 0.686650 0.007953 0.003502
0 0.391064 0.609597 0.009414 0.003252
0 0.787621 0.819622 0.009448 0.003212
0 0.382696 0.240474 0.005352 0.003195
0 0.391092 0.109815 0.009410 0.003329
0 0.322335 0.274769 0.005839 0.002904
0 0.330075 0.142847 0.006859 0.003431
0 0.755730 0.240460 0.005497 0.003343
0 0.647961 0.191120 0.005400 0.003329
0 0.755733 0.265359 0.005523 0.003463
0 0.750247 0.318601 0.006962 0.003357
0 0.695372 0.274846 0.005505 0.003292
0 0.694081 0.200930 0.010584 0.003371
0 0.621652 0.117964 0.009627 0.003178
0 0.376846 0.265376 0.005390 0.003178
0 0.634999 0.291425 0.005533 0.003414
0 0.581682 0.291414 0.005364 0.003431
0 0.585720 0.203682 0.005440 0.003209
0 0.764103 0.109739 0.009412 0.003252
0 0.773353 0.210643 0.009801 0.003428
0 0.212721 0.203671 0.005624 0.003266
0 0.627119 0.238444 0.005569 0.003317
0 0.261944 0.280191 0.005436 0.003277
0 0.169808 0.186926 0.007921 0.003502
0 0.208694 0.280160 0.005525 0.003465
0 0.254071 0.238474 0.005499 0.003366
0 0.274844 0.196401 0.005444 0.003294
0 0.322404 0.318589 0.006855 0.003403
0 0.323722 0.200896 0.010530 0.003406
0 0.800571 0.942280 0.025039 0.008629
0 0.825975 0.942417 0.019579 0.008629
0 0.285328 0.942280 0.025039 0.008629
0 0.285447 0.442551 0.025039 0.008629
0 0.658258 0.442625 0.025039 0.008629
0 0.310745 0.942479 0.019579 0.008629
0 0.310740 0.442639 0.019579 0.008629
0 0.683779 0.442457 0.019579 0.008629
0 0.510522 0.142578 0.006053 0.003309
0 0.137642 0.142535 0.006055 0.003309
0 0.137625 0.642344 0.006055 0.003309
0 0.580652 0.615789 0.006055 0.003309
0 0.542774 0.186793 0.008134 0.003502