0 0.690559 0.562742 0.008545 0.006043
0 0.766821 0.568012 0.013252 0.005824
0 0.661837 0.652397 0.013252 0.005536
0 0.359460 0.496914 0.008886 0.005915
0 0.712111 0.436571 0.017806 0.006009
0 0.343478 0.568559 0.008233 0.005162
0 0.355811 0.411901 0.008338 0.005986
0 0.305828 0.548325 0.008211 0.006257
0 0.254818 0.537610 0.013182 0.006006
0 0.181936 0.587628 0.008604 0.006186
0 0.378419 0.550422 0.008747 0.006397
0 0.293574 0.609869 0.008608 0.005798
0 0.272222 0.518060 0.014358 0.003526
0 0.200144 0.674564 0.008610 0.005798
0 0.116012 0.509329 0.008757 0.006086
0 0.176843 0.406088 0.020060 0.006217
0 0.241062 0.406907 0.017522 0.006283
0 0.806718 0.412970 0.008261 0.006328
0 0.853434 0.433036 0.017806 0.006009
0 0.844606 0.545267 0.008072 0.006160