0 0.185752 0.775720 0.006297 0.003346
0 0.314984 0.790569 0.005535 0.003531
0 0.177856 0.718249 0.005400 0.003537
0 0.289876 0.725296 0.006498 0.003371
0 0.228172 0.646741 0.009623 0.003445
0 0.791799 0.732516 0.004876 0.003351
0 0.231724 0.703552 0.005511 0.003406
0 0.783239 0.823864 0.006780 0.003340
0 0.695483 0.712898 0.006488 0.003380
0 0.742892 0.707851 0.010717 0.003568
0 0.643316 0.712053 0.005382 0.003366
0 0.746318 0.786176 0.006317 0.003380
0 0.484023 0.705754 0.009621 0.003397
0 0.502293 0.153748 0.006899 0.003762
0 0.503032 0.187992 0.009490 0.003497
0 0.594242 0.306577 0.009480 0.003197
0 0.671683 0.253391 0.005495 0.003340
0 0.665702 0.198062 0.010586 0.003511
0 0.779397 0.204501 0.005374 0.003326
0 0.615991 0.189290 0.005374 0.003323
0 0.594252 0.188173 0.009460 0.003397
0 0.770508 0.266801 0.005493 0.003508
0 0.593956 0.300816 0.014534 0.003383
0 0.603678 0.255459 0.005495 0.003497
0 0.512407 0.255400 0.005491 0.003705
0 0.502620 0.300671 0.014534 0.003383
0 0.503068 0.306365 0.009480 0.003628
0 0.275717 0.431680 0.018624 0.006917
0 0.294912 0.431680 0.014084 0.006917
0 0.302859 0.439722 0.003228 0.002915
0 0.669069 0.431606 0.014084 0.006917
0 0.493242 0.775363 0.005384 0.003522
0 0.543093 0.804531 0.007012 0.003368
0 0.575697 0.714021 0.006780 0.003380
0 0.509334 0.681740 0.005402 0.003223
0 0.810709 0.821704 0.014572 0.003317
0 0.791751 0.697982 0.007012 0.003408
0 0.677965 0.794132 0.006992 0.003368
0 0.568254 0.676969 0.007022 0.003366
0 0.581326 0.784298 0.005404 0.003522
0 0.619664 0.784272 0.005501 0.003522
0 0.800598 0.779336 0.005404 0.003522
0 0.810706 0.826825 0.009492 0.003408
0 0.235747 0.790993 0.010723 0.003497
0 0.160668 0.639457 0.014183 0.003326
0 0.160882 0.634443 0.009520 0.003323
0 0.210791 0.833112 0.006800 0.003351
0 0.817584 0.718978 0.009603 0.003394
0 0.160273 0.680677 0.006800 0.003354
0 0.192112 0.652756 0.005412 0.003494
0 0.253537 0.698460 0.005515 0.003394
0 0.338191 0.710170 0.005525 0.003525
0 0.196273 0.272022 0.006297 0.003337
0 0.160663 0.139648 0.014181 0.003286
0 0.160827 0.134632 0.009520 0.003360
0 0.193938 0.312960 0.006800 0.003417
0 0.336876 0.199775 0.005523 0.003522
0 0.314926 0.279225 0.005396 0.003494
0 0.188001 0.216252 0.005396 0.003494
0 0.289080 0.226294 0.006498 0.003411
0 0.239418 0.300527 0.010615 0.003511
0 0.316119 0.326143 0.006879 0.003326
0 0.226253 0.221587 0.005386 0.003351
0 0.278164 0.281607 0.006758 0.003272
0 0.253538 0.198557 0.005493 0.003394
0 0.348293 0.239179 0.006798 0.003380
0 0.159082 0.225154 0.006800 0.003354
0 0.228182 0.146867 0.009625 0.003383
0 0.193412 0.149769 0.005402 0.003494
0 0.759354 0.307053 0.006865 0.003380
0 0.651871 0.306201 0.006865 0.003380
0 0.662993 0.153940 0.006768 0.003383
0 0.593569 0.153805 0.006768 0.003380
0 0.756638 0.206649 0.005684 0.003323
0 0.734708 0.279942 0.007002 0.003337
0 0.667929 0.931609 0.014084 0.006917
0 0.294755 0.931815 0.014084 0.006919
0 0.649801 0.431616 0.018622 0.006919
0 0.648715 0.931612 0.018624 0.006917
0 0.275691 0.931660 0.018624 0.006917
0 0.681736 0.439906 0.003230 0.002918
0 0.675867 0.939705 0.003228 0.002915
0 0.302833 0.939778 0.003228 0.002918