0 0.586499 0.708391 0.006442 0.003360
0 0.707044 0.699739 0.005400 0.003326
0 0.725721 0.795175 0.014445 0.003351
0 0.627709 0.269642 0.005505 0.003508
0 0.733106 0.255165 0.005402 0.003508
0 0.667719 0.195215 0.010623 0.003522
0 0.722412 0.201667 0.005481 0.003363
0 0.694810 0.209340 0.006992 0.003337
0 0.593590 0.183494 0.005382 0.003323
0 0.574152 0.206357 0.006466 0.003343
0 0.659787 0.306374 0.006772 0.003331
0 0.159082 0.225154 0.006800 0.003354
0 0.228182 0.146867 0.009625 0.003383
0 0.193412 0.149769 0.005402 0.003494
0 0.196273 0.272022 0.006297 0.003337
0 0.160663 0.139648 0.014181 0.003286
0 0.160827 0.134632 0.009520 0.003360
0 0.193938 0.312960 0.006800 0.003417
0 0.336876 0.199775 0.005523 0.003522
0 0.314926 0.279225 0.005396 0.003494
0 0.188001 0.216252 0.005396 0.003494
0 0.289080 0.226294 0.006498 0.003411
0 0.239418 0.300527 0.010615 0.003511
0 0.316119 0.326143 0.006879 0.003326
0 0.226253 0.221587 0.005386 0.003351
0 0.278164 0.281607 0.006758 0.003272
0 0.253538 0.198557 0.005493 0.003394
0 0.348293 0.239179 0.006798 0.003380
0 0.737431 0.155797 0.006053 0.003403
0 0.566105 0.268953 0.005404 0.003508
0 0.598611 0.269004 0.008799 0.003337
0 0.699091 0.796650 0.006822 0.003360
0 0.714633 0.750228 0.005475 0.003517
0 0.690641 0.664182 0.006923 0.003337
0 0.253537 0.698460 0.005515 0.003394
0 0.192112 0.652756 0.005412 0.003494
0 0.338191 0.710170 0.005525 0.003525
0 0.185752 0.775720 0.006297 0.003346
0 0.314984 0.790569 0.005535 0.003531
0 0.177856 0.718249 0.005400 0.003537
0 0.289876 0.725296 0.006498 0.003371
0 0.228172 0.646741 0.009623 0.003445
0 0.235747 0.790993 0.010723 0.003497
0 0.160668 0.639457 0.014183 0.003326
0 0.275668 0.431619 0.018622 0.006720
0 0.294926 0.431639 0.014217 0.006720
0 0.302857 0.439741 0.002910 0.002536
0 0.648684 0.431607 0.018622 0.006720
0 0.667910 0.431661 0.014292 0.006720
0 0.675772 0.439696 0.003000 0.002226
0 0.648678 0.931496 0.018501 0.006720
0 0.667838 0.931582 0.014193 0.006999
0 0.675703 0.939671 0.003057 0.002505
0 0.275775 0.931676 0.018469 0.006720
0 0.294917 0.931637 0.014074 0.006723
0 0.302861 0.939769 0.002821 0.002536
0 0.160882 0.634443 0.009520 0.003323
0 0.210791 0.833112 0.006800 0.003351
0 0.231724 0.703552 0.005511 0.003406
0 0.160273 0.680677 0.006800 0.003354
0 0.582427 0.776064 0.005370 0.003539
0 0.725576 0.790177 0.009460 0.003408
0 0.570990 0.169003 0.006772 0.003329
0 0.621366 0.201765 0.005472 0.003508
0 0.678810 0.264060 0.006329 0.003394
0 0.666613 0.158356 0.006798 0.003397
0 0.749269 0.186773 0.009595 0.003406
0 0.748809 0.302663 0.009510 0.003411
0 0.748904 0.307720 0.014523 0.003209
0 0.631113 0.701584 0.008755 0.003334
0 0.615242 0.776066 0.005370 0.003520
0 0.665271 0.699347 0.010586 0.003522
0 0.662606 0.760962 0.006305 0.003400
0 0.727343 0.692781 0.009617 0.003357
0 0.606677 0.682972 0.005472 0.003346