0 0.636030 0.405798 0.009585 0.004300
0 0.757618 0.583139 0.004332 0.004169
0 0.748712 0.481778 0.007745 0.003910
0 0.788694 0.481076 0.004312 0.004380
0 0.739877 0.439651 0.007004 0.004694
0 0.843881 0.399003 0.009402 0.004691
0 0.128551 0.656616 0.009353 0.004015
0 0.824417 0.504734 0.004884 0.004041
0 0.163913 0.655734 0.007072 0.004035
0 0.397134 0.420989 0.009162 0.004047
0 0.330152 0.516627 0.004802 0.004449
0 0.145183 0.583256 0.004346 0.003953
0 0.297506 0.619544 0.004534 0.004241
0 0.355001 0.619631 0.004590 0.004306
0 0.224482 0.622496 0.004959 0.004349
0 0.108879 0.485077 0.004846 0.004010
0 0.278007 0.485026 0.007092 0.004181
0 0.363583 0.539679 0.005013 0.004677
0 0.107082 0.585878 0.009748 0.004329
0 0.681176 0.421463 0.010838 0.003913
0 0.273569 0.438113 0.012579 0.004024
0 0.163487 0.460469 0.009629 0.004506
0 0.114230 0.519293 0.009887 0.004400
0 0.224849 0.518601 0.011060 0.004691
0 0.280042 0.519260 0.009712 0.004642
0 0.151039 0.511795 0.004552 0.004075
0 0.583489 0.420792 0.005043 0.005443
0 0.812428 0.582858 0.004203 0.004223
0 0.572899 0.484178 0.009216 0.004434
0 0.609284 0.481765 0.004793 0.004563
0 0.607022 0.549289 0.004755 0.004380
0 0.587282 0.620306 0.009510 0.004380
0 0.620935 0.620462 0.006968 0.004070
0 0.688024 0.575891 0.004910 0.004879
0 0.749820 0.757599 0.015843 0.005600
0 0.765771 0.757653 0.011828 0.005640