0 0.799315 0.379956 0.012293 0.007141
0 0.728184 0.359852 0.023281 0.007446
0 0.728241 0.468485 0.011717 0.007340
0 0.747957 0.577152 0.015185 0.007377
0 0.876961 0.516844 0.013507 0.007275
0 0.755955 0.802909 0.032950 0.011918
0 0.325449 0.461603 0.023160 0.007232
0 0.191437 0.396344 0.016272 0.007397
0 0.280397 0.606633 0.014885 0.007343
0 0.256213 0.564189 0.009766 0.007158
0 0.196774 0.564252 0.009764 0.007158
0 0.789732 0.802995 0.024970 0.011822
0 0.186619 0.484819 0.009853 0.007340
0 0.230972 0.477052 0.009853 0.007235
0 0.316983 0.564257 0.011653 0.007226
0 0.258610 0.406052 0.012211 0.007161
0 0.277458 0.353938 0.016528 0.007426
0 0.326075 0.364166 0.009764 0.007158
0 0.321052 0.317413 0.014885 0.007340
0 0.272220 0.803010 0.032827 0.011950
0 0.305988 0.802987 0.025042 0.011762
0 0.828861 0.380938 0.009879 0.007263
0 0.649624 0.380445 0.009881 0.007263
0 0.658165 0.445064 0.009639 0.007261
0 0.798086 0.464029 0.009748 0.007261
0 0.853905 0.433576 0.009643 0.007352
0 0.866320 0.480810 0.014849 0.007446
0 0.700473 0.504900 0.014851 0.007446