0 0.805476 0.537219 0.006776 0.004417
0 0.702544 0.466751 0.013385 0.004383
0 0.703591 0.529258 0.007951 0.004226
0 0.626379 0.568425 0.011799 0.004146
0 0.298521 0.575725 0.018412 0.004201
0 0.746471 0.473294 0.008719 0.004206
0 0.779609 0.472367 0.008128 0.004203
0 0.299761 0.455912 0.012140 0.004272
0 0.218394 0.525486 0.007878 0.004241
0 0.114902 0.527364 0.006766 0.004383
0 0.206051 0.400637 0.008535 0.004186
0 0.224451 0.451003 0.013468 0.004400
0 0.626355 0.574819 0.018247 0.004018
0 0.107933 0.454165 0.006722 0.004112
0 0.268399 0.457673 0.006720 0.004221
0 0.145410 0.452496 0.008168 0.004241
0 0.162035 0.527371 0.006766 0.004380
0 0.281718 0.517895 0.006925 0.004380
0 0.197943 0.572177 0.008567 0.004252
0 0.621037 0.456815 0.011971 0.004169
0 0.643174 0.466976 0.006579 0.004189
0 0.814453 0.465212 0.006778 0.004201
0 0.697785 0.411926 0.008670 0.004263
0 0.734268 0.584870 0.008519 0.004218
0 0.637155 0.517900 0.006770 0.004372
0 0.761396 0.537216 0.006891 0.004377
0 0.298432 0.569501 0.011912 0.004275
0 0.717495 0.743199 0.023921 0.009561
0 0.741677 0.743008 0.018680 0.009561
0 0.241947 0.743071 0.023935 0.009897
0 0.266000 0.742747 0.019158 0.008549