0 0.160882 0.634443 0.009520 0.003323
0 0.289080 0.226294 0.006498 0.003411
0 0.239418 0.300527 0.010615 0.003511
0 0.316119 0.326143 0.006879 0.003326
0 0.226253 0.221587 0.005386 0.003351
0 0.235747 0.790993 0.010723 0.003497
0 0.160668 0.639457 0.014183 0.003326
0 0.210791 0.833112 0.006800 0.003351
0 0.231724 0.703552 0.005511 0.003406
0 0.160273 0.680677 0.006800 0.003354
0 0.626529 0.657790 0.006986 0.003394
0 0.625388 0.718445 0.005505 0.003366
0 0.618894 0.783606 0.007020 0.003394
0 0.674239 0.718374 0.005404 0.003508
0 0.564554 0.726238 0.005364 0.003323
0 0.192112 0.652756 0.005412 0.003494
0 0.253537 0.698460 0.005515 0.003394
0 0.338191 0.710170 0.005525 0.003525
0 0.314984 0.790569 0.005535 0.003531
0 0.177856 0.718249 0.005400 0.003537
0 0.289876 0.725296 0.006498 0.003371
0 0.228172 0.646741 0.009623 0.003445
0 0.185752 0.775720 0.006297 0.003346
0 0.278164 0.281607 0.006758 0.003272
0 0.253538 0.198557 0.005493 0.003394
0 0.348293 0.239179 0.006798 0.003380
0 0.717990 0.165844 0.005583 0.003480
0 0.707057 0.202110 0.005354 0.003309
0 0.728950 0.207820 0.006766 0.003329
0 0.650372 0.156099 0.006861 0.003311
0 0.641229 0.300292 0.006871 0.003314
0 0.159082 0.225154 0.006800 0.003354
0 0.193412 0.149769 0.005402 0.003494
0 0.228182 0.146867 0.009625 0.003383
0 0.628381 0.198300 0.008880 0.003354
0 0.666484 0.198651 0.010578 0.003502
0 0.665919 0.253712 0.006276 0.003354
0 0.707248 0.253625 0.005356 0.003500
0 0.617616 0.258729 0.005460 0.003471
0 0.582412 0.258733 0.005396 0.003485
0 0.584479 0.203985 0.006488 0.003366
0 0.603046 0.178803 0.005462 0.003289
0 0.581066 0.157365 0.009494 0.003337
0 0.580255 0.163502 0.014489 0.003237
0 0.196273 0.272022 0.006297 0.003337
0 0.160663 0.139648 0.014181 0.003286
0 0.160827 0.134632 0.009520 0.003360
0 0.193938 0.312960 0.006800 0.003417
0 0.336876 0.199775 0.005523 0.003522
0 0.314926 0.279225 0.005396 0.003494
0 0.188001 0.216252 0.005396 0.003494
0 0.764965 0.718346 0.005404 0.003508
0 0.275710 0.431669 0.018569 0.006854
0 0.294878 0.431572 0.014233 0.006854
0 0.302831 0.439685 0.003123 0.002419
0 0.648717 0.431596 0.018569 0.006857
0 0.667966 0.431718 0.014340 0.006857
0 0.675720 0.439771 0.003063 0.002362
0 0.649837 0.931619 0.018569 0.006857
0 0.669055 0.931700 0.014298 0.006854
0 0.681752 0.939783 0.002956 0.002394
0 0.275738 0.931643 0.018569 0.006854
0 0.294929 0.931713 0.014251 0.006857
0 0.302864 0.939856 0.002908 0.002419