0 0.283299 0.419701 0.018048 0.013335
0 0.342813 0.691116 0.025057 0.013931
0 0.599202 0.612593 0.016929 0.013498
0 0.411171 0.285834 0.025279 0.014564
0 0.439936 0.396120 0.039307 0.014903
0 0.468352 0.716737 0.025279 0.013977
0 0.318277 0.568816 0.016929 0.013914
0 0.469379 0.586069 0.016740 0.013506
0 0.534419 0.366063 0.025279 0.013826
0 0.651862 0.716200 0.025279 0.013814
0 0.700451 0.612691 0.016929 0.013466
0 0.534758 0.435101 0.025898 0.013903
0 0.282889 0.404323 0.017199 0.013549