0 0.169870 0.523451 0.006204 0.004782
0 0.370425 0.577102 0.015092 0.006703
0 0.394960 0.507263 0.011221 0.006523
0 0.216501 0.523418 0.006204 0.004785
0 0.282212 0.391777 0.012029 0.005657
0 0.292320 0.578017 0.011221 0.006526
0 0.342076 0.360231 0.011221 0.006526
0 0.195688 0.575737 0.011219 0.006526
0 0.221854 0.397046 0.010288 0.004882
0 0.336982 0.415721 0.010683 0.004813
0 0.263656 0.335110 0.011221 0.006526
0 0.200792 0.447231 0.006383 0.004830
0 0.161387 0.473542 0.004741 0.004645
0 0.364388 0.441300 0.004739 0.004645
0 0.352125 0.508363 0.006204 0.004785
0 0.282422 0.508595 0.006113 0.005004
0 0.769562 0.337529 0.005579 0.004394
0 0.754365 0.540024 0.005398 0.004363
0 0.765330 0.394226 0.005390 0.004337
0 0.663223 0.611389 0.014634 0.005936
0 0.681250 0.550737 0.005390 0.004317
0 0.705936 0.388481 0.005638 0.004298
0 0.708429 0.493522 0.010117 0.004298
0 0.106105 0.350046 0.008813 0.005061
0 0.637923 0.394095 0.008813 0.005061
0 0.259857 0.770368 0.019549 0.009137
0 0.279792 0.770289 0.014910 0.008980
0 0.749516 0.770419 0.014910 0.008983
0 0.729653 0.770601 0.019549 0.009137
0 0.688532 0.607733 0.011221 0.006523
0 0.723783 0.614895 0.011221 0.006523
0 0.800340 0.499144 0.011221 0.006523
0 0.749515 0.289773 0.011221 0.006523
0 0.706820 0.323799 0.004739 0.004645
0 0.664497 0.470145 0.004739 0.004645
0 0.776460 0.461765 0.012029 0.005657
0 0.715685 0.463340 0.007896 0.004964