0 0.366387 0.085832 0.075188 0.024618
0 0.293931 0.521716 0.007615 0.011528
0 0.496579 0.444550 0.016206 0.011460
0 0.426604 0.439994 0.038533 0.011733
0 0.430306 0.584236 0.016186 0.010661
0 0.328180 0.509450 0.017335 0.011260
0 0.344507 0.586773 0.016206 0.011460
0 0.371318 0.379316 0.035271 0.011551
0 0.440843 0.369102 0.025096 0.010998
0 0.428413 0.662329 0.025094 0.010998
0 0.549791 0.667712 0.034326 0.011365
0 0.524225 0.585867 0.017488 0.011881
0 0.541460 0.506058 0.034725 0.010867
0 0.542622 0.444470 0.016348 0.011631
0 0.369724 0.458059 0.016348 0.011631
0 0.327239 0.471015 0.025094 0.010998
0 0.654305 0.096042 0.069061 0.027357