0 0.634924 0.412602 0.011227 0.007760
0 0.569888 0.413108 0.010154 0.007696
0 0.515860 0.398170 0.015050 0.007644
0 0.423253 0.388027 0.022826 0.007452
0 0.281002 0.653856 0.020063 0.007584
0 0.334397 0.413151 0.010154 0.007696
0 0.361630 0.299551 0.014841 0.007345
0 0.637029 0.572193 0.010529 0.008311
0 0.286881 0.363596 0.019946 0.007439
0 0.286582 0.433459 0.020097 0.007995
0 0.313043 0.540105 0.010027 0.007460
0 0.340293 0.656417 0.014838 0.007345
0 0.435447 0.578405 0.009879 0.007696
0 0.546105 0.578243 0.010529 0.008311
0 0.456209 0.902875 0.036733 0.012565
0 0.494387 0.902706 0.029057 0.012227