0 0.441467 0.611986 0.016712 0.008356
0 0.341248 0.646912 0.017201 0.008199
0 0.428932 0.505922 0.011042 0.008453
0 0.453677 0.489178 0.023260 0.008421
0 0.433036 0.455319 0.016619 0.008256
0 0.441702 0.419668 0.023105 0.008359
0 0.388279 0.476100 0.026113 0.008341
0 0.346600 0.505399 0.017213 0.008581
0 0.311303 0.507999 0.013889 0.008413
0 0.287117 0.530469 0.011042 0.008455
0 0.296807 0.581449 0.011044 0.008455
0 0.336508 0.581425 0.011042 0.008453
0 0.387390 0.582347 0.013252 0.008455
0 0.441604 0.561539 0.011130 0.008453
0 0.492874 0.834151 0.015219 0.012918
0 0.516040 0.834316 0.022928 0.012918
0 0.485236 0.851123 0.007526 0.007187