0 0.686878 0.437422 0.007332 0.004329
0 0.639113 0.465076 0.004671 0.004337
0 0.743004 0.331810 0.005432 0.004360
0 0.778872 0.610681 0.010542 0.005785
0 0.660023 0.550702 0.005402 0.004386
0 0.776388 0.550935 0.005422 0.004366
0 0.809168 0.468983 0.010848 0.005882
0 0.737630 0.459622 0.011171 0.004483
0 0.743145 0.393337 0.005416 0.004503
0 0.779902 0.409293 0.010701 0.005842
0 0.687286 0.484659 0.010075 0.004394
0 0.671054 0.608274 0.010494 0.005714
0 0.729778 0.293827 0.010566 0.005831
0 0.642005 0.611409 0.014765 0.005623
0 0.686445 0.388501 0.005660 0.004246
0 0.815963 0.543501 0.010552 0.005737
0 0.352173 0.564934 0.005362 0.004283
0 0.370500 0.634125 0.014709 0.005885
0 0.280897 0.564947 0.005344 0.004258
0 0.216523 0.576547 0.005547 0.004323
0 0.398009 0.564755 0.010586 0.005839
0 0.228680 0.468930 0.009611 0.004323
0 0.169927 0.576520 0.005545 0.004320
0 0.277000 0.494672 0.011134 0.004494
0 0.199848 0.494987 0.005672 0.004309
0 0.341322 0.418404 0.010163 0.004383
0 0.346079 0.372907 0.010566 0.005831
0 0.250004 0.434129 0.010566 0.005831
0 0.194550 0.626250 0.010566 0.005831
0 0.289936 0.634508 0.010566 0.005831
0 0.364110 0.495791 0.004671 0.004337
0 0.160145 0.527335 0.004671 0.004337
0 0.273375 0.675740 0.010848 0.005882
0 0.259915 0.770351 0.019637 0.009102
0 0.279907 0.770291 0.014999 0.008983
0 0.749448 0.770388 0.014999 0.008983
0 0.729615 0.770420 0.019637 0.009099
0 0.685616 0.327276 0.004671 0.004337
0 0.617813 0.394007 0.008940 0.004964