0 0.874636 0.507194 0.006432 0.004745
0 0.726111 0.624253 0.006206 0.004734
0 0.350855 0.532652 0.006486 0.004716
0 0.212781 0.597033 0.007765 0.004685
0 0.200638 0.673101 0.010113 0.004668
0 0.187393 0.417072 0.009934 0.004671
0 0.341313 0.624366 0.006216 0.004668
0 0.307991 0.491727 0.007080 0.004594
0 0.365076 0.676241 0.014016 0.004719
0 0.193593 0.501392 0.016063 0.004813
0 0.117065 0.571371 0.006365 0.004668
0 0.246005 0.498091 0.006365 0.004668
0 0.094490 0.481831 0.014340 0.004842
0 0.279732 0.624373 0.006246 0.004671
0 0.120267 0.469825 0.006486 0.004716
0 0.801486 0.477716 0.016129 0.004830
0 0.803633 0.592313 0.007790 0.004688
0 0.645839 0.675016 0.014044 0.004679
0 0.671131 0.624225 0.006240 0.004779
0 0.705359 0.494907 0.007099 0.004491
0 0.753848 0.474540 0.010123 0.004736
0 0.916983 0.486835 0.014521 0.004642
0 0.804324 0.522506 0.016200 0.004557
0 0.657349 0.533152 0.006486 0.004862
0 0.663972 0.388129 0.009835 0.004363
0 0.379669 0.433537 0.012245 0.004753
0 0.635318 0.437476 0.012265 0.004716
0 0.402647 0.388182 0.010987 0.004753
0 0.888702 0.588819 0.006702 0.005053
0 0.862850 0.454416 0.010689 0.005098
0 0.799774 0.668092 0.010752 0.005321
0 0.549285 0.767511 0.025025 0.009561
0 0.573927 0.767820 0.019182 0.009558
0 0.597136 0.767590 0.019309 0.009561