0 0.328461 0.481376 0.014475 0.005688
0 0.326588 0.441898 0.010600 0.005426
0 0.374511 0.563501 0.007197 0.005531
0 0.414600 0.602449 0.014225 0.005378
0 0.412939 0.427683 0.011781 0.005945
0 0.348460 0.490452 0.008900 0.005617
0 0.255491 0.487635 0.007524 0.005460
0 0.343605 0.606137 0.010602 0.005429
0 0.147243 0.551998 0.007195 0.005534
0 0.182973 0.484429 0.007195 0.005534
0 0.725883 0.525361 0.006663 0.005329
0 0.654103 0.467448 0.008537 0.005098
0 0.738905 0.567516 0.010181 0.005275
0 0.661643 0.566101 0.010238 0.005278
0 0.247705 0.567729 0.007250 0.005534
0 0.767776 0.459530 0.014314 0.005227
0 0.625556 0.488058 0.014159 0.005229
0 0.315628 0.563260 0.007197 0.005534
0 0.792956 0.563567 0.014112 0.005281
0 0.592960 0.429486 0.011203 0.005315
0 0.630386 0.536673 0.006651 0.005150
0 0.673206 0.536633 0.006798 0.005150
0 0.773555 0.515409 0.006651 0.005152
0 0.385567 0.502455 0.014173 0.005685
0 0.791945 0.441252 0.014618 0.005298
0 0.740915 0.410869 0.010179 0.005278
0 0.682609 0.437304 0.014012 0.005289
0 0.729539 0.444098 0.007161 0.005369
0 0.150258 0.441781 0.014225 0.005375
0 0.254930 0.443377 0.010602 0.005426
0 0.184240 0.442429 0.010600 0.005429
0 0.121848 0.529705 0.010602 0.005429
0 0.170959 0.606123 0.010602 0.005429
0 0.248471 0.609003 0.010602 0.005432
0 0.148076 0.489329 0.014145 0.005417
0 0.716464 0.743166 0.025626 0.008909
0 0.741153 0.743172 0.019931 0.008909
0 0.250389 0.743160 0.025626 0.008692
0 0.275708 0.743232 0.019488 0.008834