0 0.372077 0.553288 0.013472 0.007392
0 0.362256 0.437340 0.012223 0.007258
0 0.781636 0.610586 0.009532 0.007055
0 0.810513 0.497080 0.009869 0.007192
0 0.626008 0.503746 0.014784 0.007286
0 0.636567 0.663481 0.020300 0.007429
0 0.755535 0.803046 0.032658 0.011776
0 0.831610 0.473378 0.020907 0.007144
0 0.780727 0.412942 0.012090 0.007018
0 0.755375 0.317003 0.009867 0.007192
0 0.309367 0.802929 0.025143 0.011827
0 0.789377 0.803059 0.024913 0.011767
0 0.185191 0.342292 0.009827 0.007258
0 0.656018 0.382109 0.014784 0.007286
0 0.708461 0.591471 0.011574 0.007286
0 0.759800 0.663823 0.014784 0.007286
0 0.637684 0.617144 0.014784 0.007286
0 0.699206 0.537494 0.023180 0.007241
0 0.701327 0.328550 0.009534 0.007055
0 0.701391 0.432255 0.009532 0.007058
0 0.844680 0.586977 0.009532 0.007055
0 0.266708 0.370507 0.023222 0.007258
0 0.320990 0.387336 0.009827 0.007261
0 0.777610 0.484236 0.020806 0.007201
0 0.275683 0.802952 0.032890 0.011856
0 0.349477 0.476023 0.009663 0.007258
0 0.287161 0.503117 0.011562 0.007261
0 0.255627 0.545496 0.014821 0.007258
0 0.273872 0.599213 0.015278 0.007258
0 0.361227 0.511420 0.014821 0.007258
0 0.194584 0.399601 0.009663 0.007258
0 0.226879 0.502556 0.009663 0.007261
0 0.173481 0.455983 0.014823 0.007258