0 0.647156 0.340604 0.015263 0.007731
0 0.494391 0.467430 0.010855 0.006240
0 0.409131 0.601397 0.017980 0.006670
0 0.462070 0.904722 0.049716 0.016497
0 0.516041 0.904783 0.038311 0.016636
0 0.659908 0.467503 0.010923 0.006385
0 0.614721 0.507811 0.017242 0.006670
0 0.334619 0.435296 0.007984 0.006471
0 0.617251 0.591639 0.007982 0.006471
0 0.552717 0.576776 0.007982 0.006471
0 0.480380 0.581160 0.007984 0.006471
0 0.408671 0.274423 0.010802 0.006103
0 0.321709 0.329946 0.007982 0.006471
0 0.380343 0.335098 0.017666 0.006400
0 0.282499 0.399151 0.021141 0.007697
0 0.398091 0.436548 0.017053 0.006562
0 0.338662 0.575770 0.010562 0.006385
0 0.314884 0.678592 0.010466 0.005758
0 0.443237 0.477129 0.017376 0.006425
0 0.522526 0.379290 0.004737 0.007782
0 0.548389 0.461233 0.033840 0.006240
0 0.540323 0.452111 0.007434 0.006240
0 0.524239 0.295282 0.033840 0.006585
0 0.515893 0.304180 0.007432 0.006240