0 0.313158 0.387329 0.004237 0.002999
0 0.446630 0.741913 0.016847 0.008997
0 0.191777 0.447262 0.006818 0.003760
0 0.308261 0.480328 0.004517 0.003649
0 0.464518 0.751628 0.005454 0.004590
0 0.227617 0.427677 0.005777 0.003820
0 0.294307 0.577346 0.004390 0.003763
0 0.142738 0.593040 0.004316 0.003674
0 0.964363 0.751576 0.005571 0.004880
0 0.903741 0.741994 0.011676 0.009353
0 0.945811 0.741921 0.017280 0.009259
0 0.923127 0.741946 0.022785 0.009399
0 0.277149 0.476648 0.004308 0.003746
0 0.297776 0.625401 0.006935 0.003663
0 0.423990 0.741983 0.022519 0.009062
0 0.318012 0.387319 0.004455 0.002745
0 0.106560 0.504716 0.007296 0.003766
0 0.217249 0.577319 0.005285 0.003823
0 0.222737 0.477383 0.005523 0.003666
0 0.173345 0.500264 0.004513 0.003754
0 0.139924 0.525532 0.005591 0.003766
0 0.114648 0.504631 0.006972 0.003617
0 0.110266 0.480874 0.002599 0.003931
0 0.144757 0.487735 0.002599 0.003931
0 0.093387 0.449685 0.002599 0.003931
0 0.114592 0.429160 0.002599 0.003931