0 0.247858 0.743190 0.023824 0.009020
0 0.271948 0.743173 0.018352 0.009105
0 0.281875 0.753256 0.003911 0.003064
0 0.717583 0.743122 0.023826 0.009020
0 0.741708 0.742894 0.018350 0.009105
0 0.751653 0.753378 0.003911 0.003064
0 0.043988 0.561301 0.012001 0.004295
0 0.896273 0.493837 0.006796 0.004255
0 0.929199 0.486889 0.011713 0.004420
0 0.071555 0.418166 0.008662 0.004221
0 0.128079 0.541134 0.007929 0.004526
0 0.454277 0.461891 0.012087 0.004431
0 0.053927 0.514592 0.006790 0.004563
0 0.281401 0.554239 0.007050 0.004688
0 0.330569 0.554292 0.006897 0.004679
0 0.434338 0.541106 0.006972 0.004583
0 0.920504 0.611560 0.011952 0.004540
0 0.920674 0.604560 0.018338 0.004446
0 0.509281 0.458537 0.012114 0.004677
0 0.884416 0.608012 0.008767 0.004568
0 0.524657 0.545675 0.007002 0.004659
0 0.631846 0.556968 0.006911 0.004674
0 0.680147 0.556991 0.007080 0.004605
0 0.908013 0.551224 0.006919 0.004699
0 0.544967 0.426679 0.006758 0.004397
0 0.709912 0.466596 0.007010 0.004323
0 0.585468 0.581382 0.009059 0.004372
0 0.610409 0.416453 0.009011 0.004466
0 0.752452 0.568481 0.009156 0.004560
0 0.775647 0.467588 0.008316 0.004426
0 0.835240 0.461268 0.013538 0.004725
0 0.839497 0.559853 0.008029 0.004574
0 0.896257 0.448467 0.008876 0.004429
0 0.044241 0.567603 0.018255 0.004457
0 0.073203 0.567722 0.008626 0.004295
0 0.069462 0.465141 0.006778 0.004491
0 0.195487 0.458316 0.008422 0.004463
0 0.136616 0.440483 0.013341 0.004762
0 0.257645 0.465539 0.006778 0.004374
0 0.414223 0.418795 0.006887 0.004531
0 0.356411 0.408102 0.009055 0.004406
0 0.337678 0.463349 0.009065 0.004497
0 0.378572 0.574293 0.009170 0.004386
0 0.216184 0.558317 0.009035 0.004466
0 0.039975 0.439551 0.011850 0.004454
0 0.625359 0.469062 0.008843 0.004480