0 0.655990 0.262742 0.005348 0.003381
0 0.711087 0.264732 0.004642 0.003324
0 0.756431 0.264591 0.004650 0.003327
0 0.680869 0.307265 0.006809 0.003367
0 0.752743 0.191874 0.005531 0.003241
0 0.719399 0.183505 0.004560 0.003213
0 0.746356 0.137972 0.006870 0.003338
0 0.722619 0.130084 0.009597 0.003481
0 0.637424 0.127440 0.006942 0.003341
0 0.604834 0.177962 0.004564 0.003210
0 0.650602 0.179155 0.010677 0.003327
0 0.579839 0.167670 0.009506 0.003384
0 0.378357 0.236874 0.004519 0.003355
0 0.344431 0.207838 0.005580 0.003184
0 0.291071 0.321735 0.006787 0.003367
0 0.196374 0.321860 0.009349 0.003315
0 0.274968 0.279685 0.005428 0.003355
0 0.202996 0.190383 0.009407 0.003355
0 0.215107 0.266099 0.005469 0.003207
0 0.284724 0.147194 0.006799 0.003401
0 0.230280 0.151202 0.009776 0.003275
0 0.202259 0.151183 0.006904 0.003381
0 0.371160 0.283515 0.004602 0.003312
0 0.225012 0.200986 0.004533 0.003295
0 0.328597 0.283529 0.004644 0.003341
0 0.275020 0.193097 0.010730 0.003355
0 0.268937 0.670499 0.010714 0.003324
0 0.349503 0.702564 0.005586 0.003213
0 0.310605 0.657145 0.006777 0.003338
0 0.694910 0.636103 0.006906 0.003324
0 0.650062 0.652734 0.010712 0.003295
0 0.579877 0.658702 0.009405 0.003327
0 0.190652 0.816575 0.009415 0.003281
0 0.210564 0.760668 0.005467 0.003184
0 0.223758 0.695755 0.004489 0.003341
0 0.198882 0.676425 0.009375 0.003324
0 0.226889 0.647175 0.009766 0.003295
0 0.571667 0.298780 0.009369 0.003255
0 0.591588 0.242794 0.005487 0.003227
0 0.381964 0.729924 0.004562 0.003327
0 0.375315 0.793592 0.004572 0.003312
0 0.330082 0.793663 0.004646 0.003398
0 0.274955 0.785733 0.005293 0.003312
0 0.218359 0.817308 0.006785 0.003327
0 0.599402 0.799420 0.006803 0.003338
0 0.711122 0.775954 0.004634 0.003338
0 0.655955 0.767881 0.005376 0.003338
0 0.571641 0.798723 0.009401 0.003312
0 0.591588 0.742794 0.005446 0.003227
0 0.752745 0.691894 0.005567 0.003173
0 0.756427 0.775684 0.004678 0.003341
0 0.719378 0.683513 0.004582 0.003196
0 0.604854 0.677968 0.004584 0.003198
0 0.722640 0.630140 0.009698 0.003341
0 0.483939 0.227211 0.020318 0.006223
0 0.526845 0.121652 0.020318 0.006223
0 0.526714 0.621649 0.020318 0.006223
0 0.483788 0.727387 0.020318 0.006223
0 0.283049 0.436491 0.020558 0.007834
0 0.303983 0.436424 0.015678 0.006901
0 0.656949 0.436598 0.020558 0.007831
0 0.656939 0.936529 0.020558 0.007831
0 0.283281 0.936536 0.020558 0.007834
0 0.677666 0.436629 0.015678 0.006901
0 0.677662 0.936420 0.015678 0.007377
0 0.304117 0.936686 0.015676 0.006901
0 0.377380 0.170489 0.006781 0.003207
0 0.793558 0.194759 0.006781 0.003207
0 0.793465 0.694694 0.006781 0.003207
0 0.383072 0.653070 0.006781 0.003204
0 0.145831 0.640041 0.020318 0.006223
0 0.102162 0.747657 0.019784 0.005656