0 0.615971 0.490365 0.017876 0.005701
0 0.670929 0.508965 0.007759 0.005616
0 0.513875 0.467916 0.012676 0.005673
0 0.527479 0.532968 0.007517 0.005445
0 0.548116 0.512372 0.008041 0.005644
0 0.568692 0.569969 0.007477 0.005616
0 0.552325 0.847687 0.030611 0.014330
0 0.661790 0.554932 0.007618 0.005587
0 0.550060 0.864270 0.011753 0.007560
0 0.354403 0.509036 0.007638 0.005701
0 0.363583 0.554903 0.007537 0.005587
0 0.516444 0.847637 0.030611 0.015160
0 0.412898 0.558865 0.007578 0.005644
0 0.456711 0.569997 0.007537 0.005730
0 0.614722 0.558880 0.007638 0.005730
0 0.494256 0.570054 0.007537 0.005673
0 0.531064 0.570034 0.007570 0.005610
0 0.497743 0.532939 0.007618 0.005559
0 0.479756 0.512357 0.007840 0.005616
0 0.411931 0.490351 0.017775 0.005901