0 0.372778 0.458253 0.008809 0.006642
0 0.442370 0.475584 0.012296 0.006528
0 0.349133 0.235465 0.013808 0.006471
0 0.326343 0.549464 0.013908 0.006471
0 0.303378 0.247212 0.013925 0.006471
0 0.381284 0.308010 0.022838 0.006613
0 0.330306 0.343501 0.011429 0.006328
0 0.328039 0.614823 0.019028 0.006556
0 0.388398 0.570188 0.009772 0.006534
0 0.442633 0.592660 0.009393 0.006585
0 0.455392 0.403820 0.009192 0.006556
0 0.450519 0.330382 0.009230 0.006773
0 0.441637 0.890416 0.040125 0.014327
0 0.483569 0.890426 0.030512 0.014433
0 0.498974 0.563690 0.012332 0.006371
0 0.545745 0.550589 0.012643 0.006371
0 0.498733 0.643040 0.012330 0.006371
0 0.503792 0.908712 0.012614 0.008176