0 0.217374 0.737204 0.006663 0.004166
0 0.261985 0.814498 0.008507 0.004209
0 0.182850 0.707803 0.008614 0.004206
0 0.314568 0.672244 0.007133 0.004067
0 0.359277 0.696760 0.005674 0.004263
0 0.262761 0.657525 0.005660 0.004243
0 0.277527 0.629936 0.011858 0.004146
0 0.221031 0.644922 0.006768 0.004058
0 0.184237 0.627100 0.011900 0.004209
0 0.355108 0.743361 0.005569 0.004215
0 0.567315 0.731106 0.012079 0.004172
0 0.572981 0.811858 0.006768 0.004098
0 0.565657 0.865494 0.011801 0.004172
0 0.635300 0.565469 0.008461 0.004144
0 0.636691 0.750797 0.013321 0.004346
0 0.646643 0.870455 0.008459 0.004141
0 0.588647 0.568611 0.011789 0.004192
0 0.592964 0.687868 0.006980 0.004075
0 0.646996 0.598568 0.005610 0.004158
0 0.646994 0.655806 0.005610 0.004158
0 0.589918 0.750533 0.005736 0.004206
0 0.597948 0.630081 0.005664 0.004203
0 0.637102 0.822008 0.006679 0.004192
0 0.308021 0.743333 0.005569 0.004215
0 0.262543 0.746785 0.013367 0.004332
0 0.205625 0.808857 0.011850 0.004172
0 0.363049 0.283944 0.005569 0.004218
0 0.321424 0.213055 0.005664 0.004235
0 0.315847 0.283973 0.005569 0.004218
0 0.196528 0.272526 0.006774 0.004050
0 0.182753 0.178941 0.011979 0.004192
0 0.180295 0.322568 0.011930 0.004218
0 0.208719 0.164048 0.011880 0.004209
0 0.206978 0.322629 0.008442 0.004221
0 0.661611 0.333927 0.006696 0.004189
0 0.580117 0.316270 0.006798 0.004041
0 0.569531 0.368168 0.011888 0.004246
0 0.593457 0.068575 0.011809 0.004201
0 0.648414 0.160235 0.005569 0.004243
0 0.652651 0.093574 0.005595 0.004246
0 0.599249 0.187415 0.007099 0.004109
0 0.572383 0.231217 0.012063 0.004246
0 0.594027 0.249979 0.005672 0.004226
0 0.658934 0.255037 0.013298 0.004420
0 0.599747 0.366349 0.008517 0.004195
0 0.688031 0.212350 0.008471 0.004198
0 0.599879 0.134409 0.005674 0.004218
0 0.258603 0.213985 0.013421 0.004317
0 0.204107 0.215606 0.005664 0.004184
0 0.358467 0.209295 0.007088 0.004095
0 0.259960 0.276130 0.006637 0.004184
0 0.261120 0.122867 0.008366 0.004178
0 0.303460 0.429279 0.021749 0.008105
0 0.325970 0.429215 0.016365 0.008108
0 0.326593 0.437710 0.004763 0.003577
0 0.776718 0.429299 0.021749 0.008105
0 0.799054 0.429409 0.016601 0.008210
0 0.800229 0.437714 0.004540 0.003625
0 0.763317 0.929168 0.021749 0.008105
0 0.785609 0.929219 0.016774 0.008105
0 0.786763 0.937660 0.004834 0.003676
0 0.289684 0.929253 0.021560 0.008105
0 0.312162 0.929114 0.016417 0.008105
0 0.313193 0.937639 0.004644 0.003776