0 0.662319 0.626471 0.011408 0.008586
0 0.427517 0.626180 0.011519 0.008580
0 0.531930 0.306166 0.017449 0.008769
0 0.305450 0.433633 0.011525 0.008178
0 0.300505 0.700906 0.017447 0.008769
0 0.701350 0.469749 0.011566 0.008176
0 0.279852 0.567778 0.011406 0.008475
0 0.637227 0.411933 0.012061 0.008883
0 0.590264 0.629822 0.011408 0.008475
0 0.406099 0.322913 0.012065 0.009019
0 0.253976 0.439393 0.011930 0.008900
0 0.253838 0.451026 0.012464 0.010781
0 0.406075 0.334252 0.012553 0.009552