0 0.774576 0.493529 0.004429 0.003843
0 0.134168 0.517309 0.004572 0.003843
0 0.140704 0.573103 0.004540 0.003925
0 0.140701 0.442127 0.004538 0.003922
0 0.309931 0.431522 0.002277 0.003751
0 0.204572 0.483188 0.005730 0.003988
0 0.277997 0.450884 0.005831 0.003940
0 0.305919 0.457223 0.007316 0.004048
0 0.310212 0.512215 0.009970 0.003905
0 0.276773 0.412741 0.002452 0.003777
0 0.464556 0.751595 0.005674 0.004832
0 0.313797 0.382694 0.002452 0.003774
0 0.204724 0.442909 0.005821 0.003891
0 0.446770 0.741874 0.017046 0.009210
0 0.262679 0.402950 0.002452 0.003774
0 0.271273 0.512680 0.004574 0.003843
0 0.275908 0.568798 0.004538 0.003925
0 0.204983 0.569845 0.005396 0.004005
0 0.203991 0.386306 0.007070 0.003843
0 0.716450 0.445436 0.005755 0.003780
0 0.964510 0.751615 0.005732 0.004826
0 0.627380 0.541603 0.004584 0.003874
0 0.806026 0.495281 0.004584 0.003874
0 0.624446 0.491407 0.007244 0.003874
0 0.708026 0.598030 0.005342 0.003843
0 0.923551 0.741770 0.022734 0.009179
0 0.716533 0.481341 0.005753 0.003777
0 0.946041 0.741827 0.016889 0.009179
0 0.669457 0.487580 0.005833 0.003957
0 0.788463 0.642436 0.007048 0.003794
0 0.768488 0.444833 0.007046 0.003794
0 0.636302 0.597913 0.004298 0.003843
0 0.786692 0.583549 0.004296 0.003843
0 0.313946 0.457032 0.007236 0.003888
0 0.632349 0.491230 0.007004 0.004096
0 0.424109 0.741756 0.023153 0.009162