0 0.421312 0.285653 0.010784 0.006807
0 0.480724 0.330954 0.017255 0.007591
0 0.557456 0.310539 0.011631 0.006938
0 0.361191 0.553907 0.007228 0.006440
0 0.580860 0.655148 0.010903 0.006727
0 0.265660 0.328201 0.012961 0.006722
0 0.824225 0.893281 0.007329 0.007611
0 0.636691 0.452111 0.015398 0.007021
0 0.619659 0.354729 0.007257 0.006528
0 0.396672 0.367329 0.007873 0.007047
0 0.345078 0.442729 0.007398 0.006445
0 0.563240 0.239233 0.010835 0.006802
0 0.479124 0.553797 0.007202 0.006642
0 0.535469 0.736221 0.011357 0.006804
0 0.259924 0.225646 0.007795 0.005174
0 0.580193 0.450768 0.007444 0.006884
0 0.817765 0.877045 0.022310 0.014125
0 0.787363 0.877232 0.029986 0.014019
0 0.641578 0.658037 0.007515 0.006901
0 0.602047 0.553917 0.007279 0.006545