0 0.365900 0.350986 0.024952 0.008826
0 0.370943 0.276203 0.020778 0.008826
0 0.417963 0.268948 0.020177 0.009373
0 0.482816 0.317692 0.029010 0.009906
0 0.621888 0.346927 0.014667 0.008079
0 0.665147 0.359997 0.012737 0.008734
0 0.651183 0.475650 0.011963 0.008461
0 0.576948 0.475663 0.012062 0.008657
0 0.486667 0.448126 0.014474 0.008372
0 0.387611 0.426525 0.012658 0.009607
0 0.369895 0.489907 0.018759 0.008845
0 0.540669 0.525148 0.018912 0.008826
0 0.355535 0.530067 0.025149 0.008532
0 0.519300 0.602037 0.018628 0.008025
0 0.519983 0.828808 0.040365 0.014253
0 0.561560 0.828930 0.030931 0.014404
0 0.401759 0.351499 0.012737 0.008734