0 0.722595 0.202564 0.005586 0.003213
0 0.309648 0.164508 0.006779 0.003230
0 0.695170 0.672644 0.004435 0.003327
0 0.596919 0.760063 0.006807 0.003312
0 0.603850 0.829885 0.009405 0.003355
0 0.650861 0.810832 0.005434 0.003341
0 0.644348 0.588469 0.004596 0.003352
0 0.206746 0.667670 0.009508 0.003384
0 0.277510 0.679155 0.010677 0.003327
0 0.231741 0.677962 0.004566 0.003210
0 0.264331 0.627440 0.006944 0.003341
0 0.349527 0.630084 0.009597 0.003481
0 0.373263 0.637972 0.006870 0.003338
0 0.346307 0.683505 0.004560 0.003213
0 0.379650 0.691874 0.005533 0.003241
0 0.307775 0.807265 0.006809 0.003367
0 0.383337 0.764591 0.004650 0.003327
0 0.337994 0.764732 0.004640 0.003324
0 0.282897 0.762742 0.005350 0.003381
0 0.218494 0.742794 0.005487 0.003227
0 0.198574 0.798780 0.009367 0.003255
0 0.644741 0.697668 0.006962 0.003312
0 0.647315 0.746306 0.010659 0.003369
0 0.701448 0.737662 0.004562 0.003255
0 0.700005 0.625507 0.005561 0.003284
0 0.666602 0.859527 0.006916 0.003341
0 0.730933 0.864387 0.009716 0.003341
0 0.714942 0.803207 0.005497 0.003216
0 0.726798 0.729051 0.009524 0.003312
0 0.643955 0.652171 0.004596 0.003310
0 0.371158 0.294048 0.004586 0.003369
0 0.203025 0.182882 0.009379 0.003375
0 0.230234 0.151173 0.009768 0.003372
0 0.225037 0.200922 0.004564 0.003281
0 0.215126 0.266103 0.005471 0.003158
0 0.378372 0.236867 0.004570 0.003284
0 0.196390 0.321954 0.009434 0.003270
0 0.222713 0.321755 0.006801 0.003270
0 0.683699 0.157145 0.006777 0.003338
0 0.276133 0.172360 0.010693 0.003324
0 0.328579 0.294032 0.004620 0.003344
0 0.599981 0.147175 0.009766 0.003295
0 0.571976 0.176425 0.009375 0.003324
0 0.596850 0.195755 0.004489 0.003341
0 0.583659 0.260668 0.005467 0.003184
0 0.274973 0.285093 0.005398 0.003310
0 0.642031 0.170499 0.010714 0.003324
0 0.832930 0.293592 0.004638 0.003341
0 0.283163 0.436642 0.019847 0.006368
0 0.303886 0.436521 0.015428 0.006833
0 0.475085 0.247176 0.020655 0.006793
0 0.518856 0.139675 0.020054 0.006454
0 0.807545 0.364793 0.020222 0.005898
0 0.840208 0.364745 0.019944 0.005601
0 0.656143 0.436659 0.019736 0.006556
0 0.676942 0.436524 0.015009 0.006417
0 0.656746 0.942898 0.020042 0.006879
0 0.677452 0.942775 0.015231 0.006633
0 0.283973 0.936507 0.020016 0.006508
0 0.304665 0.936397 0.015221 0.006881
0 0.153864 0.621646 0.020024 0.006086
0 0.110882 0.727152 0.020304 0.006226
0 0.377674 0.170500 0.007039 0.003241
0 0.420760 0.694739 0.007019 0.002996
0 0.727068 0.574477 0.007061 0.002774
0 0.756397 0.153000 0.006819 0.003007
0 0.591452 0.317308 0.006783 0.003327
0 0.648048 0.285733 0.005291 0.003312
0 0.703175 0.293663 0.004648 0.003398
0 0.748410 0.293592 0.004572 0.003312
0 0.344418 0.207831 0.005563 0.003198
0 0.563744 0.316575 0.009415 0.003281
0 0.755057 0.229924 0.004564 0.003327