0 0.074689 0.419775 0.006802 0.004223
0 0.191516 0.579689 0.008545 0.004252
0 0.362872 0.404664 0.008553 0.004072
0 0.425799 0.462541 0.006875 0.004221
0 0.062155 0.588102 0.008594 0.004241
0 0.131107 0.528172 0.008573 0.004266
0 0.366082 0.461562 0.013530 0.004417
0 0.441210 0.527179 0.006909 0.004400
0 0.374311 0.527260 0.007929 0.004255
0 0.455376 0.574876 0.012013 0.004292
0 0.398966 0.580027 0.008704 0.004363
0 0.922846 0.469959 0.006889 0.004226
0 0.938025 0.530459 0.006754 0.004417
0 0.706485 0.537600 0.006752 0.004417
0 0.657517 0.537600 0.006917 0.004417
0 0.950548 0.439158 0.008527 0.004192
0 0.753799 0.470489 0.007018 0.004238
0 0.799868 0.481364 0.008662 0.004203
0 0.862879 0.450054 0.007169 0.004258
0 0.871383 0.529842 0.006752 0.004221
0 0.957840 0.588514 0.011936 0.004238
0 0.957883 0.581848 0.018406 0.004055
0 0.479497 0.410172 0.008807 0.004238
0 0.485709 0.559711 0.008807 0.004238
0 0.605874 0.425916 0.008807 0.004241
0 0.605803 0.579944 0.008805 0.004238
0 0.783698 0.579873 0.008880 0.004238
0 0.957066 0.400710 0.008958 0.004241
0 0.475449 0.452193 0.008529 0.004278
0 0.475777 0.509290 0.008527 0.004258
0 0.529724 0.588894 0.008527 0.004280
0 0.591688 0.538417 0.008527 0.004278
0 0.592669 0.473112 0.008529 0.004280
0 0.680095 0.586716 0.008527 0.004255
0 0.544887 0.531325 0.006752 0.004417
0 0.873850 0.397087 0.008648 0.004241
0 0.800719 0.418406 0.008527 0.004203
0 0.539593 0.427894 0.006778 0.004292
0 0.713728 0.472053 0.006714 0.004255
0 0.049337 0.459503 0.011670 0.004317
0 0.128417 0.453092 0.008569 0.004263
0 0.061046 0.527193 0.006814 0.004474
0 0.160300 0.462707 0.008612 0.004275
0 0.147630 0.410744 0.008837 0.004292
0 0.166493 0.532914 0.006816 0.004477
0 0.216130 0.532895 0.006953 0.004406
0 0.246209 0.462556 0.006925 0.004223
0 0.455089 0.455740 0.012128 0.004332
0 0.289126 0.567337 0.008825 0.004203
0 0.303352 0.457334 0.008170 0.004221
0 0.122753 0.575574 0.008884 0.004292
0 0.038495 0.413377 0.008519 0.004246
0 0.890171 0.586194 0.008632 0.004226
0 0.247831 0.742999 0.024112 0.009231
0 0.271854 0.742999 0.018130 0.008718
0 0.281973 0.753333 0.003776 0.003195
0 0.751634 0.753256 0.003776 0.003195
0 0.717555 0.743182 0.024112 0.009231
0 0.741835 0.743182 0.018128 0.008718
0 0.455622 0.581017 0.018271 0.004383