0 0.509141 0.391632 0.009653 0.003149
0 0.167567 0.263720 0.005237 0.003360
0 0.288290 0.303453 0.005607 0.003622
0 0.208694 0.780017 0.005525 0.003465
0 0.254071 0.738331 0.005499 0.003366
0 0.274844 0.696258 0.005444 0.003294
0 0.322404 0.818447 0.006855 0.003403
0 0.323722 0.700754 0.010530 0.003406
0 0.248677 0.617863 0.009581 0.003368
0 0.408700 0.759302 0.007004 0.003403
0 0.382696 0.740332 0.005352 0.003195
0 0.391092 0.609672 0.009410 0.003329
0 0.322335 0.774627 0.005839 0.002904
0 0.330075 0.642704 0.006859 0.003431
0 0.658628 0.754201 0.008845 0.003283
0 0.567867 0.664322 0.009408 0.003411
0 0.509141 0.891489 0.009653 0.003149
0 0.719195 0.819775 0.005543 0.003528
0 0.607506 0.811241 0.005569 0.003309
0 0.526094 0.784628 0.009569 0.003391
0 0.606832 0.855289 0.006949 0.003403
0 0.682688 0.779040 0.005303 0.003152
0 0.541574 0.811661 0.005533 0.003414
0 0.528751 0.723118 0.009567 0.003425
0 0.663754 0.819775 0.005360 0.003528
0 0.613848 0.755752 0.010582 0.003326
0 0.728384 0.680975 0.008168 0.003500
0 0.723246 0.746837 0.005674 0.003351
0 0.545908 0.784618 0.005372 0.003343
0 0.610871 0.701707 0.006861 0.003283
0 0.212721 0.703528 0.005624 0.003266
0 0.376846 0.765234 0.005390 0.003178
0 0.261944 0.780048 0.005436 0.003277
0 0.169808 0.686784 0.007921 0.003502
0 0.343355 0.303501 0.005311 0.003428
0 0.142142 0.236804 0.007084 0.003160
0 0.218379 0.166765 0.006841 0.003368
0 0.303020 0.261901 0.005481 0.003215
0 0.345760 0.222257 0.005616 0.003465
0 0.308209 0.141334 0.009619 0.003209
0 0.226841 0.224302 0.010522 0.003326
0 0.230101 0.298150 0.005605 0.003306
0 0.227384 0.341894 0.006885 0.003428
0 0.275438 0.222419 0.005287 0.003465
0 0.526094 0.284771 0.009569 0.003391
0 0.567867 0.164464 0.009408 0.003411
0 0.610871 0.201850 0.006861 0.003283
0 0.719195 0.319917 0.005543 0.003528
0 0.607506 0.311384 0.005569 0.003309
0 0.606832 0.355432 0.006949 0.003403
0 0.541574 0.311804 0.005533 0.003414
0 0.528751 0.223260 0.009567 0.003425
0 0.663754 0.319917 0.005360 0.003528
0 0.613848 0.255895 0.010582 0.003326
0 0.728384 0.181117 0.008168 0.003500
0 0.723246 0.246979 0.005674 0.003351
0 0.658628 0.254343 0.008845 0.003283
0 0.545908 0.284761 0.005372 0.003343
0 0.173762 0.298048 0.005388 0.003317
0 0.161641 0.132883 0.009887 0.003548
0 0.379405 0.185681 0.008356 0.003588
0 0.682688 0.279008 0.005303 0.003500
0 0.404470 0.136223 0.006131 0.003588
0 0.696523 0.082962 0.006131 0.003588
0 0.696586 0.582700 0.006131 0.003588
0 0.137638 0.642472 0.006131 0.003588
0 0.285335 0.442935 0.025303 0.009866
0 0.800629 0.442747 0.025303 0.009866
0 0.285267 0.942297 0.025303 0.009866
0 0.800379 0.942499 0.025303 0.009866
0 0.825679 0.942367 0.019805 0.009293
0 0.310607 0.942412 0.019805 0.009293
0 0.825841 0.442606 0.019807 0.009293
0 0.310905 0.442367 0.019807 0.009293