0 0.493242 0.775363 0.005384 0.003522
0 0.543093 0.804531 0.007012 0.003368
0 0.575697 0.714021 0.006780 0.003380
0 0.509334 0.681740 0.005402 0.003223
0 0.810709 0.821704 0.014572 0.003317
0 0.568254 0.676969 0.007022 0.003366
0 0.791751 0.697982 0.007012 0.003408
0 0.677965 0.794132 0.006992 0.003368
0 0.581326 0.784298 0.005404 0.003522
0 0.619664 0.784272 0.005501 0.003522
0 0.800598 0.779336 0.005404 0.003522
0 0.810706 0.826825 0.009492 0.003408
0 0.177055 0.680667 0.006800 0.003351
0 0.245041 0.646703 0.009591 0.003380
0 0.208978 0.652739 0.005364 0.003494
0 0.202616 0.775523 0.006297 0.003340
0 0.177552 0.639457 0.014181 0.003326
0 0.177592 0.634443 0.009522 0.003323
0 0.227093 0.832646 0.006800 0.003354
0 0.248566 0.703524 0.005374 0.003354
0 0.270421 0.698417 0.005513 0.003394
0 0.355025 0.707874 0.005364 0.003494
0 0.331830 0.790365 0.005396 0.003494
0 0.194734 0.718256 0.005362 0.003494
0 0.306779 0.725115 0.006498 0.003323
0 0.252589 0.790801 0.010627 0.003494
0 0.791799 0.732516 0.004876 0.003351
0 0.817584 0.718978 0.009603 0.003394
0 0.783239 0.823864 0.006780 0.003340
0 0.695483 0.712898 0.006488 0.003380
0 0.742892 0.707851 0.010717 0.003568
0 0.643316 0.712053 0.005382 0.003366
0 0.746318 0.786176 0.006317 0.003380
0 0.484023 0.705754 0.009621 0.003397
0 0.603073 0.178786 0.005472 0.003294
0 0.581062 0.157355 0.009494 0.003311
0 0.580996 0.162747 0.014542 0.003368
0 0.192112 0.152898 0.005412 0.003494
0 0.253537 0.198602 0.005515 0.003394
0 0.338191 0.210312 0.005525 0.003525
0 0.185752 0.275862 0.006297 0.003346
0 0.314984 0.290711 0.005535 0.003531
0 0.177856 0.218391 0.005400 0.003537
0 0.289876 0.225439 0.006498 0.003371
0 0.228172 0.146884 0.009623 0.003445
0 0.235747 0.291136 0.010723 0.003497
0 0.160668 0.139600 0.014183 0.003326
0 0.160882 0.134585 0.009520 0.003323
0 0.210791 0.333254 0.006800 0.003351
0 0.231724 0.203695 0.005511 0.003406
0 0.160273 0.180819 0.006800 0.003354
0 0.704346 0.297877 0.006798 0.003408
0 0.714650 0.250352 0.005493 0.003480
0 0.727351 0.186783 0.009581 0.003340
0 0.707052 0.200846 0.005364 0.003311
0 0.689873 0.164977 0.006718 0.003337
0 0.665658 0.187586 0.010256 0.003522
0 0.662604 0.259528 0.006276 0.003366
0 0.648916 0.431718 0.018993 0.007694
0 0.667422 0.431583 0.015589 0.007310
0 0.275749 0.431686 0.018993 0.007692
0 0.294811 0.431815 0.014771 0.007694
0 0.275661 0.931781 0.018991 0.007694
0 0.294996 0.931522 0.014401 0.007694
0 0.648545 0.931701 0.018993 0.007694
0 0.667679 0.931701 0.014793 0.007694
0 0.675664 0.939477 0.003417 0.002722
0 0.302772 0.939716 0.003419 0.002722
0 0.302681 0.439980 0.003419 0.002719
0 0.675694 0.439779 0.003417 0.002722
0 0.630070 0.186385 0.008888 0.003366
0 0.614515 0.269927 0.005493 0.003480
0 0.582441 0.269920 0.005362 0.003494
0 0.584494 0.206627 0.006478 0.003337