0 0.368000 0.440178 0.010161 0.006474
0 0.571641 0.486048 0.009940 0.006656
0 0.568485 0.568077 0.007540 0.006662
0 0.668054 0.498097 0.002640 0.004433
0 0.218267 0.451488 0.007987 0.006585
0 0.198735 0.340657 0.012081 0.006542
0 0.766442 0.925124 0.039492 0.015527
0 0.806247 0.925175 0.029456 0.015630
0 0.345755 0.354865 0.012162 0.006651
0 0.532057 0.645530 0.012162 0.006636
0 0.356966 0.645576 0.012162 0.006636
0 0.190457 0.557611 0.012162 0.006636
0 0.250114 0.539907 0.007651 0.006502
0 0.836826 0.942165 0.009682 0.008173
0 0.488829 0.437714 0.007987 0.006585
0 0.476849 0.567965 0.007576 0.006659
0 0.498807 0.304384 0.007383 0.005171
0 0.507399 0.304284 0.007556 0.004875
0 0.357322 0.563731 0.009301 0.006625