0 0.359277 0.696760 0.005674 0.004263
0 0.314568 0.672244 0.007133 0.004067
0 0.182850 0.707803 0.008614 0.004206
0 0.261985 0.814498 0.008507 0.004209
0 0.217374 0.737204 0.006663 0.004166
0 0.205625 0.808857 0.011850 0.004172
0 0.262543 0.746785 0.013367 0.004332
0 0.308021 0.743333 0.005569 0.004215
0 0.747413 0.801267 0.011872 0.004175
0 0.730933 0.744215 0.006839 0.004007
0 0.609853 0.763337 0.005545 0.004189
0 0.667749 0.755506 0.006641 0.004121
0 0.563139 0.763320 0.005545 0.004121
0 0.588412 0.687818 0.007040 0.003964
0 0.669764 0.681218 0.013250 0.004152
0 0.742147 0.667732 0.012007 0.004155
0 0.716026 0.625828 0.011745 0.004132
0 0.744483 0.625832 0.008447 0.004175
0 0.744558 0.164592 0.011956 0.004146
0 0.587056 0.188672 0.006939 0.003990
0 0.563161 0.264044 0.005545 0.004144
0 0.609866 0.264030 0.005543 0.004144
0 0.667753 0.256223 0.006629 0.004141
0 0.730935 0.244950 0.006855 0.003990
0 0.669775 0.182119 0.013268 0.004312
0 0.716024 0.128223 0.011753 0.004175
0 0.747404 0.302096 0.011854 0.004175
0 0.719302 0.303524 0.008444 0.004135
0 0.627839 0.140316 0.008336 0.004132
0 0.718679 0.190885 0.005612 0.004135
0 0.559396 0.218859 0.005614 0.004135
0 0.214268 0.193840 0.005626 0.004135
0 0.277527 0.629936 0.011858 0.004146
0 0.262761 0.657525 0.005660 0.004243
0 0.313340 0.937613 0.005346 0.003970
0 0.686193 0.937586 0.005346 0.003967
0 0.699477 0.437556 0.005346 0.003970
0 0.326410 0.437833 0.005346 0.003970
0 0.667660 0.808517 0.008444 0.004175
0 0.672978 0.622692 0.008447 0.004175
0 0.718680 0.690162 0.005630 0.004138
0 0.561792 0.715410 0.005628 0.004141
0 0.355108 0.743361 0.005569 0.004215
0 0.221031 0.644922 0.006768 0.004058
0 0.184237 0.627100 0.011900 0.004209
0 0.320833 0.195688 0.005628 0.004166
0 0.262763 0.201741 0.013292 0.004246
0 0.301956 0.153954 0.008459 0.004192
0 0.218030 0.302686 0.008372 0.004129
0 0.189462 0.302947 0.011848 0.004144
0 0.206225 0.249902 0.006833 0.003970
0 0.262672 0.262049 0.006649 0.004149
0 0.341982 0.265040 0.005535 0.004192
0 0.289697 0.928933 0.022448 0.009516
0 0.663133 0.928649 0.022450 0.009513
0 0.676552 0.429045 0.022450 0.009513
0 0.303576 0.429050 0.022450 0.009516
0 0.325886 0.429068 0.017248 0.009347
0 0.698657 0.429339 0.017246 0.009347
0 0.685482 0.928689 0.017246 0.009347
0 0.311967 0.928948 0.017248 0.009347
0 0.357590 0.193361 0.007040 0.004021
0 0.220546 0.147392 0.011735 0.004149
0 0.194170 0.169981 0.012063 0.004146
0 0.794721 0.160791 0.020149 0.005805
0 0.835696 0.267881 0.020149 0.005805
0 0.794689 0.660681 0.020149 0.005802
0 0.835803 0.767806 0.020149 0.005802