0 0.228032 0.355728 0.005781 0.003920
0 0.317803 0.333526 0.006401 0.003922
0 0.270157 0.661317 0.008898 0.003900
0 0.369637 0.661269 0.008898 0.003900
0 0.211560 0.661274 0.012448 0.003900
0 0.347958 0.552028 0.005781 0.003920
0 0.452847 0.493391 0.005996 0.003754
0 0.487333 0.398365 0.006071 0.004125
0 0.232501 0.452119 0.012214 0.003920
0 0.383466 0.417912 0.012214 0.003920
0 0.247721 0.256829 0.012283 0.004256
0 0.422802 0.907672 0.044274 0.015567
0 0.473007 0.907611 0.044358 0.015935
0 0.517843 0.907489 0.033877 0.015445
0 0.242623 0.566527 0.005783 0.003920
0 0.431835 0.571497 0.005781 0.003922