0 0.580577 0.290565 0.007226 0.019268
0 0.560381 0.462795 0.007021 0.019123
0 0.485895 0.480945 0.007206 0.014219
0 0.484719 0.543375 0.007090 0.009976
0 0.431987 0.594677 0.007269 0.009577
0 0.580955 0.598167 0.007708 0.016398
0 0.538263 0.239161 0.006936 0.019561
0 0.492137 0.289191 0.007266 0.009343
0 0.686157 0.554426 0.007708 0.012620
0 0.375234 0.260521 0.007366 0.009496
0 0.271843 0.265165 0.007021 0.014112
0 0.340864 0.383846 0.007018 0.011191
0 0.330613 0.492234 0.007218 0.009327
0 0.330526 0.575519 0.007249 0.009292
0 0.550976 0.386623 0.007568 0.021856