0 0.580128 0.816002 0.007103 0.004474
0 0.661587 0.833592 0.007111 0.004460
0 0.658822 0.754741 0.013607 0.004796
0 0.594003 0.749675 0.006031 0.004725
0 0.572436 0.731005 0.012372 0.004671
0 0.599210 0.687280 0.007423 0.004694
0 0.652751 0.593368 0.005962 0.004828
0 0.648416 0.660013 0.005807 0.004739
0 0.593405 0.568364 0.011900 0.004337
0 0.688050 0.712093 0.008870 0.004369
0 0.599759 0.866053 0.008823 0.004457
0 0.371426 0.664360 0.012297 0.004423
0 0.599760 0.634064 0.005920 0.004429
0 0.214038 0.688437 0.007306 0.004374
0 0.190209 0.763830 0.005720 0.004457
0 0.236902 0.763840 0.005745 0.004665
0 0.294712 0.755939 0.007111 0.004679
0 0.357932 0.744661 0.007127 0.004209
0 0.296763 0.681822 0.013566 0.004551
0 0.342944 0.628086 0.011997 0.004471
0 0.374436 0.801814 0.012200 0.004466
0 0.346173 0.803264 0.008964 0.004642
0 0.254864 0.640199 0.008749 0.004526
0 0.345616 0.690533 0.005847 0.004343
0 0.186293 0.718534 0.005896 0.004426
0 0.569633 0.867722 0.012093 0.004540
0 0.217818 0.150010 0.012319 0.004739
0 0.259926 0.264625 0.007006 0.004520
0 0.316717 0.202679 0.005898 0.004332
0 0.259993 0.204322 0.013441 0.004523
0 0.353471 0.268909 0.005833 0.004503
0 0.203456 0.252498 0.007072 0.004380
0 0.728124 0.243334 0.005811 0.004696
0 0.680954 0.243361 0.005773 0.004813
0 0.635576 0.246832 0.013635 0.004597
0 0.578545 0.308850 0.012444 0.004699
0 0.590383 0.237258 0.007064 0.004480
0 0.635083 0.314503 0.008739 0.004508
0 0.555887 0.207787 0.008839 0.004545
0 0.687548 0.172296 0.007375 0.004625
0 0.557267 0.127152 0.012124 0.004574
0 0.732302 0.196898 0.005877 0.004665
0 0.635677 0.157524 0.005910 0.004531
0 0.650479 0.130034 0.011958 0.004451
0 0.593993 0.145085 0.006937 0.004386
0 0.311830 0.268967 0.006000 0.004671
0 0.186838 0.305536 0.012059 0.004602
0 0.260036 0.305550 0.008640 0.004460
0 0.189368 0.149025 0.008731 0.004771
0 0.354775 0.196030 0.007395 0.004634
0 0.192470 0.179679 0.012359 0.004449
0 0.211648 0.196441 0.005920 0.004554
0 0.421872 0.660985 0.020411 0.006272
0 0.776889 0.929248 0.022204 0.008532
0 0.799053 0.929226 0.016966 0.008461
0 0.800221 0.937593 0.004959 0.003981
0 0.303522 0.929179 0.022204 0.008532
0 0.289573 0.429158 0.022204 0.008535
0 0.662656 0.429250 0.022204 0.008532
0 0.325889 0.928978 0.016968 0.008461
0 0.312085 0.429360 0.016966 0.008461
0 0.685029 0.429289 0.016966 0.008461
0 0.326539 0.937610 0.004959 0.003981
0 0.313252 0.437830 0.004961 0.003981
0 0.686190 0.437821 0.004961 0.003981
0 0.254435 0.142465 0.008539 0.004195