0 0.358467 0.709152 0.007088 0.004095
0 0.204107 0.715463 0.005664 0.004184
0 0.258603 0.713843 0.013421 0.004317
0 0.729580 0.743296 0.005567 0.004135
0 0.558638 0.627076 0.011751 0.004166
0 0.595450 0.644924 0.006810 0.004007
0 0.557316 0.669089 0.008346 0.004175
0 0.607595 0.802002 0.008449 0.004175
0 0.580019 0.808775 0.011749 0.004121
0 0.591727 0.737179 0.006637 0.004109
0 0.261120 0.622724 0.008366 0.004178
0 0.637224 0.657491 0.005636 0.004135
0 0.733763 0.696728 0.005636 0.004155
0 0.689050 0.672192 0.007014 0.004007
0 0.636909 0.738693 0.013294 0.004317
0 0.682474 0.743284 0.005529 0.004135
0 0.206978 0.822486 0.008442 0.004221
0 0.208719 0.663906 0.011880 0.004209
0 0.180295 0.822425 0.011930 0.004218
0 0.182753 0.678799 0.011979 0.004192
0 0.196528 0.772384 0.006774 0.004050
0 0.315847 0.783830 0.005569 0.004218
0 0.363049 0.783802 0.005569 0.004218
0 0.321424 0.712913 0.005664 0.004235
0 0.320833 0.195688 0.005628 0.004166
0 0.262763 0.201741 0.013292 0.004246
0 0.558638 0.127219 0.011751 0.004166
0 0.729580 0.243438 0.005567 0.004135
0 0.682474 0.243427 0.005529 0.004135
0 0.636909 0.238836 0.013294 0.004317
0 0.689050 0.172334 0.007014 0.004007
0 0.733763 0.196871 0.005636 0.004155
0 0.637224 0.157633 0.005636 0.004135
0 0.639998 0.130097 0.011944 0.004178
0 0.595450 0.145067 0.006810 0.004007
0 0.591727 0.237321 0.006637 0.004109
0 0.580019 0.308917 0.011749 0.004121
0 0.607595 0.302144 0.008449 0.004175
0 0.557316 0.169232 0.008346 0.004175
0 0.214268 0.193840 0.005626 0.004135
0 0.639998 0.629954 0.011944 0.004178
0 0.259960 0.775987 0.006637 0.004184
0 0.326848 0.437890 0.005535 0.004192
0 0.699650 0.437653 0.005535 0.004192
0 0.699497 0.937682 0.005535 0.004192
0 0.326701 0.937511 0.005535 0.004192
0 0.325951 0.929239 0.017129 0.008606
0 0.326138 0.429158 0.017129 0.008604
0 0.698557 0.429518 0.017127 0.008606
0 0.698226 0.929164 0.017129 0.008604
0 0.676200 0.928938 0.022700 0.008604
0 0.303636 0.929222 0.022698 0.008606
0 0.303444 0.429065 0.022698 0.008606
0 0.675982 0.429470 0.022700 0.008606
0 0.301956 0.153954 0.008459 0.004192
0 0.218030 0.302686 0.008372 0.004129
0 0.189462 0.302947 0.011848 0.004144
0 0.206225 0.249902 0.006833 0.003970
0 0.262672 0.262049 0.006649 0.004149
0 0.341982 0.265040 0.005535 0.004192
0 0.357590 0.193361 0.007040 0.004021
0 0.220546 0.147392 0.011735 0.004149
0 0.194170 0.169981 0.012063 0.004146