0 0.755009 0.229875 0.004459 0.003341
0 0.583668 0.260674 0.005444 0.003224
0 0.748450 0.281212 0.004612 0.003341
0 0.703177 0.281477 0.004604 0.003324
0 0.648016 0.281204 0.005376 0.003298
0 0.673024 0.324413 0.006878 0.003330
0 0.563734 0.316589 0.009355 0.003281
0 0.571965 0.182376 0.009357 0.003287
0 0.695170 0.672644 0.004435 0.003327
0 0.272289 0.173774 0.004554 0.003312
0 0.349527 0.630084 0.009597 0.003481
0 0.596919 0.760063 0.006807 0.003312
0 0.603850 0.829885 0.009405 0.003355
0 0.339557 0.288726 0.005479 0.003181
0 0.650861 0.810832 0.005434 0.003341
0 0.644348 0.588469 0.004596 0.003352
0 0.279887 0.295453 0.005358 0.003341
0 0.231698 0.311720 0.009613 0.003498
0 0.227013 0.243854 0.006926 0.003324
0 0.206746 0.667670 0.009508 0.003384
0 0.231741 0.677962 0.004566 0.003210
0 0.283920 0.436729 0.020752 0.007158
0 0.304482 0.436621 0.016031 0.007158
0 0.656238 0.436800 0.020752 0.007158
0 0.676840 0.436800 0.015640 0.007158
0 0.284109 0.936609 0.020752 0.007158
0 0.304622 0.936535 0.015630 0.007158
0 0.656906 0.943000 0.020750 0.007158
0 0.677470 0.942785 0.015831 0.007161
0 0.274386 0.234946 0.011155 0.003769
0 0.756148 0.153042 0.006934 0.003375
0 0.475076 0.247637 0.020581 0.006323
0 0.518716 0.139946 0.020581 0.006323
0 0.807424 0.365003 0.020581 0.006323
0 0.840214 0.365003 0.020581 0.006323
0 0.153804 0.621893 0.020581 0.006323
0 0.111004 0.727184 0.020581 0.006323
0 0.355461 0.342038 0.009389 0.003352
0 0.272281 0.114917 0.004598 0.003352
0 0.264331 0.627440 0.006944 0.003341
0 0.277510 0.679155 0.010677 0.003327
0 0.297763 0.341782 0.006894 0.003324
0 0.379650 0.691874 0.005533 0.003241
0 0.307775 0.807265 0.006809 0.003367
0 0.383337 0.764591 0.004650 0.003327
0 0.337994 0.764732 0.004640 0.003324
0 0.282897 0.762742 0.005350 0.003381
0 0.599960 0.147196 0.009688 0.003395
0 0.218494 0.742794 0.005487 0.003227
0 0.198574 0.798780 0.009367 0.003255
0 0.644741 0.697668 0.006962 0.003312
0 0.351526 0.207141 0.009538 0.003352
0 0.373263 0.637972 0.006870 0.003338
0 0.647315 0.746306 0.010659 0.003369
0 0.701448 0.737662 0.004562 0.003255
0 0.700005 0.625507 0.005561 0.003284
0 0.666602 0.859527 0.006916 0.003341
0 0.730933 0.864387 0.009716 0.003341
0 0.714942 0.803207 0.005497 0.003216
0 0.726798 0.729051 0.009524 0.003312
0 0.643955 0.652171 0.004596 0.003310
0 0.596856 0.195621 0.004457 0.003290
0 0.575255 0.150721 0.006878 0.003255
0 0.346307 0.683505 0.004560 0.003213
0 0.722584 0.202521 0.005567 0.003184
0 0.352389 0.075678 0.006934 0.003375
0 0.327084 0.128954 0.005638 0.003837
0 0.324663 0.176219 0.004775 0.003549
0 0.327868 0.226725 0.004614 0.003563
0 0.683676 0.157204 0.007263 0.003552
0 0.420588 0.694711 0.007404 0.003110
0 0.726779 0.574383 0.006688 0.003059
0 0.645111 0.192568 0.011044 0.003746