0 0.677976 0.362458 0.025092 0.008683
0 0.666869 0.435819 0.026041 0.009137
0 0.358916 0.437516 0.014769 0.008735
0 0.674123 0.652323 0.025573 0.009912
0 0.408291 0.441231 0.018344 0.009182
0 0.554129 0.438567 0.028434 0.009137
0 0.627374 0.442891 0.014687 0.009339
0 0.318558 0.470343 0.014828 0.008854
0 0.626390 0.652418 0.019184 0.009259
0 0.323274 0.560084 0.014479 0.009082
0 0.392297 0.560073 0.014705 0.009738
0 0.466925 0.550744 0.018714 0.009467
0 0.553383 0.561050 0.014685 0.009903
0 0.629246 0.362036 0.018852 0.009516
0 0.647178 0.553520 0.014916 0.008988
0 0.567366 0.907633 0.009726 0.008045
0 0.491465 0.890856 0.044546 0.017090
0 0.536259 0.891056 0.033990 0.017090