0 0.245122 0.471646 0.009700 0.007152
0 0.245341 0.415356 0.012003 0.006938
0 0.842796 0.499004 0.011997 0.006822
0 0.761749 0.545190 0.011624 0.007563
0 0.785552 0.802745 0.024410 0.012058
0 0.694974 0.459312 0.009754 0.006713
0 0.662682 0.442519 0.020774 0.007004
0 0.746318 0.408757 0.023442 0.007218
0 0.659807 0.349648 0.020278 0.006668
0 0.701112 0.361772 0.020476 0.007403
0 0.817446 0.385428 0.009958 0.007611
0 0.827024 0.459468 0.009603 0.007135
0 0.828670 0.565296 0.009641 0.007041
0 0.678009 0.545499 0.009436 0.007138
0 0.326583 0.450485 0.023118 0.006967
0 0.365292 0.452383 0.020117 0.007121
0 0.367286 0.492581 0.020204 0.006907
0 0.272131 0.802926 0.032819 0.011776
0 0.264055 0.599735 0.009774 0.007149
0 0.210296 0.462470 0.009815 0.007363
0 0.295293 0.353140 0.009776 0.007147
0 0.305935 0.802801 0.024921 0.011269
0 0.176949 0.488720 0.021020 0.007075
0 0.210804 0.497209 0.020742 0.007366
0 0.200078 0.570643 0.009684 0.007226
0 0.338403 0.584756 0.011481 0.007090
0 0.751904 0.803006 0.032934 0.011947