0 0.781984 0.448849 0.005833 0.004326
0 0.816163 0.473609 0.004733 0.004369
0 0.762331 0.523383 0.005392 0.004355
0 0.808753 0.523455 0.005412 0.004392
0 0.785073 0.571016 0.010588 0.005805
0 0.635905 0.360799 0.010451 0.006033
0 0.644358 0.405504 0.010115 0.004226
0 0.612924 0.441260 0.004679 0.004343
0 0.626728 0.508478 0.005412 0.004366
0 0.712276 0.340647 0.010492 0.005808
0 0.611249 0.577247 0.014826 0.005683
0 0.345883 0.523454 0.005394 0.004337
0 0.353219 0.473500 0.004604 0.004360
0 0.235077 0.405509 0.011124 0.004412
0 0.236287 0.508463 0.005348 0.004272
0 0.319455 0.448766 0.005817 0.004337
0 0.299397 0.523420 0.005527 0.004394
0 0.148323 0.577293 0.014779 0.005916
0 0.163963 0.508463 0.005424 0.004300
0 0.181431 0.412130 0.010131 0.004380
0 0.675423 0.576576 0.010596 0.005685
0 0.699161 0.508448 0.005350 0.004363
0 0.699180 0.405569 0.011110 0.004526
0 0.754999 0.387932 0.009587 0.004340
0 0.291891 0.387874 0.012007 0.004924
0 0.149844 0.440946 0.006002 0.005774
0 0.173300 0.364400 0.011090 0.006366
0 0.253014 0.340519 0.011425 0.007193
0 0.212532 0.576389 0.011007 0.006013
0 0.322349 0.571966 0.010840 0.006133
0 0.340110 0.607818 0.011507 0.006369
0 0.259930 0.770439 0.019212 0.009199
0 0.279693 0.770296 0.014908 0.008635
0 0.828058 0.401171 0.009506 0.005779
0 0.729535 0.770335 0.019254 0.008666
0 0.749536 0.770333 0.014574 0.008532