0 0.720126 0.576802 0.024971 0.013974
0 0.353635 0.422725 0.017111 0.014287
0 0.353391 0.438123 0.017054 0.013509
0 0.311400 0.585383 0.016974 0.014758
0 0.356032 0.677493 0.024971 0.013977
0 0.511907 0.602489 0.039611 0.014863
0 0.637156 0.558550 0.017225 0.014313
0 0.602183 0.286112 0.035287 0.014014
0 0.400744 0.585653 0.016808 0.013871
0 0.615669 0.389337 0.017141 0.013743
0 0.497758 0.677289 0.024971 0.013974
0 0.635998 0.677165 0.024973 0.013977
0 0.720237 0.388697 0.024971 0.013974