0 0.573046 0.475663 0.012062 0.008657
0 0.647696 0.475228 0.011963 0.008461
0 0.483225 0.447151 0.014474 0.008372
0 0.383874 0.426428 0.012658 0.009607
0 0.351799 0.529714 0.025149 0.008532
0 0.515356 0.601840 0.018628 0.008025
0 0.413898 0.268441 0.020177 0.009373
0 0.617930 0.345952 0.014667 0.008079
0 0.662048 0.359510 0.012737 0.008734
0 0.361943 0.350704 0.025409 0.008826
0 0.561320 0.828314 0.030645 0.014809
0 0.519983 0.828260 0.040365 0.014518
0 0.479588 0.317692 0.029010 0.009906
0 0.367118 0.276203 0.020778 0.008826
0 0.397900 0.351226 0.012737 0.008734