0 0.225215 0.680453 0.023205 0.020353
0 0.352848 0.680450 0.023205 0.020353
0 0.631816 0.380626 0.023205 0.020356
0 0.675226 0.829981 0.035479 0.020026
0 0.301016 0.421719 0.025059 0.018934
0 0.208127 0.495175 0.023657 0.019142
0 0.491311 0.827134 0.035640 0.019564
0 0.522414 0.682996 0.023263 0.019755
0 0.713156 0.677198 0.025211 0.019949
0 0.744500 0.531069 0.051334 0.019561
0 0.735571 0.249865 0.049599 0.019598
0 0.463066 0.412236 0.055525 0.019997
0 0.517510 0.240696 0.036378 0.019977
0 0.731888 0.370252 0.023505 0.019142
0 0.631458 0.250098 0.035289 0.019929