0 0.637684 0.617144 0.014784 0.007286
0 0.701391 0.432255 0.009532 0.007058
0 0.626008 0.503746 0.014784 0.007286
0 0.656018 0.382109 0.014784 0.007286
0 0.701327 0.328550 0.009534 0.007055
0 0.781636 0.610586 0.009532 0.007055
0 0.708461 0.591471 0.011574 0.007286
0 0.699206 0.537494 0.023180 0.007241
0 0.777610 0.484236 0.020806 0.007201
0 0.191437 0.396344 0.016272 0.007397
0 0.280397 0.606633 0.014885 0.007343
0 0.256213 0.564189 0.009766 0.007158
0 0.196774 0.564252 0.009764 0.007158
0 0.186619 0.484819 0.009853 0.007340
0 0.230972 0.477052 0.009853 0.007235
0 0.325449 0.461603 0.023160 0.007232
0 0.258610 0.406052 0.012211 0.007161
0 0.277458 0.353938 0.016528 0.007426
0 0.326075 0.364166 0.009764 0.007158
0 0.844680 0.586977 0.009532 0.007055
0 0.321052 0.317413 0.014885 0.007340
0 0.272220 0.803010 0.032827 0.011950
0 0.305988 0.802987 0.025042 0.011762
0 0.810513 0.497080 0.009869 0.007192
0 0.636567 0.663481 0.020300 0.007429
0 0.755535 0.803046 0.032658 0.011776
0 0.831610 0.473378 0.020907 0.007144
0 0.780727 0.412942 0.012090 0.007018
0 0.755375 0.317003 0.009867 0.007192
0 0.789377 0.803059 0.024913 0.011767
0 0.759800 0.663823 0.014784 0.007286
0 0.316983 0.564257 0.011653 0.007226