0 0.553550 0.771318 0.006299 0.003366
0 0.607173 0.705543 0.006520 0.003306
0 0.560329 0.691406 0.010596 0.003497
0 0.656458 0.711358 0.005384 0.003081
0 0.780819 0.674152 0.005470 0.003368
0 0.734984 0.665617 0.007030 0.003351
0 0.720180 0.709520 0.006889 0.003377
0 0.752595 0.797606 0.007101 0.003351
0 0.623600 0.784949 0.007030 0.003354
0 0.483532 0.690596 0.009329 0.003351
0 0.508655 0.673537 0.006881 0.003351
0 0.812632 0.708349 0.009601 0.003354
0 0.675395 0.781734 0.005462 0.003480
0 0.494654 0.750195 0.005392 0.003480
0 0.714409 0.781728 0.005416 0.003571
0 0.796796 0.771238 0.005537 0.003525
0 0.486760 0.787221 0.009531 0.003408
0 0.486962 0.792371 0.014499 0.003254
0 0.510006 0.792400 0.006770 0.003254
0 0.499516 0.309280 0.006774 0.003400
0 0.548733 0.269188 0.006774 0.003397
0 0.549510 0.217320 0.006774 0.003400
0 0.618948 0.307549 0.006774 0.003380
0 0.785803 0.307136 0.006855 0.003357
0 0.833756 0.190352 0.006774 0.003331
0 0.772840 0.156938 0.006869 0.003366
0 0.714755 0.173870 0.006774 0.003340
0 0.507354 0.181406 0.005384 0.003411
0 0.645662 0.216479 0.005331 0.003383
0 0.159082 0.225154 0.006800 0.003354
0 0.228182 0.146867 0.009625 0.003383
0 0.193412 0.149769 0.005402 0.003494
0 0.196273 0.272022 0.006297 0.003337
0 0.160663 0.139648 0.014181 0.003286
0 0.160827 0.134632 0.009520 0.003360
0 0.193938 0.312960 0.006800 0.003417
0 0.336876 0.199775 0.005523 0.003522
0 0.314926 0.279225 0.005396 0.003494
0 0.188001 0.216252 0.005396 0.003494
0 0.289080 0.226294 0.006498 0.003411
0 0.239418 0.300527 0.010615 0.003511
0 0.316119 0.326143 0.006879 0.003326
0 0.226253 0.221587 0.005386 0.003351
0 0.278164 0.281607 0.006758 0.003272
0 0.253538 0.198557 0.005493 0.003394
0 0.506994 0.710946 0.005384 0.003368
0 0.235747 0.790993 0.010723 0.003497
0 0.160882 0.634443 0.009520 0.003323
0 0.160668 0.639457 0.014183 0.003326
0 0.210791 0.833112 0.006800 0.003351
0 0.231724 0.703552 0.005511 0.003406
0 0.160273 0.680677 0.006800 0.003354
0 0.192112 0.652756 0.005412 0.003494
0 0.253537 0.698460 0.005515 0.003394
0 0.338191 0.710170 0.005525 0.003525
0 0.185752 0.775720 0.006297 0.003346
0 0.314984 0.790569 0.005535 0.003531
0 0.559999 0.179835 0.006994 0.003368
0 0.701236 0.302115 0.007054 0.003368
0 0.559943 0.302172 0.006994 0.003368
0 0.838933 0.159813 0.007115 0.003366
0 0.275699 0.431629 0.018749 0.006894
0 0.294913 0.431612 0.014461 0.006928
0 0.302837 0.439786 0.003143 0.002713
0 0.675727 0.939772 0.003141 0.002645
0 0.302842 0.939729 0.003141 0.002713
0 0.675851 0.439781 0.003143 0.002713
0 0.667843 0.431728 0.014461 0.006928
0 0.667980 0.931515 0.014461 0.006928
0 0.294788 0.931640 0.014461 0.006928
0 0.648623 0.431701 0.018749 0.006891
0 0.648669 0.931455 0.018749 0.006894
0 0.275611 0.931552 0.018749 0.006894
0 0.456409 0.200705 0.006774 0.003400
0 0.456669 0.246054 0.006774 0.003383
0 0.348293 0.239179 0.006798 0.003380
0 0.811754 0.214816 0.005470 0.003357
0 0.823810 0.262867 0.005364 0.003511
0 0.639909 0.268539 0.005364 0.003508
0 0.601017 0.268539 0.005495 0.003508
0 0.511560 0.263555 0.005364 0.003508
0 0.677489 0.215237 0.005573 0.003366
0 0.714078 0.223873 0.006879 0.003340
0 0.764126 0.199007 0.005696 0.003383
0 0.770881 0.262377 0.005364 0.003351
0 0.839549 0.308977 0.009482 0.003368
0 0.839583 0.303683 0.014620 0.003223
0 0.459624 0.167330 0.006994 0.003368
0 0.464558 0.286101 0.006996 0.003368
0 0.177856 0.718249 0.005400 0.003537
0 0.289876 0.725296 0.006498 0.003371
0 0.228172 0.646741 0.009623 0.003445