0 0.391283 0.415973 0.010959 0.007603
0 0.845106 0.205492 0.049833 0.018036
0 0.777923 0.928385 0.089488 0.018030
0 0.798426 0.205583 0.036190 0.018059
0 0.540254 0.557574 0.010909 0.008284
0 0.124750 0.201345 0.037374 0.017548
0 0.162723 0.201538 0.024217 0.018013
0 0.199909 0.201451 0.037746 0.017970
0 0.748396 0.205582 0.049343 0.018062
0 0.242478 0.673173 0.015588 0.008603
0 0.313218 0.617437 0.008658 0.008415
0 0.301066 0.446353 0.010510 0.008612
0 0.391217 0.408023 0.010816 0.008127
0 0.395433 0.646323 0.010585 0.007754
0 0.395587 0.654159 0.011004 0.007754
0 0.461326 0.551092 0.010909 0.007714
0 0.461235 0.559250 0.010476 0.007953
0 0.704087 0.169719 0.008658 0.008418
0 0.484430 0.657127 0.010585 0.007811
0 0.144820 0.110408 0.011804 0.008597
0 0.246958 0.581234 0.011804 0.008597
0 0.347732 0.288521 0.011804 0.008597
0 0.474718 0.409924 0.008658 0.008418
0 0.566419 0.419885 0.008658 0.008418
0 0.484422 0.649267 0.010837 0.007714
0 0.789433 0.137165 0.008658 0.008418
0 0.843384 0.942070 0.009083 0.007252
0 0.529890 0.752429 0.008351 0.007087
0 0.541748 0.752315 0.013263 0.007155
0 0.538750 0.741003 0.010482 0.006100
0 0.530019 0.661080 0.008351 0.007087
0 0.541719 0.660958 0.013263 0.007155
0 0.538649 0.649766 0.010482 0.006100
0 0.632255 0.565113 0.011080 0.006776
0 0.561086 0.661093 0.021911 0.007232
0 0.561201 0.752668 0.021911 0.007229
0 0.631120 0.572873 0.004457 0.008005