0 0.318214 0.596307 0.008924 0.006612
0 0.420227 0.559631 0.021187 0.006928
0 0.489211 0.585670 0.014106 0.006728
0 0.548707 0.593256 0.011132 0.006632
0 0.305604 0.689630 0.008860 0.006811
0 0.276112 0.769168 0.019051 0.006509
0 0.467461 0.501090 0.013738 0.006922
0 0.594470 0.606848 0.009178 0.006612
0 0.331421 0.769863 0.013524 0.006697
0 0.410204 0.723666 0.010792 0.006609
0 0.502929 0.723477 0.008892 0.006965
0 0.577122 0.723477 0.008964 0.007022
0 0.232495 0.761941 0.019539 0.006247
0 0.700066 0.901939 0.029720 0.013408
0 0.730886 0.902018 0.022452 0.013406
0 0.756740 0.915517 0.007173 0.006754