0 0.614786 0.410137 0.008839 0.004292
0 0.636040 0.554374 0.006816 0.004400
0 0.685281 0.554404 0.006955 0.004397
0 0.838145 0.541251 0.007929 0.004258
0 0.241281 0.449490 0.006943 0.004275
0 0.213765 0.455920 0.006764 0.004221
0 0.186731 0.618492 0.008561 0.004223
0 0.124406 0.368944 0.011987 0.004186
0 0.124355 0.375258 0.017854 0.004184
0 0.155913 0.546573 0.007929 0.004203
0 0.163923 0.391981 0.006754 0.004400
0 0.893791 0.420339 0.008727 0.004275
0 0.516660 0.461993 0.012128 0.004203
0 0.550935 0.420526 0.006802 0.004221
0 0.529280 0.541144 0.006816 0.004397
0 0.218829 0.565808 0.013379 0.004400
0 0.589979 0.575574 0.008839 0.004292
0 0.630204 0.461797 0.008612 0.004203
0 0.710471 0.465757 0.006875 0.003899
0 0.895475 0.462541 0.006875 0.004221
0 0.926115 0.439642 0.012126 0.004203
0 0.755215 0.560728 0.008918 0.004295
0 0.145987 0.474469 0.006752 0.004400
0 0.318597 0.565258 0.006792 0.004400
0 0.347803 0.461396 0.006752 0.004400
0 0.247906 0.742968 0.023335 0.008108
0 0.272049 0.743019 0.017772 0.008353
0 0.281984 0.753247 0.003822 0.003274
0 0.717577 0.743103 0.023347 0.008549
0 0.741759 0.743152 0.017788 0.008453
0 0.751591 0.753274 0.004100 0.003340
0 0.773292 0.458388 0.008168 0.004221
0 0.209326 0.384380 0.012075 0.004258
0 0.833005 0.440638 0.013530 0.004417
0 0.910120 0.514135 0.006974 0.004400
0 0.123729 0.427143 0.008561 0.004221
0 0.287058 0.483106 0.008181 0.004184
0 0.924791 0.574644 0.011924 0.004186
0 0.895342 0.578272 0.008660 0.004226
0 0.925007 0.580956 0.018324 0.004221