0 0.378795 0.383025 0.011127 0.008124
0 0.319361 0.382212 0.011107 0.008096
0 0.323513 0.455029 0.024237 0.008130
0 0.784005 0.915222 0.036021 0.015051
0 0.734862 0.914983 0.047337 0.015171
0 0.520187 0.665935 0.016831 0.008267
0 0.305387 0.675610 0.023441 0.008620
0 0.479879 0.402246 0.026172 0.008141
0 0.602153 0.433273 0.011224 0.008073
0 0.488641 0.258238 0.017113 0.008153
0 0.631707 0.266876 0.020278 0.008666
0 0.555563 0.390978 0.014654 0.008124
0 0.341433 0.560191 0.011107 0.007953
0 0.474775 0.559396 0.014029 0.008347
0 0.589514 0.547457 0.011151 0.007868
0 0.280953 0.179949 0.013691 0.007075
0 0.566196 0.184903 0.013691 0.007075
0 0.659823 0.929876 0.009962 0.006633