0 0.330113 0.359357 0.016482 0.007606
0 0.288156 0.355298 0.034346 0.009228
0 0.588655 0.312890 0.010000 0.009097
0 0.597284 0.240125 0.010506 0.009017
0 0.328937 0.198341 0.010508 0.009017
0 0.445351 0.312593 0.010000 0.009097
0 0.377933 0.312667 0.016208 0.008407
0 0.440339 0.162528 0.023591 0.008823
0 0.497393 0.162270 0.016482 0.007606
0 0.508864 0.204067 0.015176 0.007689
0 0.287390 0.370244 0.021392 0.008113
0 0.296624 0.197324 0.023520 0.009535
0 0.545170 0.200368 0.011187 0.007911
0 0.380825 0.162377 0.010685 0.007706
0 0.309890 0.282482 0.010000 0.009097
0 0.524460 0.313052 0.010000 0.009097