0 0.346511 0.404592 0.015760 0.008050
0 0.339750 0.492869 0.009972 0.007397
0 0.755955 0.802908 0.032950 0.011916
0 0.789732 0.802996 0.024970 0.011819
0 0.654599 0.461864 0.009637 0.007263
0 0.744298 0.593940 0.015302 0.007377
0 0.872015 0.528954 0.013507 0.007275
0 0.794325 0.480840 0.009609 0.007261
0 0.850330 0.450430 0.009643 0.007355
0 0.645883 0.397138 0.009879 0.007263
0 0.724525 0.485205 0.011719 0.007338
0 0.795555 0.396608 0.012291 0.007138
0 0.724431 0.376924 0.023279 0.007446
0 0.291974 0.482176 0.009966 0.007135
0 0.255567 0.342962 0.020248 0.007052
0 0.204603 0.457643 0.022701 0.007668
0 0.215464 0.572161 0.011991 0.007286
0 0.330325 0.572166 0.009728 0.007223
0 0.270203 0.803629 0.033045 0.013096
0 0.273522 0.572020 0.010155 0.007825
0 0.206279 0.368739 0.009792 0.008349
0 0.304244 0.802859 0.024148 0.011043
0 0.268853 0.400855 0.012483 0.008204
0 0.825268 0.397855 0.009879 0.007261