0 0.563161 0.763901 0.005545 0.004144
0 0.744558 0.664450 0.011956 0.004146
0 0.587056 0.688529 0.006939 0.003990
0 0.356539 0.743296 0.005567 0.004135
0 0.309434 0.743284 0.005529 0.004135
0 0.263870 0.738693 0.013292 0.004317
0 0.316009 0.672192 0.007014 0.004007
0 0.360722 0.696728 0.005636 0.004155
0 0.264184 0.657491 0.005636 0.004135
0 0.266957 0.629954 0.011944 0.004178
0 0.222411 0.644924 0.006812 0.004007
0 0.218686 0.737179 0.006637 0.004109
0 0.206979 0.808775 0.011749 0.004121
0 0.234555 0.802002 0.008449 0.004175
0 0.184277 0.669089 0.008348 0.004175
0 0.185597 0.627076 0.011751 0.004166
0 0.559396 0.718716 0.005614 0.004135
0 0.718679 0.690742 0.005612 0.004135
0 0.627839 0.640174 0.008336 0.004132
0 0.719302 0.803381 0.008444 0.004135
0 0.747404 0.801954 0.011854 0.004175
0 0.716024 0.628081 0.011753 0.004175
0 0.669775 0.681976 0.013268 0.004312
0 0.730935 0.744808 0.006855 0.003990
0 0.667753 0.756080 0.006629 0.004141
0 0.609866 0.763887 0.005543 0.004144
0 0.221031 0.145064 0.006768 0.004058
0 0.184237 0.127243 0.011900 0.004209
0 0.355108 0.243504 0.005569 0.004215
0 0.567315 0.231248 0.012079 0.004172
0 0.572981 0.312001 0.006768 0.004098
0 0.565657 0.365637 0.011801 0.004172
0 0.635300 0.065611 0.008461 0.004144
0 0.636691 0.250939 0.013321 0.004346
0 0.646643 0.370597 0.008459 0.004141
0 0.588647 0.068753 0.011789 0.004192
0 0.592964 0.188011 0.006980 0.004075
0 0.646996 0.098710 0.005610 0.004158
0 0.646994 0.155949 0.005610 0.004158
0 0.589918 0.250675 0.005736 0.004206
0 0.597948 0.130224 0.005664 0.004203
0 0.637102 0.322150 0.006679 0.004192
0 0.308021 0.243475 0.005569 0.004215
0 0.262543 0.246928 0.013367 0.004332
0 0.205625 0.309000 0.011850 0.004172
0 0.217374 0.237347 0.006663 0.004166
0 0.261985 0.314641 0.008507 0.004209
0 0.182850 0.207945 0.008614 0.004206
0 0.314568 0.172387 0.007133 0.004067
0 0.359277 0.196902 0.005674 0.004263
0 0.262761 0.157667 0.005660 0.004243
0 0.277527 0.130078 0.011858 0.004146
0 0.289714 0.429205 0.021858 0.008270
0 0.312052 0.429205 0.016681 0.008270
0 0.313298 0.437749 0.004667 0.004024
0 0.786872 0.437816 0.004665 0.004021
0 0.699629 0.937635 0.004667 0.004024
0 0.326667 0.937679 0.004667 0.004021
0 0.785546 0.429357 0.016681 0.008273
0 0.698965 0.929141 0.016681 0.008273
0 0.325393 0.929191 0.016681 0.008270
0 0.763414 0.429099 0.021860 0.008270
0 0.303182 0.929305 0.021858 0.008270
0 0.676523 0.929067 0.021860 0.008273
0 0.794823 0.660690 0.020453 0.005802
0 0.835740 0.767682 0.020451 0.005799