0 0.551393 0.587328 0.012091 0.008792
0 0.645134 0.587378 0.012089 0.008789
0 0.728110 0.500828 0.026391 0.008347
0 0.266634 0.446577 0.025716 0.008743
0 0.436330 0.576374 0.014481 0.008501
0 0.668625 0.498435 0.014824 0.008150
0 0.334103 0.339216 0.018072 0.008453
0 0.272803 0.348236 0.025904 0.008800
0 0.423919 0.356687 0.028894 0.008541
0 0.318868 0.450038 0.012009 0.008695
0 0.595046 0.434924 0.011761 0.008692
0 0.321869 0.672365 0.018072 0.008453
0 0.259242 0.671911 0.025614 0.008871
0 0.304966 0.558777 0.014787 0.008743
0 0.518477 0.426319 0.012089 0.008792
0 0.459296 0.898075 0.041755 0.013710
0 0.500912 0.898217 0.032349 0.013710