0 0.620839 0.568034 0.006289 0.004902
0 0.158442 0.468559 0.006532 0.004905
0 0.269775 0.610241 0.009718 0.005053
0 0.320597 0.417736 0.006603 0.004819
0 0.151169 0.557353 0.006407 0.004902
0 0.356508 0.423172 0.013443 0.004611
0 0.203726 0.557015 0.006327 0.004933
0 0.354042 0.368736 0.009720 0.005053
0 0.340102 0.553492 0.009859 0.004791
0 0.209266 0.474729 0.006450 0.005195
0 0.263192 0.455192 0.016143 0.005284
0 0.334331 0.482649 0.006627 0.005053
0 0.176024 0.610254 0.009718 0.005050
0 0.269510 0.394601 0.009720 0.005053
0 0.272948 0.548685 0.006778 0.005081
0 0.230940 0.394630 0.009718 0.005053
0 0.325049 0.368153 0.019911 0.004850
0 0.673431 0.567799 0.006327 0.004933
0 0.742756 0.559184 0.006778 0.005081
0 0.732867 0.455192 0.016143 0.005284
0 0.700616 0.397511 0.009718 0.005053
0 0.794725 0.368153 0.019911 0.004850
0 0.790273 0.417736 0.006603 0.004819
0 0.804007 0.482649 0.006627 0.005053
0 0.809777 0.553492 0.009859 0.004791
0 0.629821 0.468663 0.006532 0.004902
0 0.678941 0.474729 0.006450 0.005195
0 0.244994 0.758985 0.021932 0.007427
0 0.268276 0.759082 0.016822 0.007427
0 0.714757 0.759057 0.021930 0.007427
0 0.737722 0.758973 0.016758 0.007424