0 0.466645 0.319177 0.020325 0.007018
0 0.319876 0.414338 0.009114 0.007502
0 0.326881 0.618590 0.014591 0.006897
0 0.689183 0.261204 0.014591 0.006897
0 0.561665 0.423406 0.009148 0.007393
0 0.235871 0.656116 0.013736 0.006836
0 0.173620 0.656352 0.019469 0.007562
0 0.550334 0.605354 0.011271 0.007078
0 0.642105 0.423563 0.021994 0.007683
0 0.437955 0.579885 0.009243 0.007199
0 0.724024 0.416458 0.013911 0.007011
0 0.209059 0.555983 0.009268 0.007453
0 0.399936 0.431367 0.010826 0.006352
0 0.232520 0.421930 0.019341 0.006957
0 0.195293 0.408016 0.008986 0.007199
0 0.314056 0.310587 0.014591 0.006897
0 0.178584 0.331791 0.019298 0.007078
0 0.589101 0.915257 0.045760 0.018851
0 0.634940 0.915668 0.035896 0.018851
0 0.405451 0.219567 0.012803 0.006842
0 0.675640 0.630799 0.014745 0.006884