0 0.648631 0.611435 0.018962 0.015721
0 0.626731 0.431182 0.018189 0.015630
0 0.333774 0.604666 0.020262 0.015639
0 0.416020 0.563388 0.018962 0.015721
0 0.273809 0.320128 0.028203 0.015502
0 0.274302 0.614022 0.028201 0.015502
0 0.461762 0.683198 0.028203 0.015986
0 0.725690 0.530029 0.028201 0.015502
0 0.334369 0.325402 0.018962 0.015724
0 0.296078 0.458730 0.018962 0.015721
0 0.498502 0.587419 0.018962 0.015721
0 0.367621 0.828655 0.017419 0.015331
0 0.424732 0.828826 0.017419 0.015331
0 0.476425 0.828994 0.018217 0.014532
0 0.538438 0.828881 0.027133 0.015100
0 0.598920 0.828371 0.027133 0.015100