0 0.022218 0.481167 0.012114 0.004203
0 0.401721 0.529823 0.006778 0.004184
0 0.392414 0.452388 0.007157 0.004166
0 0.452867 0.471476 0.006661 0.004275
0 0.014740 0.404303 0.008823 0.004218
0 0.185994 0.554644 0.006802 0.004420
0 0.235041 0.554622 0.006802 0.004417
0 0.016032 0.562414 0.008823 0.004218
0 0.770359 0.406388 0.008721 0.004203
0 0.800567 0.514724 0.006893 0.004426
0 0.780996 0.573172 0.008590 0.004229
0 0.814344 0.565023 0.011912 0.004295
0 0.814525 0.571315 0.018187 0.004221
0 0.791011 0.451156 0.006798 0.004186
0 0.639238 0.462050 0.008112 0.004232
0 0.337141 0.419131 0.008700 0.004223
0 0.664644 0.430048 0.006891 0.004212
0 0.075025 0.531371 0.006802 0.004417
0 0.735062 0.528237 0.007937 0.004278
0 0.816569 0.442397 0.012110 0.004229
0 0.738417 0.450663 0.013329 0.004437
0 0.675429 0.547256 0.006760 0.004434
0 0.695411 0.453478 0.011024 0.004198
0 0.634111 0.547254 0.006760 0.004454
0 0.136141 0.425925 0.008821 0.004218
0 0.136141 0.579923 0.008821 0.004218
0 0.071042 0.420892 0.006778 0.004275
0 0.244068 0.472115 0.006778 0.004275
0 0.284111 0.470435 0.007042 0.004238
0 0.436179 0.403579 0.008650 0.004275
0 0.451703 0.586374 0.008559 0.004260
0 0.717641 0.743239 0.023998 0.008535
0 0.741586 0.743246 0.018582 0.008977
0 0.255275 0.743361 0.023998 0.008535
0 0.279458 0.743086 0.018396 0.008538
0 0.289416 0.753170 0.004324 0.003320
0 0.751566 0.753293 0.004324 0.003320
0 0.313759 0.570869 0.009222 0.004491