0 0.464558 0.286101 0.006996 0.003368
0 0.348293 0.239179 0.006798 0.003380
0 0.811754 0.214816 0.005470 0.003357
0 0.823810 0.262867 0.005364 0.003511
0 0.639909 0.268539 0.005364 0.003508
0 0.601017 0.268539 0.005495 0.003508
0 0.511560 0.263555 0.005364 0.003508
0 0.677489 0.215237 0.005573 0.003366
0 0.714078 0.223873 0.006879 0.003340
0 0.764126 0.199007 0.005696 0.003383
0 0.770881 0.262377 0.005364 0.003351
0 0.839549 0.308977 0.009482 0.003368
0 0.839583 0.303683 0.014620 0.003223
0 0.459624 0.167330 0.006994 0.003368
0 0.559999 0.179835 0.006994 0.003368
0 0.701236 0.302115 0.007054 0.003368
0 0.559943 0.302172 0.006994 0.003368
0 0.838933 0.159813 0.007115 0.003366
0 0.456409 0.200705 0.006774 0.003400
0 0.456669 0.246054 0.006774 0.003383
0 0.714711 0.751871 0.005392 0.003537
0 0.703724 0.672854 0.008890 0.003354
0 0.582426 0.771639 0.005392 0.003522
0 0.192112 0.652756 0.005412 0.003494
0 0.253537 0.698460 0.005515 0.003394
0 0.338191 0.710170 0.005525 0.003525
0 0.185752 0.775720 0.006297 0.003346
0 0.314984 0.790569 0.005535 0.003531
0 0.177856 0.718249 0.005400 0.003537
0 0.289876 0.725296 0.006498 0.003371
0 0.228172 0.646741 0.009623 0.003445
0 0.235747 0.790993 0.010723 0.003497
0 0.160668 0.639457 0.014183 0.003326
0 0.160882 0.634443 0.009520 0.003323
0 0.210791 0.833112 0.006800 0.003351
0 0.231724 0.703552 0.005511 0.003406
0 0.160273 0.680677 0.006800 0.003354
0 0.705742 0.707214 0.005472 0.003343
0 0.575115 0.705925 0.005354 0.003323
0 0.727577 0.690731 0.009593 0.003394
0 0.617645 0.771653 0.005485 0.003522
0 0.665290 0.701059 0.010621 0.003508
0 0.662624 0.769571 0.006317 0.003394
0 0.725721 0.797002 0.014509 0.003289
0 0.725703 0.792023 0.009500 0.003351
0 0.700896 0.796995 0.006869 0.003326
0 0.631760 0.664047 0.006760 0.003380
0 0.630898 0.708504 0.006917 0.003363
0 0.603370 0.712183 0.006510 0.003357
0 0.499516 0.309280 0.006774 0.003400
0 0.548733 0.269188 0.006774 0.003397
0 0.549510 0.217320 0.006774 0.003400
0 0.618948 0.307549 0.006774 0.003380
0 0.833756 0.190352 0.006774 0.003331
0 0.772840 0.156938 0.006869 0.003366
0 0.714755 0.173870 0.006774 0.003340
0 0.507354 0.181406 0.005384 0.003411
0 0.645662 0.216479 0.005331 0.003383
0 0.159082 0.225154 0.006800 0.003354
0 0.228182 0.146867 0.009625 0.003383
0 0.193412 0.149769 0.005402 0.003494
0 0.196273 0.272022 0.006297 0.003337
0 0.160663 0.139648 0.014181 0.003286
0 0.160827 0.134632 0.009520 0.003360
0 0.193938 0.312960 0.006800 0.003417
0 0.336876 0.199775 0.005523 0.003522
0 0.314926 0.279225 0.005396 0.003494
0 0.188001 0.216252 0.005396 0.003494
0 0.289080 0.226294 0.006498 0.003411
0 0.239418 0.300527 0.010615 0.003511
0 0.316119 0.326143 0.006879 0.003326
0 0.226253 0.221587 0.005386 0.003351
0 0.278164 0.281607 0.006758 0.003272
0 0.253538 0.198557 0.005493 0.003394
0 0.648465 0.431902 0.019291 0.007270
0 0.667740 0.431746 0.014832 0.007184
0 0.275785 0.431646 0.019291 0.007270
0 0.295031 0.431647 0.014451 0.007273
0 0.275857 0.931768 0.019291 0.007270
0 0.294868 0.931620 0.014455 0.007270
0 0.302904 0.939687 0.003419 0.002702
0 0.675669 0.939969 0.003419 0.002702
0 0.648878 0.931765 0.019291 0.007270
0 0.667812 0.931691 0.014729 0.007270
0 0.675834 0.439701 0.003439 0.002331
0 0.302687 0.439858 0.003439 0.002331
0 0.810360 0.690634 0.009593 0.003394
0 0.800540 0.751785 0.005392 0.003537
0 0.810241 0.791972 0.009500 0.003351
0 0.810055 0.796828 0.014747 0.003494
0 0.500336 0.771468 0.005392 0.003522
0 0.492012 0.705896 0.005354 0.003323
0 0.785609 0.306944 0.007244 0.003742