0 0.194734 0.218398 0.005362 0.003494
0 0.331830 0.290507 0.005396 0.003494
0 0.349371 0.701525 0.005481 0.003363
0 0.321769 0.709198 0.006992 0.003337
0 0.220549 0.683351 0.005382 0.003323
0 0.286747 0.806231 0.006772 0.003331
0 0.201111 0.706214 0.006466 0.003343
0 0.716042 0.662777 0.006788 0.003354
0 0.684941 0.804380 0.006903 0.003368
0 0.594338 0.802675 0.009510 0.003383
0 0.663594 0.755972 0.006317 0.003394
0 0.657666 0.656515 0.006788 0.003351
0 0.669459 0.691959 0.010705 0.003508
0 0.615841 0.689858 0.005493 0.003380
0 0.704432 0.764615 0.008908 0.003411
0 0.732966 0.764409 0.005521 0.003551
0 0.770412 0.764702 0.005515 0.003551
0 0.777496 0.703373 0.005390 0.003354
0 0.594416 0.689867 0.009629 0.003383
0 0.712797 0.709550 0.005404 0.003551
0 0.607043 0.755878 0.005414 0.003537
0 0.756559 0.708353 0.006508 0.003380
0 0.364391 0.655654 0.006051 0.003403
0 0.193065 0.768810 0.005404 0.003508
0 0.225571 0.768861 0.008797 0.003337
0 0.197950 0.668860 0.006772 0.003329
0 0.248326 0.701623 0.005472 0.003508
0 0.305770 0.763917 0.006329 0.003394
0 0.293572 0.658213 0.006798 0.003397
0 0.376229 0.686630 0.009597 0.003406
0 0.375769 0.802521 0.009510 0.003411
0 0.375864 0.807578 0.014521 0.003209
0 0.254669 0.769500 0.005505 0.003508
0 0.294680 0.695073 0.010621 0.003522
0 0.360065 0.755023 0.005402 0.003508
0 0.355025 0.208017 0.005364 0.003494
0 0.270421 0.198559 0.005513 0.003394
0 0.248566 0.203666 0.005374 0.003354
0 0.227093 0.332789 0.006800 0.003354
0 0.177592 0.134585 0.009522 0.003323
0 0.177552 0.139600 0.014181 0.003326
0 0.725658 0.211056 0.005380 0.003377
0 0.571999 0.198136 0.009563 0.003351
0 0.596933 0.190892 0.008886 0.003294
0 0.589595 0.212474 0.005315 0.003380
0 0.584854 0.252881 0.005392 0.003511
0 0.683521 0.281563 0.005475 0.003514
0 0.718544 0.281587 0.005382 0.003448
0 0.245041 0.146845 0.009591 0.003380
0 0.699209 0.216711 0.006486 0.003351
0 0.177055 0.180809 0.006800 0.003351
0 0.576258 0.293024 0.009486 0.003357
0 0.576249 0.298126 0.014493 0.003337
0 0.600845 0.298416 0.006784 0.003380
0 0.669237 0.173789 0.006941 0.003292
0 0.636772 0.197070 0.010594 0.003534
0 0.671676 0.217438 0.006927 0.003334
0 0.202616 0.275665 0.006297 0.003340
0 0.208978 0.152881 0.005364 0.003494
0 0.642456 0.268578 0.006278 0.003374
0 0.252589 0.290943 0.010627 0.003494
0 0.306779 0.225258 0.006498 0.003323
0 0.275721 0.431711 0.018898 0.007139
0 0.294904 0.431580 0.014221 0.007139
0 0.667830 0.431687 0.014221 0.007142
0 0.648687 0.431689 0.019248 0.007139
0 0.667786 0.931599 0.014221 0.007142
0 0.648644 0.931473 0.018892 0.007142
0 0.294924 0.931599 0.014221 0.007142
0 0.275719 0.931535 0.018942 0.007139
0 0.302888 0.939719 0.003290 0.002750
0 0.302769 0.440007 0.003290 0.002750
0 0.675584 0.439939 0.003290 0.002750
0 0.675695 0.939753 0.003290 0.002750
0 0.502068 0.799288 0.009605 0.003819
0 0.502064 0.804289 0.014493 0.003659
0 0.516018 0.756778 0.005684 0.003913
0 0.503106 0.687992 0.009629 0.003668
0 0.501697 0.651714 0.006919 0.003793
0 0.593022 0.651569 0.006919 0.003793
0 0.594295 0.807672 0.014493 0.003659