0 0.228199 0.372898 0.011183 0.006669
0 0.294138 0.312724 0.013296 0.006640
0 0.195057 0.496604 0.008894 0.006734
0 0.275974 0.496610 0.008801 0.006723
0 0.295080 0.381463 0.013927 0.006689
0 0.407172 0.254645 0.013296 0.006640
0 0.376197 0.325607 0.021050 0.006700
0 0.461435 0.353263 0.008906 0.006726
0 0.380027 0.496580 0.010568 0.006669
0 0.488587 0.473226 0.008964 0.006697
0 0.500641 0.337555 0.018747 0.006657
0 0.521973 0.273810 0.018436 0.006954
0 0.519861 0.576361 0.018590 0.006583
0 0.549083 0.437518 0.013339 0.006583
0 0.176707 0.407665 0.008908 0.006723
0 0.147764 0.274622 0.018031 0.006697
0 0.785499 0.647184 0.030292 0.013981
0 0.816364 0.647211 0.023004 0.014098
0 0.820261 0.664937 0.007352 0.007315
0 0.373608 0.574555 0.013707 0.006905