0 0.222080 0.595336 0.004624 0.004705
0 0.368247 0.585309 0.009788 0.004446
0 0.213017 0.531309 0.010000 0.004608
0 0.296710 0.623282 0.004928 0.004255
0 0.250165 0.347201 0.007246 0.004275
0 0.309752 0.546875 0.011199 0.004072
0 0.654901 0.421899 0.004777 0.005406
0 0.624404 0.539139 0.010987 0.005181
0 0.804344 0.418195 0.009954 0.004694
0 0.731104 0.661277 0.007298 0.004132
0 0.323750 0.498783 0.010095 0.004184
0 0.601869 0.576961 0.010085 0.003565
0 0.675351 0.623605 0.005043 0.004315
0 0.249047 0.665398 0.007278 0.004109
0 0.713584 0.364477 0.010322 0.003779
0 0.766831 0.489567 0.009422 0.004691
0 0.750664 0.596106 0.005172 0.004129
0 0.766808 0.524836 0.008918 0.004280
0 0.729817 0.442847 0.005041 0.004879
0 0.657927 0.350101 0.004779 0.004882
0 0.213192 0.497978 0.009631 0.004084
0 0.241376 0.519516 0.004654 0.004423
0 0.313414 0.444148 0.004560 0.003981
0 0.241984 0.393276 0.004777 0.003930
0 0.208087 0.665435 0.009774 0.003893
0 0.245905 0.444236 0.004822 0.004335
0 0.168146 0.411396 0.009200 0.004526
0 0.313379 0.375378 0.004755 0.004275
0 0.294837 0.509236 0.007203 0.004583
0 0.732831 0.512320 0.004578 0.004087
0 0.640521 0.481352 0.009629 0.003953
0 0.766506 0.660846 0.009321 0.003893
0 0.938948 0.763176 0.015918 0.005936
0 0.954974 0.763011 0.012196 0.005936