0 0.411921 0.709863 0.008763 0.006380
0 0.171291 0.357624 0.008110 0.003121
0 0.350992 0.634919 0.005974 0.003019
0 0.325813 0.599333 0.005162 0.003044
0 0.934046 0.696585 0.025742 0.010684
0 0.652221 0.451632 0.005914 0.002751
0 0.682855 0.413414 0.005859 0.002791
0 0.704437 0.418912 0.005859 0.002791
0 0.786969 0.478245 0.003822 0.002808
0 0.905838 0.708712 0.008763 0.006380
0 0.718910 0.449503 0.005984 0.002836
0 0.747013 0.401270 0.005914 0.002751
0 0.805004 0.528334 0.004902 0.002831
0 0.432957 0.697785 0.020562 0.010684
0 0.369318 0.601642 0.004995 0.003079
0 0.361686 0.306420 0.006287 0.003831
0 0.296154 0.515493 0.004824 0.002942
0 0.140490 0.450792 0.005976 0.003022
0 0.162871 0.431062 0.005976 0.003019
0 0.165254 0.483855 0.008138 0.002928
0 0.198561 0.467834 0.005984 0.003164
0 0.198404 0.502526 0.005065 0.003062
0 0.255741 0.473960 0.005108 0.002976
0 0.242743 0.450914 0.005047 0.002922
0 0.164660 0.393712 0.008064 0.003164
0 0.199659 0.393666 0.008124 0.003027
0 0.377810 0.346725 0.004908 0.002993
0 0.241168 0.393689 0.005136 0.003039
0 0.296810 0.393617 0.005174 0.003062