0 0.448146 0.681725 0.013850 0.007474
0 0.469571 0.681494 0.022212 0.006973
0 0.339178 0.488863 0.003691 0.005416
0 0.462411 0.692590 0.007272 0.004330
0 0.961166 0.681367 0.033905 0.007905
0 0.960263 0.692744 0.007018 0.004307
0 0.944900 0.698548 0.012799 0.004672
0 0.852627 0.441093 0.007822 0.005955
0 0.826111 0.441039 0.007822 0.005955
0 0.838995 0.488818 0.004098 0.005955
0 0.779754 0.488790 0.004098 0.005955
0 0.717318 0.488796 0.008120 0.005955
0 0.661363 0.461353 0.012434 0.005955
0 0.665357 0.509116 0.008598 0.005952