0 0.235747 0.790993 0.010723 0.003497
0 0.160668 0.639457 0.014183 0.003326
0 0.160882 0.634443 0.009520 0.003323
0 0.210791 0.833112 0.006800 0.003351
0 0.231724 0.703552 0.005511 0.003406
0 0.160273 0.680677 0.006800 0.003354
0 0.192112 0.652756 0.005412 0.003494
0 0.348293 0.239179 0.006798 0.003380
0 0.594338 0.302817 0.009510 0.003383
0 0.684941 0.304523 0.006903 0.003368
0 0.159082 0.225154 0.006800 0.003354
0 0.228182 0.146867 0.009625 0.003383
0 0.193412 0.149769 0.005402 0.003494
0 0.716042 0.162920 0.006788 0.003354
0 0.607043 0.256020 0.005414 0.003537
0 0.594250 0.307940 0.014493 0.003408
0 0.712797 0.209692 0.005404 0.003551
0 0.593087 0.151932 0.006790 0.003351
0 0.756559 0.208495 0.006508 0.003380
0 0.594416 0.190010 0.009629 0.003383
0 0.777496 0.203515 0.005390 0.003354
0 0.770412 0.264845 0.005515 0.003551
0 0.732966 0.264551 0.005521 0.003551
0 0.704432 0.264758 0.008908 0.003411
0 0.615841 0.190000 0.005493 0.003380
0 0.669459 0.192102 0.010705 0.003508
0 0.657666 0.156657 0.006788 0.003351
0 0.663594 0.256114 0.006317 0.003394
0 0.196273 0.272022 0.006297 0.003337
0 0.160663 0.139648 0.014181 0.003286
0 0.160827 0.134632 0.009520 0.003360
0 0.193938 0.312960 0.006800 0.003417
0 0.336876 0.199775 0.005523 0.003522
0 0.314926 0.279225 0.005396 0.003494
0 0.188001 0.216252 0.005396 0.003494
0 0.598812 0.777655 0.008759 0.003340
0 0.566260 0.777598 0.005404 0.003511
0 0.593590 0.683351 0.005382 0.003323
0 0.665150 0.689112 0.010727 0.003480
0 0.678910 0.766446 0.006287 0.003397
0 0.699058 0.668742 0.006768 0.003337
0 0.338191 0.710170 0.005525 0.003525
0 0.185752 0.775720 0.006297 0.003346
0 0.314984 0.790569 0.005535 0.003531
0 0.177856 0.718249 0.005400 0.003537
0 0.289876 0.725296 0.006498 0.003371
0 0.228172 0.646741 0.009623 0.003445
0 0.573331 0.708773 0.006468 0.003326
0 0.253537 0.698460 0.005515 0.003394
0 0.289080 0.226294 0.006498 0.003411
0 0.239418 0.300527 0.010615 0.003511
0 0.316119 0.326143 0.006879 0.003326
0 0.226253 0.221587 0.005386 0.003351
0 0.278164 0.281607 0.006758 0.003272
0 0.253538 0.198557 0.005493 0.003394
0 0.741929 0.674260 0.009573 0.003351
0 0.748819 0.802663 0.009510 0.003354
0 0.749437 0.807954 0.014521 0.003340
0 0.720737 0.804818 0.006770 0.003337
0 0.627888 0.778320 0.005505 0.003508
0 0.733317 0.757425 0.005404 0.003508
0 0.619769 0.695191 0.005470 0.003508
0 0.694810 0.709198 0.006992 0.003337
0 0.722412 0.701525 0.005481 0.003363
0 0.275733 0.431858 0.018672 0.007187
0 0.294808 0.431966 0.014294 0.007187
0 0.648570 0.431684 0.018672 0.007187
0 0.667776 0.431755 0.014600 0.007187
0 0.648675 0.931414 0.018672 0.007187
0 0.667958 0.931582 0.014397 0.007187
0 0.275647 0.931513 0.018672 0.007187
0 0.294679 0.931727 0.014552 0.007335
0 0.302738 0.939819 0.003268 0.002836
0 0.302884 0.439828 0.003270 0.002836
0 0.675779 0.439631 0.003268 0.002836
0 0.675765 0.939825 0.003268 0.002836
0 0.501973 0.299563 0.009510 0.003383
0 0.502117 0.304426 0.014493 0.003408
0 0.516122 0.256865 0.005769 0.003853
0 0.502873 0.188166 0.009978 0.003890
0 0.501650 0.151942 0.007008 0.003953