0 0.803958 0.501569 0.009565 0.007141
0 0.639804 0.486847 0.009567 0.007144
0 0.866315 0.489051 0.009567 0.007144
0 0.179269 0.553104 0.013400 0.007212
0 0.650133 0.402620 0.009754 0.007320
0 0.620992 0.402848 0.020705 0.007429
0 0.625812 0.337655 0.020838 0.007238
0 0.667546 0.333806 0.020191 0.007326
0 0.796050 0.334584 0.020931 0.007263
0 0.841639 0.348104 0.012074 0.007144
0 0.794117 0.802992 0.024853 0.011582
0 0.760255 0.802923 0.032848 0.011856
0 0.722758 0.361247 0.023001 0.007614
0 0.876310 0.430448 0.009754 0.007320
0 0.267549 0.495219 0.011588 0.007332
0 0.267970 0.605589 0.015306 0.007323
0 0.310576 0.802963 0.024998 0.011827
0 0.276888 0.802962 0.032801 0.011773
0 0.273325 0.367444 0.023192 0.007414
0 0.336365 0.494913 0.009756 0.007215
0 0.344589 0.365194 0.020943 0.007343
0 0.335325 0.422439 0.009873 0.007335
0 0.187892 0.432256 0.009871 0.007335
0 0.216426 0.396997 0.012255 0.007215
0 0.894648 0.571735 0.020312 0.007380
0 0.743675 0.634635 0.015270 0.007292
0 0.731393 0.498191 0.011596 0.007209
0 0.198271 0.494952 0.009754 0.007212