0 0.405732 0.300113 0.009222 0.005653
0 0.472363 0.718680 0.011032 0.005410
0 0.706483 0.853741 0.060286 0.023247
0 0.492614 0.643341 0.009248 0.005222
0 0.331735 0.628106 0.011032 0.005219
0 0.765434 0.853719 0.045047 0.023920
0 0.405635 0.672844 0.009194 0.005898
0 0.369628 0.397047 0.009222 0.005650
0 0.705284 0.594287 0.011032 0.005410
0 0.705797 0.298801 0.017666 0.010145
0 0.705823 0.546338 0.017666 0.010145
0 0.738821 0.446971 0.009155 0.005316
0 0.518371 0.718603 0.014876 0.005359
0 0.333551 0.476596 0.015261 0.005530
0 0.389503 0.480033 0.008778 0.004986
0 0.477167 0.539135 0.009343 0.005425
0 0.389735 0.557553 0.018490 0.005624
0 0.202781 0.183214 0.084066 0.032899
0 0.285787 0.183468 0.062129 0.033292
0 0.473456 0.460375 0.009065 0.005248