0 0.597718 0.683290 0.006732 0.004295
0 0.659233 0.734548 0.005612 0.004315
0 0.693614 0.734967 0.006929 0.004275
0 0.608145 0.605714 0.008549 0.004263
0 0.193344 0.677810 0.012116 0.004238
0 0.261745 0.764618 0.006690 0.004203
0 0.188546 0.805506 0.011930 0.004320
0 0.205318 0.752486 0.006881 0.004095
0 0.219605 0.649970 0.011832 0.004209
0 0.261862 0.704336 0.013331 0.004346
0 0.217100 0.805235 0.008404 0.004195
0 0.301018 0.656536 0.008515 0.004192
0 0.314635 0.775570 0.005603 0.004272
0 0.316696 0.202821 0.005654 0.004161
0 0.259967 0.204440 0.013244 0.004349
0 0.353601 0.269051 0.005573 0.004218
0 0.559135 0.262690 0.008549 0.004229
0 0.260017 0.305691 0.008408 0.004195
0 0.623876 0.149119 0.013308 0.004406
0 0.638929 0.292652 0.012063 0.004232
0 0.189207 0.148971 0.008408 0.004195
0 0.211543 0.196607 0.005654 0.004232
0 0.217773 0.150094 0.011898 0.004206
0 0.605261 0.757854 0.008870 0.004320
0 0.683509 0.657479 0.005636 0.004146
0 0.638049 0.648974 0.013409 0.004429
0 0.573794 0.843088 0.011775 0.004295
0 0.572395 0.804981 0.008582 0.004366
0 0.651795 0.824772 0.005638 0.004317
0 0.356646 0.695940 0.007099 0.004124
0 0.356563 0.775561 0.005561 0.004272
0 0.203432 0.252632 0.006784 0.004021
0 0.645003 0.234705 0.005747 0.004246
0 0.637536 0.324902 0.005654 0.004303
0 0.583458 0.183431 0.006919 0.004155
0 0.593999 0.105858 0.008521 0.004243
0 0.560184 0.105150 0.011870 0.004258
0 0.559595 0.343236 0.011823 0.004278
0 0.679408 0.235128 0.007060 0.004249
0 0.669243 0.157623 0.005644 0.004178
0 0.691309 0.119624 0.008565 0.004298
0 0.311721 0.269038 0.005573 0.004221
0 0.254435 0.142465 0.008539 0.004195
0 0.192432 0.179826 0.012122 0.004172
0 0.326716 0.937494 0.005194 0.003782
0 0.303164 0.929107 0.022166 0.008928
0 0.325266 0.929320 0.017008 0.008928
0 0.289650 0.429089 0.022166 0.008928
0 0.661422 0.444712 0.022166 0.008928
0 0.674833 0.944575 0.022166 0.008928
0 0.311750 0.429258 0.017008 0.008928
0 0.683744 0.444721 0.017010 0.008928
0 0.697031 0.944487 0.017008 0.008928
0 0.313449 0.437884 0.005192 0.003782
0 0.653084 0.792506 0.012063 0.004295
0 0.612557 0.813814 0.006960 0.004260
0 0.721381 0.656929 0.005636 0.004146
0 0.574450 0.604997 0.011854 0.004283
0 0.318514 0.702679 0.005640 0.004218
0 0.213342 0.696435 0.005640 0.004178
0 0.591112 0.258001 0.008858 0.004289
0 0.540147 0.192784 0.008575 0.004263
0 0.707127 0.157063 0.005646 0.004175
0 0.598340 0.313960 0.006851 0.004260
0 0.186687 0.305670 0.011840 0.004300
0 0.354773 0.196087 0.007068 0.004064
0 0.259943 0.264725 0.006675 0.004206