0 0.185752 0.775720 0.006297 0.003346
0 0.314984 0.790569 0.005535 0.003531
0 0.177856 0.718249 0.005400 0.003537
0 0.289876 0.725296 0.006498 0.003371
0 0.228172 0.646741 0.009623 0.003445
0 0.791799 0.732516 0.004876 0.003351
0 0.160882 0.634443 0.009520 0.003323
0 0.817584 0.718978 0.009603 0.003394
0 0.783239 0.823864 0.006780 0.003340
0 0.695483 0.712898 0.006488 0.003380
0 0.742892 0.707851 0.010717 0.003568
0 0.643316 0.712053 0.005382 0.003366
0 0.746318 0.786176 0.006317 0.003380
0 0.484023 0.705754 0.009621 0.003397
0 0.493242 0.775363 0.005384 0.003522
0 0.543093 0.804531 0.007012 0.003368
0 0.575697 0.714021 0.006780 0.003380
0 0.509334 0.681740 0.005402 0.003223
0 0.810709 0.821704 0.014572 0.003317
0 0.791751 0.697982 0.007012 0.003408
0 0.677965 0.794132 0.006992 0.003368
0 0.568254 0.676969 0.007022 0.003366
0 0.581326 0.784298 0.005404 0.003522
0 0.619664 0.784272 0.005501 0.003522
0 0.800598 0.779336 0.005404 0.003522
0 0.810706 0.826825 0.009492 0.003408
0 0.235747 0.790993 0.010723 0.003497
0 0.160668 0.639457 0.014183 0.003326
0 0.210791 0.833112 0.006800 0.003351
0 0.231724 0.703552 0.005511 0.003406
0 0.160273 0.680677 0.006800 0.003354
0 0.192112 0.652756 0.005412 0.003494
0 0.253537 0.698460 0.005515 0.003394
0 0.338191 0.710170 0.005525 0.003525
0 0.289080 0.226294 0.006498 0.003411
0 0.239418 0.300527 0.010615 0.003511
0 0.316119 0.326143 0.006879 0.003326
0 0.226253 0.221587 0.005386 0.003351
0 0.278164 0.281607 0.006758 0.003272
0 0.253538 0.198557 0.005493 0.003394
0 0.348293 0.239179 0.006798 0.003380
0 0.684941 0.304523 0.006903 0.003368
0 0.159082 0.225154 0.006800 0.003354
0 0.228182 0.146867 0.009625 0.003383
0 0.193412 0.149769 0.005402 0.003494
0 0.716042 0.162920 0.006788 0.003354
0 0.607043 0.256020 0.005414 0.003537
0 0.712797 0.209692 0.005404 0.003551
0 0.593087 0.151932 0.006790 0.003351
0 0.756559 0.208495 0.006508 0.003380
0 0.594416 0.190010 0.009629 0.003383
0 0.777496 0.203515 0.005390 0.003354
0 0.770412 0.264845 0.005515 0.003551
0 0.732966 0.264551 0.005521 0.003551
0 0.704432 0.264758 0.008908 0.003411
0 0.615841 0.190000 0.005493 0.003380
0 0.669459 0.192102 0.010705 0.003508
0 0.657666 0.156657 0.006788 0.003351
0 0.663594 0.256114 0.006317 0.003394
0 0.196273 0.272022 0.006297 0.003337
0 0.160663 0.139648 0.014181 0.003286
0 0.160827 0.134632 0.009520 0.003360
0 0.193938 0.312960 0.006800 0.003417
0 0.336876 0.199775 0.005523 0.003522
0 0.314926 0.279225 0.005396 0.003494
0 0.188001 0.216252 0.005396 0.003494
0 0.302845 0.439825 0.003296 0.002881
0 0.675822 0.439859 0.003294 0.002881
0 0.675781 0.939615 0.003296 0.002878
0 0.302849 0.939828 0.003296 0.002881
0 0.294832 0.931761 0.014407 0.007552
0 0.667929 0.931271 0.014407 0.007552
0 0.667965 0.431633 0.014407 0.007552
0 0.294902 0.431661 0.014407 0.007552
0 0.275808 0.431721 0.019168 0.007552
0 0.648713 0.431627 0.019168 0.007552
0 0.648546 0.931439 0.019168 0.007552
0 0.275752 0.931542 0.019168 0.007552
0 0.502831 0.188237 0.010256 0.003691
0 0.516117 0.256928 0.006008 0.003956
0 0.502017 0.299573 0.009510 0.003511
0 0.501905 0.304654 0.014493 0.003887
0 0.594338 0.302753 0.009510 0.003511
0 0.594250 0.307700 0.014493 0.003887