0 0.630764 0.421310 0.023205 0.020356
0 0.301294 0.422201 0.024745 0.018843
0 0.626539 0.298590 0.037009 0.022181
0 0.226557 0.680036 0.022717 0.019518
0 0.523929 0.712869 0.023016 0.019701
0 0.353927 0.712960 0.022685 0.019404
0 0.676621 0.829953 0.037003 0.020995
0 0.737288 0.249857 0.049633 0.020239
0 0.464622 0.412414 0.055074 0.020040
0 0.518793 0.240577 0.036150 0.019473
0 0.733312 0.370359 0.023358 0.019145
0 0.209550 0.495215 0.023995 0.019490
0 0.714207 0.677211 0.025527 0.019524
0 0.745973 0.530969 0.050405 0.019361