0 0.272202 0.692366 0.010677 0.003341
0 0.349491 0.702521 0.005569 0.003184
0 0.381916 0.729875 0.004457 0.003341
0 0.832930 0.793592 0.004638 0.003341
0 0.330084 0.781477 0.004602 0.003324
0 0.274922 0.781204 0.005378 0.003298
0 0.299930 0.824413 0.006876 0.003330
0 0.190641 0.816589 0.009357 0.003281
0 0.198871 0.682376 0.009357 0.003287
0 0.223764 0.695621 0.004457 0.003290
0 0.642031 0.670499 0.010714 0.003324
0 0.683699 0.657145 0.006777 0.003338
0 0.722595 0.702564 0.005586 0.003213
0 0.755057 0.729924 0.004564 0.003327
0 0.748410 0.793592 0.004572 0.003312
0 0.703175 0.793663 0.004648 0.003398
0 0.310734 0.657094 0.006962 0.003332
0 0.596850 0.695755 0.004489 0.003341
0 0.571976 0.676425 0.009375 0.003324
0 0.599981 0.647175 0.009766 0.003295
0 0.648048 0.785733 0.005291 0.003312
0 0.591452 0.817308 0.006783 0.003327
0 0.563744 0.816575 0.009415 0.003281
0 0.375356 0.781212 0.004612 0.003341
0 0.583659 0.760668 0.005467 0.003184
0 0.226867 0.647196 0.009690 0.003395
0 0.202162 0.650721 0.006876 0.003255
0 0.210574 0.760674 0.005446 0.003224
0 0.328579 0.294032 0.004620 0.003344
0 0.276133 0.172360 0.010693 0.003324
0 0.274973 0.285093 0.005398 0.003310
0 0.222713 0.321755 0.006801 0.003270
0 0.196390 0.321954 0.009434 0.003270
0 0.378372 0.236867 0.004570 0.003284
0 0.215126 0.266103 0.005471 0.003158
0 0.225037 0.200922 0.004564 0.003281
0 0.230234 0.151173 0.009768 0.003372
0 0.203025 0.182882 0.009379 0.003375
0 0.371158 0.294048 0.004586 0.003369
0 0.309648 0.164508 0.006779 0.003230
0 0.344418 0.207831 0.005563 0.003198
0 0.714962 0.303194 0.005477 0.003213
0 0.730939 0.367239 0.009704 0.003321
0 0.703853 0.362108 0.006807 0.003349
0 0.603870 0.329863 0.009365 0.003312
0 0.650878 0.310811 0.005340 0.003355
0 0.598948 0.293456 0.006809 0.003355
0 0.632838 0.251388 0.010687 0.003381
0 0.701453 0.237684 0.004572 0.003213
0 0.695137 0.172668 0.004562 0.003347
0 0.700026 0.125550 0.005580 0.003227
0 0.638624 0.197654 0.006972 0.003284
0 0.637815 0.152192 0.004612 0.003352
0 0.638227 0.088512 0.004574 0.003318
0 0.726831 0.229072 0.009458 0.003384
0 0.726890 0.074377 0.006676 0.003099
0 0.756116 0.653106 0.006676 0.003099
0 0.383122 0.653052 0.006676 0.003099
0 0.102312 0.747494 0.019726 0.005410
0 0.145807 0.639778 0.020419 0.005410
0 0.475188 0.747500 0.020419 0.005410
0 0.518893 0.639612 0.020419 0.005410
0 0.807468 0.864937 0.020419 0.005410
0 0.840099 0.864832 0.020419 0.005410
0 0.434322 0.864923 0.020411 0.005445
0 0.283196 0.436663 0.019861 0.007004
0 0.303862 0.436632 0.015295 0.006896
0 0.656695 0.442868 0.019861 0.007007
0 0.677449 0.442868 0.015672 0.007007
0 0.656139 0.936594 0.019861 0.007007
0 0.676825 0.936653 0.015590 0.007007
0 0.283097 0.936548 0.019861 0.007007
0 0.303824 0.936596 0.015614 0.007007
0 0.377371 0.170429 0.006676 0.003099