0 0.701328 0.328549 0.009532 0.007058
0 0.699206 0.537493 0.023180 0.007238
0 0.831609 0.473379 0.020905 0.007147
0 0.780727 0.412943 0.012090 0.007015
0 0.781636 0.610586 0.009532 0.007055
0 0.708462 0.591469 0.011572 0.007289
0 0.755534 0.803046 0.032656 0.011770
0 0.701391 0.432255 0.009532 0.007058
0 0.844679 0.586978 0.009534 0.007058
0 0.309530 0.803059 0.024913 0.011767
0 0.219359 0.537494 0.023180 0.007241
0 0.279954 0.663823 0.014784 0.007286
0 0.157838 0.617144 0.014784 0.007286
0 0.146161 0.503746 0.014784 0.007286
0 0.176171 0.382109 0.014784 0.007286
0 0.330666 0.497080 0.009869 0.007192
0 0.221480 0.328550 0.009534 0.007055
0 0.221544 0.432255 0.009532 0.007058
0 0.364833 0.586977 0.009532 0.007055
0 0.301790 0.610586 0.009532 0.007055
0 0.297763 0.484236 0.020806 0.007201
0 0.156720 0.663481 0.020300 0.007429
0 0.275688 0.803046 0.032658 0.011776
0 0.351763 0.473378 0.020907 0.007144
0 0.300880 0.412942 0.012090 0.007018
0 0.275528 0.317003 0.009867 0.007192
0 0.636634 0.663483 0.020431 0.007155
0 0.789377 0.803060 0.024913 0.011765
0 0.755375 0.317003 0.009867 0.007192
0 0.810512 0.497080 0.009867 0.007192
0 0.640228 0.617144 0.020218 0.007286
0 0.777610 0.484237 0.020806 0.007198
0 0.228614 0.591471 0.011574 0.007286