0 0.588412 0.687818 0.007040 0.003964
0 0.669764 0.681218 0.013250 0.004152
0 0.742147 0.667732 0.012007 0.004155
0 0.716026 0.625828 0.011745 0.004132
0 0.744483 0.625832 0.008447 0.004175
0 0.667660 0.808517 0.008444 0.004175
0 0.672978 0.622692 0.008447 0.004175
0 0.718680 0.690162 0.005630 0.004138
0 0.561792 0.715410 0.005628 0.004141
0 0.355108 0.743361 0.005569 0.004215
0 0.204326 0.249912 0.006891 0.004075
0 0.221031 0.644922 0.006768 0.004058
0 0.635802 0.157667 0.005660 0.004243
0 0.732316 0.196902 0.005676 0.004263
0 0.687607 0.172387 0.007131 0.004067
0 0.555891 0.207945 0.008614 0.004206
0 0.635025 0.314641 0.008507 0.004209
0 0.578665 0.309000 0.011850 0.004172
0 0.635583 0.246928 0.013367 0.004332
0 0.681062 0.243475 0.005569 0.004215
0 0.728148 0.243504 0.005569 0.004215
0 0.557277 0.127243 0.011902 0.004209
0 0.355659 0.193381 0.007074 0.004055
0 0.317594 0.200264 0.005698 0.004249
0 0.184237 0.627100 0.011900 0.004209
0 0.260763 0.262069 0.006667 0.004195
0 0.590414 0.237347 0.006663 0.004166
0 0.212354 0.193889 0.005684 0.004192
0 0.190049 0.146300 0.008485 0.004181
0 0.255088 0.140452 0.008414 0.004181
0 0.260906 0.302992 0.008396 0.004184
0 0.187534 0.302960 0.011916 0.004238
0 0.260825 0.201736 0.013329 0.004372
0 0.218635 0.147442 0.011817 0.004198
0 0.337621 0.265073 0.005567 0.004212
0 0.594070 0.145064 0.006770 0.004058
0 0.650567 0.130078 0.011858 0.004146
0 0.277527 0.629936 0.011858 0.004146
0 0.262761 0.657525 0.005660 0.004243
0 0.359277 0.696760 0.005674 0.004263
0 0.314568 0.672244 0.007133 0.004067
0 0.182850 0.707803 0.008614 0.004206
0 0.261985 0.814498 0.008507 0.004209
0 0.217374 0.737204 0.006663 0.004166
0 0.205625 0.808857 0.011850 0.004172
0 0.794703 0.660462 0.020790 0.005797
0 0.835850 0.767609 0.020179 0.005797
0 0.290062 0.429360 0.021777 0.008233
0 0.312457 0.429359 0.016754 0.008236
0 0.313282 0.437696 0.004747 0.003662
0 0.662728 0.429283 0.021777 0.008233
0 0.686335 0.437915 0.004481 0.003907
0 0.685043 0.429467 0.016816 0.008236
0 0.663049 0.929312 0.021777 0.008233
0 0.685514 0.929218 0.016601 0.008233
0 0.686242 0.937629 0.004707 0.003682
0 0.289806 0.929250 0.021779 0.008236
0 0.313356 0.937516 0.004399 0.003394
0 0.311977 0.929323 0.016546 0.008233
0 0.262543 0.746785 0.013367 0.004332
0 0.308021 0.743333 0.005569 0.004215
0 0.747413 0.801267 0.011872 0.004175
0 0.730933 0.744215 0.006839 0.004007
0 0.609853 0.763337 0.005545 0.004189
0 0.667749 0.755506 0.006641 0.004121
0 0.563139 0.763320 0.005545 0.004121
0 0.193303 0.177240 0.012027 0.004198