0 0.276345 0.464189 0.011171 0.005483
0 0.333789 0.464175 0.008956 0.005472
0 0.367307 0.498668 0.007203 0.005446
0 0.407601 0.379322 0.014574 0.005517
0 0.104915 0.437294 0.015190 0.005338
0 0.276953 0.417485 0.010744 0.005492
0 0.742549 0.372997 0.010840 0.005674
0 0.210242 0.366879 0.010667 0.005489
0 0.094078 0.389953 0.014930 0.005463
0 0.094306 0.631926 0.015253 0.005455
0 0.207132 0.570574 0.008610 0.005286
0 0.356906 0.570621 0.007151 0.005341
0 0.288431 0.570567 0.007151 0.005301
0 0.122654 0.548877 0.007153 0.005557
0 0.211118 0.431304 0.017070 0.005492
0 0.137218 0.463048 0.007203 0.005446
0 0.233469 0.632160 0.010798 0.005489
0 0.851448 0.388813 0.014892 0.005566
0 0.853185 0.433581 0.015190 0.005338
0 0.733457 0.432065 0.016939 0.005492
0 0.665595 0.417382 0.010703 0.005315
0 0.652370 0.581395 0.007165 0.005463
0 0.586962 0.581327 0.007153 0.005554
0 0.736605 0.578085 0.008555 0.005477
0 0.667781 0.471566 0.011290 0.005474
0 0.611411 0.461518 0.008928 0.005343
0 0.802505 0.462315 0.007177 0.005588
0 0.574346 0.501637 0.007205 0.005446
0 0.850017 0.634322 0.015090 0.005480
0 0.548509 0.387975 0.014624 0.005480
0 0.676836 0.630673 0.010903 0.005580
0 0.824407 0.549005 0.007221 0.005306
0 0.746489 0.775279 0.004910 0.004500
0 0.742471 0.764158 0.015033 0.009165
0 0.722497 0.764020 0.019708 0.009493
0 0.391013 0.311555 0.009873 0.005041
0 0.252884 0.763951 0.019708 0.009493
0 0.272904 0.763897 0.015033 0.009168
0 0.276740 0.775286 0.004908 0.004503