0 0.608153 0.666452 0.022372 0.008413
0 0.606553 0.431015 0.023302 0.008225
0 0.417338 0.456213 0.010860 0.008207
0 0.566122 0.665658 0.016198 0.008256
0 0.492041 0.429225 0.011445 0.008378
0 0.351406 0.496962 0.013637 0.008111
0 0.482595 0.622035 0.010631 0.008521
0 0.577101 0.589384 0.010780 0.008179
0 0.322461 0.623116 0.010854 0.008136
0 0.390500 0.623024 0.010760 0.008196
0 0.307392 0.536872 0.022291 0.008330
0 0.567898 0.479989 0.022454 0.008333
0 0.543812 0.407053 0.022454 0.008333
0 0.447441 0.902241 0.039875 0.014286
0 0.487724 0.902179 0.030314 0.014286
0 0.260673 0.410564 0.017788 0.008453