0 0.651999 0.475678 0.020730 0.007332
0 0.738964 0.586897 0.009633 0.007494
0 0.813283 0.571776 0.011632 0.007326
0 0.842070 0.479672 0.020270 0.007098
0 0.840231 0.439431 0.020191 0.007266
0 0.801336 0.437661 0.023241 0.007335
0 0.266708 0.370507 0.023222 0.007258
0 0.685252 0.449862 0.009714 0.007323
0 0.770198 0.340218 0.009633 0.007494
0 0.674849 0.557613 0.009633 0.007494
0 0.769524 0.628181 0.014885 0.007098
0 0.803900 0.388783 0.014885 0.007098
0 0.752049 0.802996 0.032739 0.011676
0 0.785634 0.802987 0.025177 0.011676
0 0.275683 0.802952 0.032890 0.011856
0 0.309367 0.802929 0.025143 0.011827
0 0.720237 0.402584 0.012042 0.007095
0 0.185191 0.342292 0.009827 0.007258
0 0.349477 0.476023 0.009663 0.007258
0 0.287161 0.503117 0.011562 0.007261
0 0.255627 0.545496 0.014821 0.007258
0 0.273872 0.599213 0.015278 0.007258
0 0.361227 0.511420 0.014821 0.007258
0 0.194584 0.399601 0.009663 0.007258
0 0.226879 0.502556 0.009663 0.007261
0 0.173481 0.455983 0.014823 0.007258
0 0.372077 0.553288 0.013472 0.007392
0 0.362256 0.437340 0.012223 0.007258
0 0.719958 0.458716 0.009714 0.007323
0 0.685658 0.484257 0.020752 0.007323
0 0.320990 0.387336 0.009827 0.007261