0 0.682237 0.562516 0.014241 0.008789
0 0.557872 0.663859 0.024417 0.009005
0 0.691949 0.480439 0.014215 0.009233
0 0.713796 0.907680 0.009563 0.007666
0 0.663806 0.890758 0.034266 0.016603
0 0.618947 0.891066 0.044596 0.016603
0 0.606887 0.563719 0.014241 0.008789
0 0.576492 0.434306 0.014278 0.008789
0 0.654042 0.413683 0.018211 0.008997
0 0.709470 0.680416 0.025468 0.009017
0 0.584837 0.363480 0.017955 0.008869
0 0.664216 0.680410 0.018052 0.009028
0 0.605861 0.651338 0.018017 0.008980