0 0.312410 0.595268 0.012170 0.008808
0 0.702625 0.574538 0.012190 0.008951
0 0.683740 0.422072 0.012271 0.009379
0 0.765537 0.405573 0.012734 0.008951
0 0.765380 0.393469 0.012351 0.009036
0 0.626101 0.261542 0.018557 0.009179
0 0.530577 0.720485 0.018374 0.009122
0 0.527344 0.573999 0.012291 0.009094
0 0.194751 0.593917 0.012251 0.008808
0 0.484146 0.424051 0.012849 0.009151
0 0.375677 0.401631 0.026216 0.009464
0 0.236082 0.401479 0.013010 0.009008
0 0.484169 0.436351 0.012855 0.009350
0 0.175934 0.415597 0.012251 0.009564
0 0.408677 0.595060 0.019248 0.009122