0 0.662937 0.429125 0.022021 0.008093
0 0.685284 0.429538 0.016899 0.008093
0 0.686315 0.437770 0.004763 0.003913
0 0.290219 0.429447 0.022021 0.008093
0 0.289779 0.929198 0.022021 0.008091
0 0.193303 0.177240 0.012027 0.004198
0 0.204326 0.249912 0.006891 0.004075
0 0.260763 0.262069 0.006667 0.004195
0 0.609853 0.263480 0.005545 0.004189
0 0.260825 0.201736 0.013329 0.004372
0 0.212354 0.193889 0.005684 0.004192
0 0.255088 0.140452 0.008414 0.004181
0 0.217773 0.649952 0.011898 0.004206
0 0.260906 0.302992 0.008396 0.004184
0 0.687676 0.775570 0.005603 0.004272
0 0.211543 0.696465 0.005654 0.004232
0 0.187534 0.302960 0.011916 0.004238
0 0.337621 0.265073 0.005567 0.004212
0 0.561792 0.215553 0.005628 0.004141
0 0.192432 0.679684 0.012122 0.004172
0 0.718680 0.190305 0.005630 0.004138
0 0.672978 0.122834 0.008447 0.004175
0 0.667660 0.308659 0.008444 0.004175
0 0.744483 0.125975 0.008447 0.004175
0 0.354773 0.695945 0.007068 0.004064
0 0.186687 0.805527 0.011840 0.004300
0 0.716026 0.125970 0.011745 0.004132
0 0.742147 0.167874 0.012007 0.004155
0 0.189207 0.648829 0.008408 0.004195
0 0.218635 0.147442 0.011817 0.004198
0 0.669764 0.181361 0.013250 0.004152
0 0.634902 0.704336 0.013331 0.004346
0 0.311721 0.768896 0.005573 0.004221
0 0.729687 0.695940 0.007099 0.004124
0 0.586382 0.696435 0.005640 0.004178
0 0.254435 0.642323 0.008539 0.004195
0 0.578357 0.752486 0.006881 0.004095
0 0.561587 0.805506 0.011930 0.004320
0 0.634785 0.764618 0.006690 0.004203
0 0.566384 0.677810 0.012116 0.004238
0 0.592645 0.649970 0.011834 0.004209
0 0.674058 0.656536 0.008515 0.004192
0 0.590140 0.805235 0.008404 0.004195
0 0.588412 0.187961 0.007040 0.003964
0 0.729603 0.775561 0.005561 0.004272
0 0.691555 0.702679 0.005640 0.004218
0 0.203432 0.752489 0.006784 0.004021
0 0.353601 0.768909 0.005573 0.004218
0 0.259967 0.704298 0.013244 0.004349
0 0.316696 0.702679 0.005654 0.004161
0 0.260017 0.805549 0.008408 0.004195
0 0.259943 0.764583 0.006675 0.004206
0 0.667749 0.255648 0.006641 0.004121
0 0.676123 0.929322 0.022023 0.008093
0 0.698271 0.929322 0.016837 0.008093
0 0.312093 0.929226 0.016837 0.008091
0 0.312251 0.429293 0.016837 0.008093
0 0.313136 0.437633 0.004999 0.003844
0 0.313293 0.937647 0.004999 0.003844
0 0.699560 0.937724 0.004999 0.003844
0 0.794881 0.161067 0.020393 0.006563
0 0.835853 0.268138 0.020391 0.006563
0 0.730933 0.244357 0.006839 0.004007
0 0.747413 0.301409 0.011872 0.004175
0 0.563139 0.263463 0.005545 0.004121
0 0.190049 0.146300 0.008485 0.004181
0 0.355659 0.193381 0.007074 0.004055
0 0.317594 0.200264 0.005698 0.004249