0 0.276108 0.802909 0.032950 0.011918
0 0.309885 0.802995 0.024970 0.011822
0 0.169777 0.380445 0.009881 0.007263
0 0.756735 0.802962 0.032801 0.011773
0 0.824436 0.365194 0.020943 0.007343
0 0.815172 0.422439 0.009873 0.007335
0 0.667740 0.432256 0.009873 0.007335
0 0.696273 0.396997 0.012255 0.007215
0 0.678096 0.479065 0.009754 0.007212
0 0.816213 0.494914 0.009754 0.007212
0 0.659117 0.553106 0.013398 0.007215
0 0.664126 0.517587 0.014859 0.007335
0 0.779489 0.550620 0.014859 0.007335
0 0.747396 0.495218 0.011588 0.007335
0 0.747816 0.605589 0.015306 0.007323
0 0.753172 0.367443 0.023192 0.007412
0 0.790423 0.802962 0.024998 0.011830
0 0.349015 0.380938 0.009879 0.007263
0 0.178318 0.445064 0.009639 0.007261
0 0.318240 0.464029 0.009748 0.007261
0 0.374058 0.433576 0.009643 0.007352
0 0.386473 0.480810 0.014849 0.007446
0 0.220626 0.504900 0.014851 0.007446
0 0.319468 0.379956 0.012293 0.007141
0 0.248337 0.359852 0.023281 0.007446
0 0.248394 0.468485 0.011717 0.007340
0 0.268111 0.577152 0.015185 0.007377
0 0.397114 0.516844 0.013507 0.007275