0 0.375721 0.275691 0.023492 0.013139
0 0.375361 0.343167 0.015980 0.013677
0 0.551242 0.373841 0.015980 0.013680
0 0.393516 0.573724 0.016192 0.013156
0 0.528985 0.558836 0.016178 0.012660
0 0.524939 0.693622 0.023490 0.013139
0 0.552403 0.295706 0.023492 0.013139
0 0.474738 0.321609 0.016629 0.012945
0 0.580345 0.773590 0.023490 0.013139
0 0.530066 0.773824 0.023490 0.013139
0 0.478391 0.773590 0.015090 0.013139
0 0.435115 0.773590 0.015090 0.013139
0 0.391759 0.773824 0.015092 0.013139
0 0.474478 0.307205 0.027187 0.014062