0 0.214942 0.423414 0.006804 0.005460
0 0.649830 0.449211 0.013848 0.005871
0 0.718385 0.521961 0.006542 0.005979
0 0.828720 0.449862 0.006671 0.005549
0 0.731467 0.399394 0.015781 0.006141
0 0.864782 0.389736 0.011725 0.005799
0 0.261768 0.329548 0.006466 0.005799
0 0.285621 0.412122 0.006466 0.005594
0 0.291184 0.480958 0.010085 0.006110
0 0.347692 0.533135 0.010254 0.005734
0 0.300960 0.533783 0.015513 0.005737
0 0.211780 0.531522 0.013877 0.005922
0 0.216577 0.487256 0.013653 0.005648
0 0.197729 0.602719 0.006633 0.005403
0 0.284450 0.602690 0.006611 0.005677
0 0.256918 0.676676 0.010121 0.005725
0 0.152063 0.416032 0.011626 0.005737
0 0.299018 0.330115 0.010109 0.005645
0 0.174670 0.520883 0.014074 0.005403
0 0.464358 0.756445 0.006996 0.005480
0 0.441002 0.745104 0.022492 0.010197
0 0.462302 0.745426 0.016480 0.009860
0 0.737577 0.753095 0.021695 0.009615
0 0.758499 0.753148 0.016349 0.009749
0 0.761274 0.764459 0.005813 0.005064
0 0.863861 0.478931 0.014221 0.007199
0 0.672024 0.376294 0.010459 0.006050
0 0.792928 0.544008 0.006972 0.006113
0 0.851868 0.543970 0.006673 0.006264
0 0.604972 0.444929 0.010230 0.006244
0 0.733799 0.593743 0.010536 0.006181
0 0.784173 0.449816 0.010457 0.006500
0 0.637870 0.521972 0.006831 0.006327