0 0.415172 0.433361 0.017017 0.006819
0 0.605991 0.496375 0.008994 0.007112
0 0.562429 0.301700 0.011852 0.005966
0 0.562609 0.225660 0.011850 0.005966
0 0.529685 0.875872 0.008855 0.007092
0 0.512011 0.582017 0.008811 0.006725
0 0.590018 0.581907 0.009091 0.006927
0 0.500017 0.433278 0.008976 0.006956
0 0.323519 0.657918 0.011066 0.006782
0 0.397227 0.364158 0.011213 0.006679
0 0.286940 0.417085 0.015444 0.006747
0 0.336937 0.433090 0.015886 0.006260
0 0.250314 0.503201 0.009208 0.006859
0 0.421708 0.582296 0.011189 0.007112
0 0.247121 0.434564 0.015201 0.006180
0 0.505844 0.861555 0.032792 0.014615
0 0.465971 0.861703 0.043193 0.015231
0 0.614805 0.368388 0.016428 0.006816
0 0.316107 0.557450 0.009000 0.006679
0 0.560683 0.459266 0.011332 0.006611