0 0.295272 0.605762 0.010210 0.007808
0 0.622458 0.391964 0.021423 0.007347
0 0.483836 0.346439 0.015487 0.008051
0 0.618529 0.305222 0.015487 0.008051
0 0.596316 0.599612 0.015710 0.007632
0 0.387843 0.474111 0.010278 0.008279
0 0.473769 0.442984 0.025720 0.008418
0 0.565238 0.383299 0.010520 0.007680
0 0.587122 0.486733 0.010560 0.008051
0 0.334876 0.690056 0.015487 0.008051
0 0.379016 0.605227 0.010081 0.007860
0 0.489315 0.591954 0.010800 0.008096
0 0.422380 0.346482 0.015487 0.008051
0 0.572331 0.304298 0.031727 0.007729
0 0.306863 0.464282 0.010409 0.007811
0 0.484260 0.690036 0.015487 0.008051
0 0.444911 0.927407 0.034755 0.011764
0 0.481762 0.927176 0.026401 0.011764