0 0.439655 0.453962 0.025381 0.008922
0 0.398436 0.443321 0.025453 0.008518
0 0.543271 0.277446 0.011850 0.008865
0 0.581471 0.396642 0.028198 0.008940
0 0.628906 0.398790 0.024587 0.008720
0 0.439095 0.411442 0.012092 0.008917
0 0.481689 0.422591 0.012092 0.008808
0 0.482092 0.353384 0.014772 0.008637
0 0.631336 0.448130 0.024865 0.008769
0 0.595990 0.560992 0.014107 0.008814
0 0.504963 0.579461 0.011941 0.008865
0 0.426582 0.543914 0.011890 0.008922
0 0.514691 0.828435 0.040292 0.014287
0 0.556236 0.828389 0.030530 0.014407