0 0.337621 0.265073 0.005567 0.004212
0 0.672978 0.122834 0.008447 0.004175
0 0.667660 0.308659 0.008444 0.004175
0 0.259960 0.775987 0.006637 0.004184
0 0.716026 0.125970 0.011745 0.004132
0 0.669764 0.181361 0.013250 0.004152
0 0.561792 0.215553 0.005628 0.004141
0 0.588412 0.187961 0.007040 0.003964
0 0.563139 0.263463 0.005545 0.004121
0 0.218635 0.147442 0.011817 0.004198
0 0.609853 0.263480 0.005545 0.004189
0 0.718680 0.190305 0.005630 0.004138
0 0.744558 0.664450 0.011956 0.004146
0 0.358467 0.709152 0.007088 0.004095
0 0.204107 0.715463 0.005664 0.004184
0 0.258603 0.713843 0.013421 0.004317
0 0.563161 0.763901 0.005545 0.004144
0 0.716024 0.628081 0.011753 0.004175
0 0.587056 0.688529 0.006939 0.003990
0 0.559396 0.718716 0.005614 0.004135
0 0.718679 0.690742 0.005612 0.004135
0 0.627839 0.640174 0.008336 0.004132
0 0.719302 0.803381 0.008444 0.004135
0 0.747404 0.801954 0.011854 0.004175
0 0.744483 0.125975 0.008447 0.004175
0 0.669775 0.681976 0.013268 0.004312
0 0.730935 0.744808 0.006855 0.003990
0 0.667753 0.756080 0.006629 0.004141
0 0.609866 0.763887 0.005543 0.004144
0 0.206978 0.822486 0.008442 0.004221
0 0.208719 0.663906 0.011880 0.004209
0 0.180295 0.822425 0.011930 0.004218
0 0.182753 0.678799 0.011979 0.004192
0 0.196528 0.772384 0.006774 0.004050
0 0.315847 0.783830 0.005569 0.004218
0 0.321424 0.712913 0.005664 0.004235
0 0.363049 0.783802 0.005569 0.004218
0 0.261120 0.622724 0.008366 0.004178
0 0.667749 0.255648 0.006641 0.004121
0 0.730933 0.244357 0.006839 0.004007
0 0.747413 0.301409 0.011872 0.004175
0 0.355659 0.193381 0.007074 0.004055
0 0.317594 0.200264 0.005698 0.004249
0 0.193303 0.177240 0.012027 0.004198
0 0.204326 0.249912 0.006891 0.004075
0 0.260763 0.262069 0.006667 0.004195
0 0.260825 0.201736 0.013329 0.004372
0 0.212354 0.193889 0.005684 0.004192
0 0.190049 0.146300 0.008485 0.004181
0 0.255088 0.140452 0.008414 0.004181
0 0.260906 0.302992 0.008396 0.004184
0 0.187534 0.302960 0.011916 0.004238
0 0.742147 0.167635 0.012007 0.004634
0 0.290120 0.429454 0.022380 0.008803
0 0.312578 0.429440 0.016552 0.008547
0 0.685351 0.429421 0.016552 0.008549
0 0.663046 0.429286 0.021884 0.008547
0 0.303498 0.928964 0.021886 0.008547
0 0.325977 0.929198 0.017036 0.008547
0 0.676470 0.929184 0.021886 0.008547
0 0.699057 0.929184 0.016756 0.008547
0 0.699733 0.937558 0.005047 0.004109
0 0.326682 0.937709 0.005047 0.004109
0 0.313294 0.437808 0.005045 0.004109
0 0.686192 0.437771 0.005045 0.004109
0 0.794839 0.160955 0.020921 0.006161
0 0.835677 0.267967 0.020921 0.006164