0 0.468294 0.553968 0.010560 0.008518
0 0.278466 0.515882 0.009292 0.007836
0 0.588004 0.463549 0.009393 0.008643
0 0.292415 0.588503 0.009264 0.008409
0 0.368568 0.588749 0.009061 0.008187
0 0.568266 0.559475 0.009123 0.007953
0 0.466852 0.324562 0.014410 0.008007
0 0.465967 0.666261 0.014372 0.007739
0 0.467792 0.416700 0.022340 0.008321
0 0.398969 0.473546 0.014834 0.007708
0 0.433096 0.870509 0.041004 0.016394
0 0.472552 0.870721 0.030345 0.016824
0 0.495691 0.886269 0.009343 0.007338
0 0.495735 0.894436 0.009345 0.008050
0 0.360687 0.470452 0.010091 0.008412
0 0.268809 0.293123 0.010095 0.005830