0 0.543486 0.720105 0.014507 0.007184
0 0.357314 0.409604 0.014507 0.007184
0 0.575096 0.365696 0.020141 0.007218
0 0.561819 0.465257 0.009692 0.007098
0 0.535263 0.635636 0.009631 0.007298
0 0.325003 0.500299 0.009692 0.007098
0 0.279657 0.526464 0.011868 0.007323
0 0.507232 0.459025 0.009631 0.007298
0 0.700896 0.924793 0.033530 0.016069
0 0.420510 0.372816 0.011969 0.006944
0 0.271217 0.663030 0.009631 0.007298
0 0.417643 0.484017 0.011928 0.007383
0 0.402206 0.635753 0.011582 0.007560
0 0.791371 0.924602 0.025559 0.015539
0 0.747782 0.924615 0.051566 0.015935