0 0.685591 0.388501 0.005658 0.004246
0 0.776572 0.465178 0.011173 0.004486
0 0.779915 0.360778 0.010699 0.005694
0 0.743004 0.331810 0.005432 0.004360
0 0.671938 0.618601 0.010494 0.005859
0 0.729778 0.293827 0.010566 0.005831
0 0.642005 0.611409 0.014765 0.005623
0 0.639113 0.465076 0.004671 0.004337
0 0.686868 0.437390 0.007256 0.004320
0 0.778872 0.610681 0.010542 0.005785
0 0.815890 0.531198 0.010554 0.005737
0 0.776388 0.550935 0.005422 0.004366
0 0.743136 0.388366 0.005358 0.004500
0 0.660023 0.550702 0.005402 0.004386
0 0.687286 0.484659 0.010075 0.004394
0 0.352173 0.564934 0.005362 0.004283
0 0.370500 0.634125 0.014709 0.005885
0 0.280897 0.564947 0.005344 0.004258
0 0.216523 0.576547 0.005547 0.004323
0 0.398009 0.564755 0.010586 0.005839
0 0.228680 0.468930 0.009611 0.004323
0 0.169927 0.576520 0.005545 0.004320
0 0.277000 0.494672 0.011134 0.004494
0 0.199848 0.494987 0.005672 0.004309
0 0.341322 0.418404 0.010163 0.004383
0 0.289859 0.634399 0.010586 0.005839
0 0.194274 0.626040 0.010586 0.005839
0 0.249907 0.433826 0.010586 0.005839
0 0.345964 0.372940 0.010586 0.005839
0 0.364074 0.495665 0.004671 0.004337
0 0.160101 0.527355 0.004671 0.004337
0 0.273369 0.675660 0.011082 0.005859
0 0.685591 0.327227 0.004671 0.004337
0 0.259906 0.770351 0.019559 0.008948
0 0.279864 0.770329 0.014860 0.008906
0 0.749439 0.770386 0.014860 0.008906
0 0.729536 0.770637 0.019559 0.008951