0 0.263823 0.696783 0.010778 0.003824
0 0.631113 0.701483 0.008755 0.003537
0 0.665271 0.699087 0.010586 0.004044
0 0.662606 0.760812 0.006305 0.003699
0 0.727343 0.692685 0.009617 0.003551
0 0.606677 0.682918 0.005472 0.003454
0 0.586499 0.708284 0.006442 0.003574
0 0.707044 0.699632 0.005400 0.003539
0 0.725579 0.795120 0.014729 0.003463
0 0.294773 0.931469 0.014479 0.007264
0 0.667729 0.931723 0.014479 0.007264
0 0.667729 0.431669 0.014479 0.007264
0 0.675926 0.439886 0.003280 0.002610
0 0.675853 0.939838 0.003280 0.002610
0 0.216556 0.712169 0.005317 0.003705
0 0.223893 0.690570 0.008886 0.003653
0 0.199124 0.697911 0.009893 0.003517
0 0.352617 0.710846 0.005380 0.003511
0 0.326169 0.716404 0.006486 0.003682
0 0.298636 0.717162 0.006927 0.003602
0 0.275685 0.431780 0.019410 0.007418
0 0.294832 0.431850 0.014479 0.007261
0 0.302871 0.439820 0.003280 0.002610
0 0.648639 0.431475 0.019410 0.007418
0 0.648639 0.931285 0.019410 0.007421
0 0.275854 0.931651 0.019410 0.007418
0 0.725576 0.789970 0.009460 0.003822
0 0.698984 0.796500 0.007036 0.003659
0 0.714633 0.750074 0.005475 0.003824
0 0.690641 0.664074 0.006923 0.003554
0 0.269416 0.768333 0.006278 0.003579
0 0.211814 0.752639 0.005390 0.003710
0 0.203209 0.797984 0.014493 0.003337
0 0.203218 0.792881 0.009486 0.003357
0 0.345504 0.781445 0.005382 0.003448
0 0.310481 0.781421 0.005475 0.003514
0 0.296197 0.673646 0.006941 0.003292
0 0.227805 0.798273 0.006784 0.003380
0 0.582427 0.776064 0.005370 0.003539
0 0.615242 0.776066 0.005370 0.003520
0 0.298629 0.217464 0.006925 0.003340
0 0.203245 0.293022 0.009371 0.003292
0 0.264571 0.261914 0.006317 0.003360
0 0.263740 0.212267 0.010631 0.003480
0 0.345493 0.268237 0.005384 0.003508
0 0.310483 0.268236 0.005475 0.003477
0 0.211803 0.252893 0.005376 0.003471
0 0.288936 0.306084 0.006766 0.003351
0 0.259959 0.168723 0.006885 0.003386
0 0.352623 0.211046 0.005384 0.003340
0 0.216586 0.212447 0.005225 0.003326
0 0.199002 0.204374 0.009508 0.003311
0 0.665663 0.204880 0.010705 0.003480
0 0.617889 0.259714 0.005394 0.003480
0 0.715067 0.250338 0.005485 0.003508
0 0.665547 0.250409 0.006299 0.003366
0 0.324949 0.216727 0.006456 0.003337
0 0.582642 0.259706 0.005364 0.003494
0 0.727637 0.200963 0.009510 0.003340
0 0.585510 0.208901 0.006498 0.003337
0 0.609365 0.183086 0.005364 0.003311
0 0.582347 0.172975 0.006794 0.003351
0 0.669937 0.156646 0.006800 0.003351
0 0.725983 0.290296 0.009416 0.003289
0 0.644963 0.298132 0.006871 0.003383
0 0.631855 0.204970 0.008799 0.003340
0 0.707439 0.200392 0.005432 0.003309
0 0.203226 0.298102 0.014491 0.003192
0 0.726056 0.295321 0.014594 0.003351