0 0.486173 0.901944 0.060998 0.022166
0 0.549316 0.901796 0.046501 0.022520
0 0.498881 0.732959 0.018686 0.009453
0 0.585303 0.656633 0.018077 0.009196
0 0.581289 0.579045 0.011967 0.009099
0 0.596428 0.529286 0.011699 0.009199
0 0.496429 0.577497 0.014104 0.009436
0 0.513297 0.442075 0.028597 0.009578
0 0.611533 0.376981 0.025037 0.009151
0 0.441347 0.476518 0.014687 0.008908
0 0.512679 0.654953 0.018077 0.009193
0 0.433864 0.654971 0.018077 0.009196
0 0.414998 0.578475 0.011967 0.009099
0 0.588263 0.454686 0.011967 0.009099
0 0.407190 0.512875 0.011699 0.009199
0 0.543263 0.376432 0.018077 0.009193
0 0.590931 0.923446 0.009752 0.009607
0 0.386968 0.346254 0.023120 0.009156
0 0.336286 0.272819 0.011282 0.005844