0 0.624423 0.493240 0.007242 0.003874
0 0.711627 0.574515 0.005342 0.003843
0 0.924035 0.741827 0.022734 0.009179
0 0.946684 0.741883 0.016891 0.009176
0 0.964510 0.751615 0.005732 0.004826
0 0.791435 0.637462 0.007048 0.003794
0 0.711711 0.637496 0.007048 0.003794
0 0.636940 0.637573 0.007046 0.003794
0 0.130795 0.522781 0.004350 0.003697
0 0.447102 0.741906 0.016754 0.008891
0 0.266567 0.464658 0.004542 0.003746
0 0.259752 0.538739 0.004308 0.003788
0 0.272241 0.388826 0.004199 0.002942
0 0.277128 0.388769 0.004298 0.002771
0 0.191771 0.536331 0.005291 0.003769
0 0.313667 0.492147 0.005654 0.003786
0 0.311872 0.538804 0.004288 0.003788
0 0.368502 0.499001 0.001501 0.002523
0 0.197844 0.466059 0.005779 0.003680
0 0.112682 0.472491 0.004542 0.003746
0 0.101572 0.409454 0.006871 0.003720
0 0.464492 0.751569 0.005507 0.004649
0 0.185191 0.417536 0.006917 0.003783
0 0.291154 0.582853 0.006917 0.003774
0 0.191569 0.582882 0.006917 0.003774
0 0.096864 0.532851 0.006917 0.003774
0 0.722410 0.436407 0.007048 0.003794
0 0.806026 0.495281 0.004584 0.003874
0 0.627382 0.541603 0.004584 0.003874
0 0.636229 0.591021 0.004298 0.003843
0 0.792307 0.581083 0.004296 0.003843
0 0.766983 0.493469 0.004298 0.003843
0 0.712580 0.488585 0.005753 0.003777
0 0.669457 0.487580 0.005833 0.003957
0 0.632341 0.493240 0.007141 0.003823
0 0.424334 0.741876 0.022716 0.008831