0 0.424115 0.420339 0.008727 0.004275
0 0.145111 0.410137 0.008839 0.004292
0 0.725069 0.743078 0.023560 0.008726
0 0.749137 0.743046 0.018132 0.008663
0 0.759146 0.753363 0.003820 0.003118
0 0.215605 0.554404 0.006955 0.004397
0 0.166364 0.554374 0.006816 0.004400
0 0.957663 0.401047 0.008849 0.004215
0 0.247809 0.743017 0.023560 0.008786
0 0.272083 0.743113 0.018086 0.008723
0 0.281979 0.753397 0.003728 0.003123
0 0.240796 0.465757 0.006875 0.003899
0 0.425799 0.462541 0.006875 0.004221
0 0.456440 0.439642 0.012126 0.004203
0 0.285539 0.560728 0.008918 0.004295
0 0.303617 0.458388 0.008168 0.004221
0 0.806816 0.419131 0.008700 0.004223
0 0.905854 0.403579 0.008650 0.004275
0 0.921378 0.586374 0.008559 0.004260
0 0.871396 0.529823 0.006778 0.004184
0 0.862089 0.452388 0.007157 0.004166
0 0.540717 0.420892 0.006778 0.004275
0 0.952581 0.444855 0.012114 0.004203
0 0.957821 0.586180 0.011950 0.004221
0 0.957891 0.579356 0.018386 0.004201
0 0.484416 0.404303 0.008823 0.004218
0 0.491894 0.481167 0.012114 0.004203
0 0.544701 0.531371 0.006802 0.004417
0 0.655670 0.554644 0.006802 0.004420
0 0.704717 0.554622 0.006802 0.004417
0 0.938022 0.530445 0.006804 0.004417
0 0.485707 0.562414 0.008823 0.004218
0 0.605817 0.425925 0.008821 0.004218
0 0.605817 0.579923 0.008821 0.004218
0 0.783591 0.570982 0.008910 0.004266
0 0.922543 0.471476 0.006661 0.004275
0 0.713744 0.472115 0.006778 0.004275
0 0.753787 0.470435 0.007042 0.004238
0 0.440444 0.514135 0.006974 0.004400
0 0.363330 0.440638 0.013530 0.004417
0 0.368470 0.541251 0.007929 0.004258
0 0.455116 0.574644 0.011924 0.004186
0 0.425666 0.578272 0.008660 0.004226
0 0.455331 0.580956 0.018324 0.004221
0 0.046985 0.461993 0.012128 0.004203
0 0.081259 0.420526 0.006802 0.004221
0 0.059604 0.541144 0.006816 0.004397
0 0.120303 0.575574 0.008839 0.004292
0 0.160528 0.461797 0.008612 0.004203