0 0.241889 0.444195 0.009740 0.007785
0 0.189419 0.444149 0.009655 0.007426
0 0.178741 0.503746 0.011683 0.007155
0 0.190075 0.543932 0.009802 0.007323
0 0.229913 0.566186 0.009786 0.007269
0 0.262964 0.573855 0.009486 0.007426
0 0.302823 0.551119 0.015010 0.006924
0 0.341365 0.508003 0.011574 0.007665
0 0.270316 0.803039 0.032862 0.011499
0 0.304283 0.803248 0.024256 0.011023
0 0.211495 0.403721 0.015042 0.007015
0 0.669378 0.444179 0.009543 0.007109
0 0.754794 0.573522 0.009919 0.007711
0 0.721665 0.444128 0.010069 0.007252
0 0.775236 0.377670 0.020375 0.007055
0 0.821183 0.507791 0.011765 0.006659
0 0.796378 0.421383 0.022979 0.007600
0 0.709778 0.594054 0.010097 0.007765
0 0.669709 0.543556 0.009837 0.007164
0 0.658729 0.503597 0.012187 0.006921
0 0.749974 0.803163 0.033563 0.011594
0 0.784212 0.803178 0.024684 0.011317
0 0.295553 0.377372 0.020312 0.007543
0 0.363806 0.385225 0.015294 0.007121
0 0.316323 0.421538 0.022832 0.006998