0 0.465050 0.796887 0.054465 0.014122
0 0.534941 0.448818 0.015906 0.011251
0 0.546818 0.797040 0.020778 0.014433
0 0.312612 0.397771 0.033433 0.010713
0 0.580170 0.796639 0.032889 0.013922
0 0.514387 0.796555 0.031809 0.014364
0 0.666366 0.481189 0.016895 0.010998
0 0.651697 0.420440 0.032573 0.010544
0 0.400517 0.397538 0.024189 0.010767
0 0.357720 0.486116 0.007433 0.010601
0 0.489747 0.545341 0.016347 0.010607
0 0.551817 0.813548 0.010788 0.008424
0 0.815982 0.872315 0.044296 0.015690