0 0.283025 0.670808 0.011483 0.008372
0 0.809011 0.667272 0.009337 0.008176
0 0.805664 0.676696 0.005658 0.004042
0 0.955580 0.698352 0.010532 0.003426
0 0.301263 0.670616 0.018453 0.008096
0 0.699822 0.406782 0.005297 0.003449
0 0.707780 0.431549 0.004957 0.003332
0 0.748215 0.667216 0.030252 0.008087
0 0.767680 0.667149 0.004286 0.008221
0 0.787330 0.667218 0.030155 0.008626
0 0.823712 0.667206 0.014594 0.008096
0 0.738985 0.424588 0.006031 0.003355
0 0.237946 0.670554 0.030169 0.008207
0 0.779877 0.396679 0.005033 0.003312
0 0.684102 0.574430 0.002410 0.003335
0 0.776752 0.438969 0.002333 0.003338
0 0.285874 0.435656 0.003004 0.004401
0 0.169959 0.605003 0.003004 0.004401
0 0.265195 0.670614 0.017947 0.008207
0 0.691050 0.431622 0.004957 0.003330
0 0.285740 0.679962 0.005658 0.004353
0 0.420927 0.697261 0.023909 0.008352
0 0.199633 0.426257 0.006150 0.004418
0 0.178790 0.426244 0.006147 0.004421
0 0.189617 0.395485 0.006714 0.004624
0 0.289703 0.382792 0.006393 0.004370
0 0.348799 0.658258 0.022128 0.004293