0 0.359277 0.696760 0.005674 0.004263
0 0.314568 0.672244 0.007133 0.004067
0 0.182850 0.707803 0.008614 0.004206
0 0.261985 0.814498 0.008507 0.004209
0 0.217374 0.737204 0.006663 0.004166
0 0.205625 0.808857 0.011850 0.004172
0 0.262543 0.746785 0.013367 0.004332
0 0.308021 0.743333 0.005569 0.004215
0 0.320833 0.195688 0.005628 0.004166
0 0.262763 0.201741 0.013292 0.004246
0 0.301956 0.153954 0.008459 0.004192
0 0.218030 0.302686 0.008372 0.004129
0 0.189462 0.302947 0.011848 0.004144
0 0.206225 0.249902 0.006833 0.003970
0 0.262672 0.262049 0.006649 0.004149
0 0.341982 0.265040 0.005535 0.004192
0 0.357590 0.193361 0.007040 0.004021
0 0.220546 0.147392 0.011735 0.004149
0 0.194170 0.169981 0.012063 0.004146
0 0.744558 0.164592 0.011956 0.004146
0 0.587056 0.188672 0.006939 0.003990
0 0.563161 0.264044 0.005545 0.004144
0 0.609866 0.264030 0.005543 0.004144
0 0.583458 0.683289 0.006919 0.004155
0 0.559135 0.762548 0.008549 0.004229
0 0.591112 0.757858 0.008858 0.004289
0 0.540147 0.692642 0.008575 0.004263
0 0.560184 0.605007 0.011870 0.004258
0 0.593999 0.605715 0.008521 0.004243
0 0.559595 0.843093 0.011823 0.004278
0 0.638929 0.792509 0.012063 0.004232
0 0.637536 0.824759 0.005654 0.004303
0 0.794777 0.160902 0.020117 0.005925
0 0.835835 0.267957 0.020117 0.005922
0 0.303527 0.429330 0.021799 0.008139
0 0.325938 0.429353 0.016631 0.008139
0 0.326600 0.437692 0.004870 0.003728
0 0.676426 0.429319 0.021797 0.008139
0 0.698811 0.429242 0.016603 0.008139
0 0.699606 0.437720 0.004495 0.003557
0 0.661383 0.944682 0.021799 0.008139
0 0.683820 0.944617 0.016724 0.008139
0 0.289772 0.929102 0.021664 0.008139
0 0.312102 0.929168 0.016740 0.008139
0 0.313262 0.937600 0.004546 0.003568
0 0.645003 0.734563 0.005747 0.004246
0 0.679408 0.734986 0.007060 0.004249
0 0.707127 0.656921 0.005646 0.004175
0 0.669243 0.657481 0.005644 0.004178
0 0.598340 0.813817 0.006851 0.004260
0 0.623876 0.648977 0.013308 0.004406
0 0.691309 0.619481 0.008565 0.004298
0 0.355108 0.743361 0.005569 0.004215
0 0.221031 0.644922 0.006768 0.004058
0 0.184237 0.627100 0.011900 0.004209
0 0.667753 0.256223 0.006629 0.004141
0 0.730935 0.244950 0.006855 0.003990
0 0.669775 0.182119 0.013268 0.004312
0 0.716024 0.128223 0.011753 0.004175
0 0.747404 0.302096 0.011854 0.004175
0 0.719302 0.303524 0.008444 0.004135
0 0.627839 0.140316 0.008336 0.004132
0 0.718679 0.190885 0.005612 0.004135
0 0.559396 0.218859 0.005614 0.004135
0 0.214268 0.193840 0.005626 0.004135
0 0.277527 0.629936 0.011858 0.004146
0 0.262761 0.657525 0.005660 0.004243