0 0.882127 0.457015 0.006788 0.004181
0 0.853534 0.459659 0.006992 0.004221
0 0.660938 0.521121 0.006804 0.004454
0 0.648620 0.578166 0.018211 0.004044
0 0.692560 0.401137 0.008485 0.004149
0 0.163447 0.545801 0.006784 0.004329
0 0.219916 0.526174 0.007917 0.004295
0 0.180767 0.410313 0.008573 0.004292
0 0.678294 0.584659 0.008485 0.004149
0 0.220315 0.433850 0.013341 0.004434
0 0.109459 0.454839 0.006752 0.004241
0 0.116388 0.545795 0.006752 0.004329
0 0.268158 0.458454 0.006754 0.004238
0 0.266188 0.569161 0.008652 0.004203
0 0.299799 0.570011 0.011888 0.004184
0 0.299886 0.576449 0.018386 0.004184
0 0.824168 0.556600 0.008952 0.004229
0 0.747615 0.545893 0.006917 0.004275
0 0.736058 0.437769 0.013341 0.004400
0 0.285471 0.526137 0.006800 0.004403
0 0.146940 0.453237 0.008170 0.004258
0 0.648545 0.421931 0.012045 0.004232
0 0.648975 0.585410 0.011963 0.004221
0 0.676398 0.438381 0.006812 0.004184
0 0.872190 0.552424 0.006935 0.004454
0 0.281677 0.421044 0.012140 0.004221
0 0.719052 0.743273 0.023794 0.009037
0 0.743111 0.743159 0.018110 0.008410
0 0.249330 0.743066 0.023794 0.009040
0 0.273612 0.743284 0.017959 0.008786
0 0.289519 0.753290 0.003955 0.002853
0 0.759175 0.753474 0.003955 0.002850
0 0.533682 0.578085 0.018390 0.004161
0 0.534378 0.585332 0.013129 0.004161
0 0.546384 0.521136 0.006804 0.004454
0 0.533853 0.422048 0.012045 0.004369
0 0.393426 0.420824 0.012583 0.004600
0 0.391891 0.526049 0.007151 0.004785
0 0.406300 0.569848 0.012144 0.004443
0 0.406259 0.576298 0.018386 0.004184