0 0.338960 0.391450 0.006558 0.004815
0 0.355159 0.328010 0.005812 0.004932
0 0.550310 0.864246 0.012096 0.008492
0 0.328903 0.326970 0.006157 0.004208
0 0.377201 0.329327 0.005534 0.004989
0 0.405833 0.373730 0.013613 0.004461
0 0.367142 0.441879 0.005812 0.004932
0 0.390759 0.421213 0.007221 0.004461
0 0.408593 0.492477 0.012519 0.006653
0 0.339510 0.505060 0.006110 0.004487
0 0.366817 0.508166 0.005822 0.004729
0 0.391057 0.529326 0.007378 0.004484
0 0.338796 0.558084 0.007124 0.004401
0 0.328870 0.623503 0.006125 0.005040
0 0.355215 0.621900 0.005838 0.004815
0 0.376989 0.621012 0.005740 0.004812
0 0.405623 0.576393 0.013704 0.004695
0 0.563374 0.461851 0.013144 0.005676
0 0.537156 0.847859 0.030879 0.014373
0 0.339542 0.445519 0.006225 0.004698