0 0.688031 0.712207 0.008471 0.004198
0 0.363049 0.783802 0.005569 0.004218
0 0.321424 0.712913 0.005664 0.004235
0 0.315847 0.783830 0.005569 0.004218
0 0.196528 0.772384 0.006774 0.004050
0 0.182753 0.678799 0.011979 0.004192
0 0.180295 0.822425 0.011930 0.004218
0 0.208719 0.663906 0.011880 0.004209
0 0.206978 0.822486 0.008442 0.004221
0 0.661611 0.833785 0.006696 0.004189
0 0.580117 0.816127 0.006798 0.004041
0 0.569531 0.868025 0.011888 0.004246
0 0.593457 0.568433 0.011809 0.004201
0 0.648414 0.660093 0.005569 0.004243
0 0.652651 0.593431 0.005595 0.004246
0 0.599249 0.687273 0.007099 0.004109
0 0.572383 0.731074 0.012063 0.004246
0 0.594027 0.749836 0.005672 0.004226
0 0.658934 0.754895 0.013298 0.004420
0 0.599747 0.866207 0.008517 0.004195
0 0.599879 0.634266 0.005674 0.004218
0 0.258603 0.713843 0.013421 0.004317
0 0.204107 0.715463 0.005664 0.004184
0 0.358467 0.709152 0.007088 0.004095
0 0.259960 0.775987 0.006637 0.004184
0 0.261120 0.622724 0.008366 0.004178
0 0.580117 0.316270 0.006798 0.004041
0 0.661611 0.333927 0.006696 0.004189
0 0.658934 0.255037 0.013298 0.004420
0 0.594027 0.249979 0.005672 0.004226
0 0.572383 0.231217 0.012063 0.004246
0 0.599249 0.187415 0.007099 0.004109
0 0.652651 0.093574 0.005595 0.004246
0 0.648414 0.160235 0.005569 0.004243
0 0.593457 0.068575 0.011809 0.004201
0 0.688031 0.212350 0.008471 0.004198
0 0.599747 0.366349 0.008517 0.004195
0 0.599879 0.134409 0.005674 0.004218
0 0.314635 0.275712 0.005603 0.004272
0 0.193344 0.177952 0.012116 0.004238
0 0.261745 0.264761 0.006690 0.004203
0 0.188546 0.305648 0.011930 0.004320
0 0.205318 0.252629 0.006881 0.004095
0 0.261862 0.204478 0.013331 0.004346
0 0.217100 0.305378 0.008404 0.004195
0 0.301018 0.156679 0.008515 0.004192
0 0.219605 0.150113 0.011832 0.004209
0 0.318514 0.202821 0.005640 0.004218
0 0.213342 0.196577 0.005640 0.004178
0 0.356646 0.196083 0.007099 0.004124
0 0.356563 0.275704 0.005561 0.004272
0 0.569531 0.368168 0.011888 0.004246
0 0.800305 0.937623 0.004922 0.004189
0 0.776665 0.929088 0.022241 0.008681
0 0.798921 0.929132 0.017068 0.008678
0 0.303627 0.928653 0.022241 0.008678
0 0.303218 0.429270 0.022241 0.008681
0 0.776559 0.429259 0.022241 0.008681
0 0.325903 0.928983 0.017068 0.008681
0 0.325548 0.429268 0.017068 0.008681
0 0.799040 0.429268 0.017068 0.008681
0 0.326658 0.937603 0.004922 0.004189
0 0.326683 0.437857 0.004920 0.004189
0 0.800242 0.437806 0.004920 0.004189