0 0.840101 0.577102 0.015092 0.006703
0 0.699234 0.344698 0.010288 0.004882
0 0.639669 0.571525 0.006204 0.004782
0 0.811304 0.391858 0.010683 0.004816
0 0.686423 0.571020 0.006204 0.004782
0 0.810176 0.584249 0.011221 0.006526
0 0.821800 0.508363 0.006204 0.004785
0 0.834064 0.441300 0.004739 0.004645
0 0.751913 0.405597 0.012031 0.005654
0 0.700666 0.405457 0.007856 0.004964
0 0.700874 0.448943 0.007858 0.004964
0 0.630947 0.511623 0.004739 0.004648
0 0.866956 0.506935 0.011221 0.006523
0 0.752098 0.508595 0.006113 0.005004
0 0.661800 0.463065 0.006381 0.004830
0 0.238734 0.405647 0.011084 0.004437
0 0.355881 0.511302 0.004789 0.004121
0 0.166408 0.508538 0.005487 0.004451
0 0.290215 0.344296 0.009690 0.004437
0 0.348508 0.571305 0.005692 0.004189
0 0.328387 0.459608 0.005664 0.004380
0 0.301887 0.571489 0.005527 0.004677
0 0.179908 0.391858 0.010073 0.004451
0 0.289624 0.405499 0.007300 0.004335
0 0.289736 0.449074 0.007302 0.004337
0 0.151027 0.577170 0.014521 0.006093
0 0.238750 0.508534 0.005519 0.004517
0 0.774358 0.614818 0.011888 0.006438
0 0.259943 0.770370 0.019559 0.009000
0 0.279863 0.770288 0.014846 0.008618
0 0.749562 0.770285 0.014844 0.008618
0 0.729623 0.770251 0.019557 0.009000
0 0.575620 0.350111 0.008926 0.004674
0 0.152526 0.440909 0.004789 0.004121
0 0.181039 0.584376 0.011221 0.006523
0 0.217199 0.615085 0.011888 0.006438