0 0.686819 0.751736 0.005495 0.003494
0 0.235747 0.790993 0.010723 0.003497
0 0.160668 0.639457 0.014183 0.003326
0 0.160882 0.634443 0.009520 0.003323
0 0.231724 0.703552 0.005511 0.003406
0 0.210791 0.833112 0.006800 0.003351
0 0.637132 0.701170 0.010673 0.003485
0 0.675835 0.679364 0.008833 0.003340
0 0.698650 0.692291 0.009365 0.003374
0 0.602559 0.658628 0.006685 0.003423
0 0.671360 0.707204 0.005485 0.003340
0 0.671977 0.797543 0.006855 0.003357
0 0.192112 0.652756 0.005412 0.003494
0 0.253537 0.698460 0.005515 0.003394
0 0.338191 0.710170 0.005525 0.003525
0 0.185752 0.775720 0.006297 0.003346
0 0.314984 0.790569 0.005535 0.003531
0 0.177856 0.718249 0.005400 0.003537
0 0.289876 0.725296 0.006498 0.003371
0 0.253538 0.198557 0.005493 0.003394
0 0.278164 0.281607 0.006758 0.003272
0 0.226253 0.221587 0.005386 0.003351
0 0.316119 0.326143 0.006879 0.003326
0 0.239418 0.300527 0.010615 0.003511
0 0.289080 0.226294 0.006498 0.003411
0 0.188001 0.216252 0.005396 0.003494
0 0.545885 0.702636 0.005370 0.003329
0 0.634833 0.769423 0.006264 0.003394
0 0.602681 0.709062 0.006925 0.003363
0 0.554509 0.771503 0.005404 0.003508
0 0.575546 0.711187 0.006498 0.003366
0 0.589757 0.771496 0.005394 0.003465
0 0.697690 0.791868 0.009476 0.003366
0 0.275770 0.431677 0.018414 0.006552
0 0.294940 0.431553 0.014135 0.006634
0 0.302812 0.439836 0.003117 0.002750
0 0.648693 0.431632 0.018434 0.006552
0 0.667898 0.431632 0.013996 0.006689
0 0.675810 0.439833 0.003073 0.002488
0 0.697705 0.796761 0.014882 0.003850
0 0.783175 0.692132 0.009365 0.003374
0 0.771569 0.751852 0.005495 0.003494
0 0.781476 0.791620 0.009476 0.003366
0 0.781475 0.796858 0.014882 0.003850
0 0.648692 0.931392 0.018416 0.006540
0 0.667873 0.931506 0.014074 0.006540
0 0.675796 0.939555 0.003057 0.002616
0 0.275683 0.931552 0.018531 0.006797
0 0.294821 0.931674 0.014187 0.006717
0 0.302898 0.939823 0.003242 0.002867
0 0.314926 0.279225 0.005396 0.003494
0 0.336876 0.199775 0.005523 0.003522
0 0.193938 0.312960 0.006800 0.003417
0 0.160827 0.134632 0.009520 0.003360
0 0.160663 0.139648 0.014181 0.003286
0 0.196273 0.272022 0.006297 0.003337
0 0.193412 0.149769 0.005402 0.003494
0 0.228182 0.146867 0.009625 0.003383
0 0.159082 0.225154 0.006800 0.003354
0 0.645662 0.216479 0.005331 0.003383
0 0.507354 0.181406 0.005384 0.003411
0 0.714755 0.173870 0.006774 0.003340
0 0.772840 0.156938 0.006869 0.003366
0 0.833756 0.190352 0.006774 0.003331
0 0.785803 0.307136 0.006855 0.003357
0 0.618948 0.307549 0.006774 0.003380
0 0.549510 0.217320 0.006774 0.003400
0 0.499516 0.309280 0.006774 0.003400
0 0.548733 0.269188 0.006774 0.003397
0 0.456669 0.246054 0.006774 0.003383
0 0.456409 0.200705 0.006774 0.003400
0 0.838933 0.159813 0.007115 0.003366
0 0.559943 0.302172 0.006994 0.003368
0 0.701236 0.302115 0.007054 0.003368
0 0.559999 0.179835 0.006994 0.003368
0 0.464558 0.286101 0.006996 0.003368
0 0.459624 0.167330 0.006994 0.003368
0 0.839583 0.303683 0.014620 0.003223
0 0.839549 0.308977 0.009482 0.003368
0 0.770881 0.262377 0.005364 0.003351
0 0.764126 0.199007 0.005696 0.003383
0 0.714078 0.223873 0.006879 0.003340
0 0.677489 0.215237 0.005573 0.003366
0 0.511560 0.263555 0.005364 0.003508
0 0.601017 0.268539 0.005495 0.003508
0 0.639909 0.268539 0.005364 0.003508
0 0.823810 0.262867 0.005364 0.003511
0 0.811754 0.214816 0.005470 0.003357
0 0.348293 0.239179 0.006798 0.003380
0 0.228172 0.646741 0.009623 0.003445
0 0.160273 0.680677 0.006800 0.003354