0 0.096422 0.572298 0.010735 0.007737
0 0.095128 0.504514 0.011771 0.007842
0 0.142514 0.433261 0.022855 0.007879
0 0.199764 0.418468 0.011952 0.008013
0 0.097455 0.450257 0.011566 0.007953
0 0.244296 0.528627 0.011735 0.007603
0 0.096540 0.412621 0.017352 0.008059
0 0.345966 0.424766 0.023385 0.008210
0 0.383596 0.477145 0.023157 0.008053
0 0.423796 0.448969 0.022877 0.007603
0 0.365952 0.544753 0.011421 0.007768
0 0.599512 0.442385 0.005654 0.008424
0 0.674936 0.441038 0.025386 0.008244
0 0.715182 0.569112 0.005601 0.008469
0 0.574200 0.527708 0.011660 0.008267
0 0.275576 0.410418 0.023105 0.007842
0 0.636502 0.559475 0.018590 0.008672
0 0.836751 0.554839 0.012116 0.008526
0 0.732820 0.440385 0.025188 0.009082
0 0.270591 0.633411 0.011459 0.007546
0 0.236388 0.619259 0.005233 0.007913
0 0.247243 0.619042 0.010733 0.007737
0 0.173820 0.545934 0.011058 0.007762
0 0.085706 0.572473 0.005235 0.007916