0 0.871626 0.429159 0.010804 0.006195
0 0.892519 0.445871 0.010727 0.006207
0 0.859404 0.566475 0.010308 0.006110
0 0.627596 0.613909 0.006742 0.006386
0 0.571821 0.542404 0.006746 0.006158
0 0.625696 0.525356 0.015507 0.006050
0 0.859637 0.504809 0.014189 0.005816
0 0.548513 0.522623 0.014189 0.005816
0 0.858841 0.618579 0.007068 0.006005
0 0.790310 0.618604 0.007068 0.006007
0 0.557092 0.607211 0.007068 0.006005
0 0.909489 0.551381 0.010806 0.006193
0 0.797377 0.518039 0.013887 0.005831
0 0.793961 0.665569 0.010804 0.006195
0 0.605404 0.665583 0.010804 0.006195
0 0.546755 0.660598 0.008916 0.004178
0 0.622943 0.487843 0.010802 0.006195
0 0.712792 0.646140 0.010725 0.006204
0 0.714957 0.583595 0.007068 0.005970
0 0.713433 0.548099 0.007201 0.005968
0 0.774273 0.560848 0.014086 0.006369
0 0.684609 0.551500 0.010560 0.006233
0 0.858777 0.665762 0.010804 0.006195
0 0.805963 0.550519 0.013941 0.005888
0 0.137939 0.592341 0.008692 0.003839
0 0.248463 0.595192 0.010151 0.005888
0 0.240246 0.542050 0.006629 0.005834
0 0.156078 0.522023 0.006631 0.005711
0 0.228188 0.372418 0.010153 0.005885
0 0.135122 0.597761 0.013568 0.003839
0 0.307391 0.453064 0.010159 0.005854
0 0.139900 0.415620 0.014167 0.005814
0 0.175086 0.437942 0.013794 0.005797
0 0.386946 0.477180 0.013990 0.006044
0 0.348837 0.451713 0.006871 0.005648
0 0.809841 0.463549 0.014189 0.005816
0 0.840747 0.416144 0.007070 0.006007
0 0.731730 0.773061 0.021005 0.009763
0 0.752250 0.773029 0.016758 0.009763
0 0.268169 0.753411 0.021005 0.009763
0 0.288839 0.753286 0.015954 0.009763
0 0.291642 0.764416 0.005593 0.005167
0 0.751009 0.446123 0.014189 0.006238
0 0.720137 0.396768 0.009252 0.006241
0 0.719859 0.332348 0.009252 0.006241
0 0.754869 0.331409 0.030137 0.006238
0 0.372063 0.547183 0.006669 0.005965
0 0.313762 0.547207 0.006609 0.006127