0 0.567131 0.828468 0.030429 0.014347
0 0.525741 0.828431 0.039849 0.014256
0 0.505125 0.601609 0.018489 0.008925
0 0.473805 0.438113 0.014095 0.008945
0 0.646473 0.291534 0.014559 0.008797
0 0.576245 0.270629 0.025099 0.008988
0 0.467139 0.302859 0.028216 0.008985
0 0.363437 0.444705 0.011856 0.009085
0 0.292036 0.529852 0.024617 0.008672
0 0.294925 0.437553 0.025264 0.008680
0 0.351342 0.370534 0.012084 0.008897
0 0.294297 0.360814 0.025425 0.009056
0 0.396091 0.278798 0.024738 0.008629
0 0.710253 0.460604 0.011856 0.009082
0 0.632730 0.460604 0.011856 0.009082
0 0.572200 0.460791 0.011856 0.009085
0 0.700963 0.335147 0.012084 0.008897