0 0.297824 0.709346 0.022124 0.011058
0 0.506810 0.707333 0.022124 0.011058
0 0.391517 0.263760 0.022124 0.011060
0 0.439796 0.382977 0.015289 0.010932
0 0.439641 0.396424 0.015164 0.010869
0 0.242487 0.394698 0.014795 0.010867
0 0.241933 0.407852 0.015074 0.011069
0 0.720846 0.450606 0.014749 0.011519
0 0.580124 0.605999 0.014626 0.011536
0 0.269764 0.547631 0.014628 0.011534
0 0.430905 0.544776 0.014749 0.011018
0 0.647508 0.404148 0.015487 0.011340
0 0.549626 0.372913 0.014626 0.011534
0 0.693598 0.606271 0.014626 0.011534
0 0.551632 0.266602 0.022124 0.011060
0 0.312276 0.398907 0.014751 0.011519