0 0.216556 0.712331 0.005317 0.003380
0 0.637132 0.701170 0.010673 0.003485
0 0.223893 0.690750 0.008886 0.003294
0 0.198958 0.697994 0.009563 0.003351
0 0.352617 0.710913 0.005380 0.003377
0 0.545885 0.702636 0.005370 0.003329
0 0.634833 0.769423 0.006264 0.003394
0 0.602681 0.709062 0.006925 0.003363
0 0.554509 0.771503 0.005404 0.003508
0 0.575546 0.711187 0.006498 0.003366
0 0.589757 0.771496 0.005394 0.003465
0 0.697690 0.791868 0.009476 0.003366
0 0.686819 0.751736 0.005495 0.003494
0 0.326169 0.716569 0.006486 0.003351
0 0.298636 0.717296 0.006927 0.003334
0 0.296197 0.673646 0.006941 0.003292
0 0.263733 0.696928 0.010596 0.003534
0 0.227805 0.798273 0.006784 0.003380
0 0.203209 0.797984 0.014493 0.003337
0 0.675835 0.679364 0.008833 0.003340
0 0.698650 0.692291 0.009365 0.003374
0 0.602559 0.658628 0.006685 0.003423
0 0.671360 0.707204 0.005485 0.003340
0 0.671977 0.797543 0.006855 0.003357
0 0.203218 0.792881 0.009486 0.003357
0 0.269416 0.768435 0.006278 0.003374
0 0.345504 0.781445 0.005382 0.003448
0 0.310481 0.781421 0.005475 0.003514
0 0.211814 0.752739 0.005390 0.003511
0 0.298629 0.217464 0.006925 0.003340
0 0.203226 0.298102 0.014491 0.003192
0 0.203245 0.293022 0.009371 0.003292
0 0.781278 0.791825 0.009786 0.003525
0 0.781326 0.796626 0.014459 0.003671
0 0.697774 0.796703 0.014769 0.003671
0 0.771452 0.751547 0.005487 0.003944
0 0.783404 0.692120 0.009887 0.003676
0 0.648935 0.431630 0.019075 0.007358
0 0.667633 0.431850 0.014924 0.007358
0 0.275764 0.431622 0.019075 0.007358
0 0.294693 0.431803 0.015370 0.007355
0 0.275715 0.931535 0.019075 0.007355
0 0.294926 0.931660 0.014822 0.007355
0 0.648583 0.931647 0.019075 0.007358
0 0.667755 0.931496 0.014922 0.007358
0 0.675791 0.939555 0.003607 0.002793
0 0.302706 0.939681 0.003607 0.002793
0 0.302817 0.439923 0.003607 0.002793
0 0.675605 0.439766 0.003607 0.002793
0 0.264571 0.261914 0.006317 0.003360
0 0.263740 0.212267 0.010631 0.003480
0 0.345493 0.268237 0.005384 0.003508
0 0.310483 0.268236 0.005475 0.003477
0 0.211803 0.252893 0.005376 0.003471
0 0.288936 0.306084 0.006766 0.003351
0 0.259959 0.168723 0.006885 0.003386
0 0.352623 0.211046 0.005384 0.003340
0 0.216586 0.212447 0.005225 0.003326
0 0.199002 0.204374 0.009508 0.003311
0 0.665663 0.204880 0.010705 0.003480
0 0.617889 0.259714 0.005394 0.003480
0 0.715067 0.250338 0.005485 0.003508
0 0.665547 0.250409 0.006299 0.003366
0 0.324949 0.216727 0.006456 0.003337
0 0.582642 0.259706 0.005364 0.003494
0 0.727637 0.200963 0.009510 0.003340
0 0.585510 0.208901 0.006498 0.003337
0 0.609365 0.183086 0.005364 0.003311
0 0.582347 0.172975 0.006794 0.003351
0 0.669937 0.156646 0.006800 0.003351
0 0.726056 0.295321 0.014594 0.003351
0 0.725983 0.290296 0.009416 0.003289
0 0.644963 0.298132 0.006871 0.003383
0 0.631855 0.204970 0.008799 0.003340
0 0.707439 0.200392 0.005432 0.003309