0 0.313365 0.542369 0.019839 0.011021
0 0.378941 0.445353 0.019942 0.011288
0 0.665709 0.570522 0.013510 0.010798
0 0.389622 0.543000 0.013171 0.011588
0 0.576343 0.420207 0.013371 0.011149
0 0.482529 0.581856 0.013883 0.011180
0 0.576672 0.432306 0.013990 0.010673
0 0.595205 0.570446 0.013512 0.010801
0 0.482493 0.594257 0.013748 0.011326
0 0.509162 0.387647 0.013512 0.010801
0 0.443161 0.376418 0.019774 0.011183
0 0.660624 0.651100 0.019837 0.011021
0 0.590695 0.651078 0.019839 0.011021
0 0.444096 0.665066 0.019839 0.011021
0 0.390691 0.648731 0.019839 0.011021