0 0.297691 0.371723 0.022191 0.007808
0 0.773982 0.890882 0.036051 0.016827
0 0.725041 0.890582 0.047809 0.017229
0 0.123050 0.728868 0.011615 0.008917
0 0.115047 0.401914 0.017767 0.008823
0 0.104908 0.728757 0.017767 0.008820
0 0.114947 0.565825 0.017767 0.008823
0 0.093426 0.565631 0.018228 0.009102
0 0.114570 0.464696 0.014666 0.008013
0 0.093613 0.401628 0.018216 0.009230
0 0.085547 0.300355 0.015110 0.008013
0 0.566520 0.797859 0.010568 0.008352
0 0.497277 0.796981 0.010570 0.008352
0 0.377779 0.795667 0.010570 0.008352
0 0.308468 0.794561 0.010570 0.008352
0 0.099986 0.695660 0.022189 0.007808
0 0.100547 0.532410 0.022191 0.007808
0 0.101083 0.368667 0.022191 0.007808
0 0.313227 0.527300 0.010570 0.008352
0 0.572309 0.469152 0.011048 0.007745
0 0.525228 0.436162 0.013040 0.008121
0 0.482605 0.435462 0.010931 0.008107
0 0.410912 0.550971 0.012346 0.008002
0 0.409154 0.368543 0.024674 0.008409
0 0.289412 0.604139 0.021881 0.008124
0 0.498136 0.551652 0.010423 0.008207
0 0.471478 0.357620 0.016065 0.008181
0 0.328121 0.618412 0.016065 0.008181
0 0.567471 0.552375 0.010613 0.008352
0 0.582900 0.347031 0.020857 0.008315
0 0.323639 0.427511 0.010391 0.008216
0 0.085783 0.309645 0.015110 0.008013
0 0.577758 0.271591 0.013886 0.007959