0 0.661611 0.833785 0.006696 0.004189
0 0.658934 0.754895 0.013298 0.004420
0 0.594027 0.749836 0.005672 0.004226
0 0.572383 0.731074 0.012063 0.004246
0 0.599249 0.687273 0.007099 0.004109
0 0.652651 0.593431 0.005595 0.004246
0 0.648414 0.660093 0.005569 0.004243
0 0.593457 0.568433 0.011809 0.004201
0 0.688031 0.712207 0.008471 0.004198
0 0.599879 0.634266 0.005674 0.004218
0 0.599747 0.866207 0.008517 0.004195
0 0.356539 0.743296 0.005567 0.004135
0 0.309434 0.743284 0.005529 0.004135
0 0.263870 0.738693 0.013292 0.004317
0 0.316009 0.672192 0.007014 0.004007
0 0.360722 0.696728 0.005636 0.004155
0 0.264184 0.657491 0.005636 0.004135
0 0.266957 0.629954 0.011944 0.004178
0 0.222411 0.644924 0.006812 0.004007
0 0.218686 0.737179 0.006637 0.004109
0 0.206979 0.808775 0.011749 0.004121
0 0.234555 0.802002 0.008449 0.004175
0 0.184277 0.669089 0.008348 0.004175
0 0.185597 0.627076 0.011751 0.004166
0 0.569531 0.868025 0.011888 0.004246
0 0.580117 0.816127 0.006798 0.004041
0 0.572395 0.305124 0.008582 0.004366
0 0.651795 0.324915 0.005638 0.004317
0 0.258603 0.213985 0.013421 0.004317
0 0.204107 0.215606 0.005664 0.004184
0 0.358467 0.209295 0.007088 0.004095
0 0.259960 0.276130 0.006637 0.004184
0 0.261120 0.122867 0.008366 0.004178
0 0.363049 0.283944 0.005569 0.004218
0 0.321424 0.213055 0.005664 0.004235
0 0.315847 0.283973 0.005569 0.004218
0 0.196528 0.272526 0.006774 0.004050
0 0.182753 0.178941 0.011979 0.004192
0 0.180295 0.322568 0.011930 0.004218
0 0.208719 0.164048 0.011880 0.004209
0 0.206978 0.322629 0.008442 0.004221
0 0.612557 0.313957 0.006960 0.004260
0 0.721381 0.157072 0.005636 0.004146
0 0.683509 0.157622 0.005636 0.004146
0 0.638049 0.149117 0.013409 0.004429
0 0.608145 0.105856 0.008549 0.004263
0 0.574450 0.105140 0.011854 0.004283
0 0.659233 0.234691 0.005612 0.004315
0 0.693614 0.235110 0.006929 0.004275
0 0.653084 0.292649 0.012063 0.004295
0 0.605261 0.257997 0.008870 0.004320
0 0.597718 0.183433 0.006732 0.004295
0 0.573794 0.343230 0.011775 0.004295
0 0.303478 0.429305 0.021777 0.008185
0 0.325942 0.429232 0.016462 0.008182
0 0.326643 0.437790 0.004501 0.003645
0 0.697169 0.444789 0.016623 0.008182
0 0.798999 0.929270 0.016462 0.008185
0 0.325412 0.929060 0.016716 0.008453
0 0.674872 0.444919 0.021777 0.008185
0 0.776808 0.929148 0.021777 0.008185
0 0.303028 0.929303 0.021777 0.008182
0 0.800258 0.937539 0.004501 0.003645
0 0.326581 0.937599 0.004501 0.003645