0 0.311470 0.427303 0.030496 0.010296
0 0.324183 0.550279 0.015063 0.009997
0 0.311191 0.371600 0.031106 0.009960
0 0.519515 0.835152 0.046119 0.016101
0 0.568199 0.835084 0.035233 0.016101
0 0.558431 0.852757 0.011084 0.008934
0 0.418178 0.393842 0.014030 0.010482
0 0.510063 0.393859 0.035896 0.010516
0 0.523476 0.550335 0.014669 0.010473
0 0.629238 0.591049 0.023252 0.010487
0 0.717754 0.591127 0.014030 0.010484
0 0.580233 0.441966 0.030395 0.010094
0 0.631328 0.434394 0.015209 0.009917
0 0.358523 0.349072 0.030602 0.010445
0 0.719849 0.434605 0.014225 0.010430