0 0.387207 0.435912 0.014120 0.005759
0 0.352614 0.440370 0.013881 0.005779
0 0.370639 0.520033 0.006581 0.005845
0 0.222097 0.449934 0.010238 0.005893
0 0.387371 0.386252 0.013979 0.005888
0 0.340587 0.375926 0.013663 0.005834
0 0.349372 0.591757 0.010165 0.005794
0 0.211132 0.559001 0.006637 0.005623
0 0.233132 0.390489 0.010403 0.005868
0 0.152236 0.559024 0.006579 0.005685
0 0.180725 0.446946 0.006875 0.005617
0 0.287122 0.534259 0.006518 0.005708
0 0.141540 0.478705 0.013832 0.005919
0 0.760773 0.494045 0.010097 0.005777
0 0.754157 0.643859 0.006565 0.005791
0 0.819150 0.614959 0.013871 0.005814
0 0.649226 0.688371 0.008664 0.003736
0 0.770650 0.546670 0.015581 0.005965
0 0.686238 0.500175 0.013734 0.005771
0 0.690306 0.687706 0.010167 0.005802
0 0.742227 0.343568 0.006615 0.005683
0 0.667247 0.615816 0.006615 0.005683
0 0.809640 0.493528 0.013679 0.005814
0 0.768130 0.425171 0.006577 0.005685
0 0.289495 0.398159 0.015569 0.005962
0 0.684602 0.436349 0.006847 0.005660
0 0.291764 0.764518 0.005793 0.005247
0 0.934201 0.761127 0.005791 0.005247
0 0.931904 0.749624 0.015902 0.009273
0 0.289045 0.753011 0.015902 0.009270
0 0.267960 0.752750 0.020961 0.009273
0 0.910862 0.749504 0.020959 0.009273
0 0.681280 0.544312 0.013881 0.005779
0 0.644399 0.533571 0.014568 0.006384