0 0.305351 0.250698 0.042613 0.016442
0 0.309785 0.359681 0.032623 0.016300
0 0.415415 0.323005 0.020699 0.015787
0 0.515806 0.357665 0.020699 0.015787
0 0.537092 0.262747 0.020701 0.015784
0 0.536799 0.283101 0.020699 0.015787
0 0.621851 0.422687 0.020699 0.015784
0 0.421870 0.645811 0.020701 0.015784
0 0.422115 0.666753 0.020699 0.015787
0 0.258230 0.542219 0.020699 0.015784
0 0.719264 0.539292 0.020699 0.015784
0 0.604261 0.681656 0.020699 0.015787
0 0.555376 0.586450 0.020701 0.015784
0 0.309745 0.709086 0.032623 0.016297