0 0.221443 0.525764 0.014526 0.004561
0 0.218047 0.580061 0.006252 0.004723
0 0.251859 0.551545 0.006201 0.004561
0 0.706486 0.449729 0.006185 0.004761
0 0.788805 0.506843 0.006159 0.004826
0 0.810594 0.423261 0.010542 0.004966
0 0.663071 0.416307 0.006171 0.004889
0 0.697718 0.394165 0.014726 0.004783
0 0.786233 0.549199 0.014724 0.004783
0 0.749491 0.405389 0.006173 0.004889
0 0.757305 0.423204 0.006616 0.004778
0 0.252485 0.580120 0.006167 0.004561
0 0.746300 0.451474 0.006159 0.004823
0 0.252436 0.525775 0.006201 0.004629
0 0.122085 0.525834 0.014524 0.004701
0 0.089580 0.551546 0.006399 0.004655
0 0.089118 0.580131 0.006036 0.004818
0 0.125343 0.580027 0.006070 0.004701
0 0.156795 0.580190 0.006036 0.004655
0 0.161154 0.547764 0.006266 0.004723
0 0.825588 0.536703 0.006183 0.004758
0 0.290160 0.818613 0.024936 0.011628
0 0.770043 0.818826 0.025028 0.011773
0 0.823773 0.588531 0.006159 0.004826
0 0.806854 0.465241 0.006618 0.004775
0 0.726747 0.399123 0.006159 0.004826
0 0.180211 0.547694 0.006350 0.004561
0 0.148059 0.534246 0.006530 0.004535
0 0.801082 0.596773 0.006050 0.004892
0 0.793299 0.474373 0.006042 0.004886
0 0.171435 0.503345 0.010282 0.004632
0 0.195526 0.534292 0.006514 0.004444
0 0.825830 0.479153 0.006159 0.004823
0 0.089102 0.525741 0.006036 0.004698
0 0.184678 0.580155 0.006038 0.004678
0 0.669037 0.448468 0.006159 0.004826