0 0.431694 0.463575 0.010052 0.007645
0 0.345949 0.433368 0.015797 0.007768
0 0.289532 0.446371 0.014981 0.007885
0 0.282717 0.388130 0.020782 0.007366
0 0.482806 0.898263 0.043878 0.016514
0 0.289557 0.559552 0.014981 0.007885
0 0.547196 0.589193 0.014900 0.007885
0 0.547361 0.533800 0.009845 0.007628
0 0.427996 0.660385 0.014981 0.007885
0 0.527918 0.898261 0.033586 0.016534
0 0.479722 0.573609 0.009845 0.007628
0 0.314404 0.664036 0.009869 0.005336
0 0.411621 0.587700 0.022959 0.007953
0 0.345174 0.557751 0.015376 0.007873
0 0.475258 0.462081 0.013995 0.007685