0 0.805700 0.501418 0.005935 0.004803
0 0.356212 0.586993 0.006201 0.004629
0 0.636871 0.492219 0.005996 0.004718
0 0.766029 0.505125 0.006080 0.004875
0 0.765459 0.447836 0.014156 0.004749
0 0.417371 0.587088 0.006249 0.004723
0 0.252485 0.580120 0.006167 0.004561
0 0.384100 0.586941 0.006201 0.004629
0 0.288422 0.532711 0.006203 0.004629
0 0.252436 0.525775 0.006201 0.004629
0 0.288431 0.586981 0.006201 0.004629
0 0.324703 0.587034 0.006249 0.004723
0 0.171435 0.503345 0.010282 0.004632
0 0.195526 0.534292 0.006514 0.004444
0 0.089102 0.525741 0.006036 0.004698
0 0.221443 0.525764 0.014526 0.004561
0 0.288913 0.558435 0.006201 0.004561
0 0.360551 0.554532 0.006201 0.004561
0 0.379548 0.554571 0.006201 0.004558
0 0.451145 0.558523 0.006203 0.004561
0 0.770477 0.818379 0.025310 0.012261
0 0.812063 0.465634 0.005826 0.004872
0 0.625999 0.547137 0.006040 0.004781
0 0.595322 0.502845 0.014289 0.004647
0 0.573307 0.538022 0.005929 0.004732
0 0.650373 0.520083 0.005804 0.004647
0 0.621872 0.491297 0.006509 0.004629
0 0.598577 0.578969 0.006086 0.004781
0 0.673040 0.444927 0.010264 0.005145
0 0.148059 0.534246 0.006530 0.004535
0 0.711077 0.469434 0.006636 0.004587
0 0.694233 0.484404 0.006125 0.004778
0 0.698792 0.513787 0.006201 0.004849
0 0.728052 0.514443 0.006133 0.004729
0 0.218047 0.580061 0.006252 0.004723
0 0.370802 0.510194 0.010282 0.004629
0 0.251859 0.551545 0.006201 0.004561
0 0.122085 0.525834 0.014524 0.004701
0 0.290160 0.818613 0.024936 0.011628
0 0.089580 0.551546 0.006399 0.004655
0 0.089118 0.580131 0.006036 0.004818
0 0.125343 0.580027 0.006070 0.004701
0 0.156795 0.580190 0.006036 0.004655
0 0.420765 0.532664 0.014524 0.004672
0 0.184678 0.580155 0.006038 0.004678
0 0.161154 0.547764 0.006266 0.004723
0 0.180211 0.547694 0.006350 0.004561
0 0.451807 0.586995 0.006201 0.004629
0 0.451815 0.532671 0.006201 0.004629
0 0.321379 0.532644 0.014524 0.004672
0 0.347420 0.541113 0.006514 0.004444
0 0.394908 0.541102 0.006516 0.004444