0 0.401625 0.397719 0.010454 0.007212
0 0.451473 0.334317 0.008498 0.006611
0 0.528932 0.488672 0.013251 0.006249
0 0.470376 0.516197 0.019208 0.007212
0 0.465284 0.585261 0.010964 0.007814
0 0.357430 0.630802 0.017678 0.006491
0 0.358968 0.479179 0.017847 0.007070
0 0.410218 0.467707 0.017847 0.007067
0 0.437367 0.843962 0.040387 0.016442
0 0.477658 0.843234 0.028273 0.014712
0 0.515916 0.843804 0.028273 0.014712
0 0.466942 0.644292 0.013251 0.006251
0 0.398895 0.633907 0.013251 0.006251
0 0.480664 0.425141 0.008500 0.006611
0 0.385318 0.563967 0.008500 0.006611