0 0.474930 0.757447 0.015644 0.005175
0 0.572323 0.763981 0.007600 0.005181
0 0.646359 0.764101 0.007717 0.005301
0 0.515908 0.672588 0.007471 0.005232
0 0.653728 0.672539 0.007475 0.005232
0 0.430815 0.763993 0.003532 0.005215
0 0.519645 0.757515 0.015797 0.005289
0 0.544980 0.894377 0.035650 0.011815
0 0.510489 0.910150 0.009005 0.006717
0 0.840965 0.844826 0.042914 0.015392
0 0.899656 0.844820 0.064358 0.015004
0 0.826345 0.875704 0.035765 0.013140
0 0.826877 0.906023 0.035765 0.013140
0 0.826215 0.936154 0.035763 0.013140
0 0.811783 0.784980 0.012218 0.005930
0 0.811858 0.757410 0.007637 0.005614
0 0.810590 0.729769 0.007637 0.005614
0 0.810679 0.688467 0.007637 0.005614
0 0.811743 0.694107 0.007637 0.005614
0 0.811699 0.735534 0.007637 0.005614
0 0.811876 0.763173 0.007637 0.005617
0 0.841371 0.674238 0.016109 0.005614
0 0.869632 0.674238 0.011572 0.005614
0 0.880959 0.674300 0.007637 0.005614
0 0.891505 0.674363 0.007637 0.005614
0 0.913133 0.674175 0.011896 0.005614
0 0.924499 0.674112 0.007862 0.005614