0 0.315665 0.573237 0.013043 0.008304
0 0.289665 0.378868 0.022444 0.008005
0 0.273485 0.680318 0.022444 0.008007
0 0.459964 0.351224 0.024703 0.008612
0 0.498813 0.904820 0.058537 0.020969
0 0.436083 0.237385 0.016305 0.008007
0 0.557349 0.904927 0.045063 0.021605
0 0.569480 0.611609 0.010973 0.008304
0 0.354649 0.348471 0.010975 0.008304
0 0.455352 0.611946 0.012730 0.008036
0 0.587822 0.500844 0.008487 0.006579
0 0.334578 0.457526 0.008487 0.006579
0 0.534996 0.446189 0.009033 0.006579
0 0.281730 0.260316 0.022879 0.008005
0 0.333536 0.690410 0.016305 0.008005
0 0.554227 0.235654 0.012783 0.007962
0 0.508912 0.929612 0.018150 0.011819