0 0.350760 0.543944 0.012182 0.009005
0 0.454720 0.622317 0.014638 0.008943
0 0.343787 0.638515 0.012015 0.008977
0 0.625083 0.654223 0.012003 0.008988
0 0.586397 0.525120 0.012779 0.008974
0 0.528477 0.497749 0.018618 0.008948
0 0.633629 0.560758 0.012170 0.009005
0 0.545678 0.654218 0.011969 0.009034
0 0.757438 0.403260 0.022460 0.009313
0 0.680062 0.294429 0.022426 0.009262
0 0.511697 0.722603 0.018396 0.008997
0 0.459508 0.532360 0.028910 0.009319
0 0.417047 0.445040 0.018293 0.009031
0 0.318930 0.511812 0.025368 0.008977
0 0.329640 0.248508 0.017407 0.008997
0 0.601943 0.293046 0.010661 0.005700
0 0.599594 0.300524 0.017254 0.006646
0 0.624783 0.300550 0.017409 0.006879
0 0.753463 0.312739 0.011269 0.005700
0 0.432994 0.248545 0.017405 0.008997
0 0.075115 0.223284 0.017407 0.008997
0 0.074684 0.408987 0.017407 0.008997
0 0.074635 0.539064 0.017407 0.008997
0 0.075199 0.687095 0.017407 0.008997
0 0.047899 0.841298 0.010830 0.008997
0 0.063326 0.841520 0.010887 0.008997
0 0.086321 0.841442 0.029091 0.009279
0 0.112559 0.841372 0.017195 0.008997
0 0.538104 0.904461 0.050087 0.018264
0 0.589329 0.904886 0.038227 0.018264
0 0.058458 0.056710 0.018930 0.011972