0 0.813624 0.803069 0.024027 0.012129
0 0.761567 0.559210 0.011493 0.007503
0 0.760544 0.349109 0.020085 0.007357
0 0.675501 0.566877 0.009619 0.007112
0 0.843420 0.477490 0.009649 0.007129
0 0.651761 0.337216 0.020310 0.007129
0 0.751279 0.803019 0.032715 0.011534
0 0.785082 0.802832 0.024807 0.011605
0 0.862374 0.396351 0.016239 0.007514
0 0.276346 0.818033 0.032644 0.011625
0 0.830619 0.567238 0.009617 0.007115
0 0.272691 0.395855 0.023150 0.007497
0 0.227430 0.503438 0.009645 0.007172
0 0.310099 0.818034 0.024970 0.011531
0 0.252149 0.602151 0.015298 0.007517
0 0.361218 0.474805 0.009643 0.007175
0 0.386909 0.550054 0.013575 0.007172
0 0.338570 0.818074 0.024162 0.011742
0 0.348108 0.414538 0.009573 0.007092
0 0.161982 0.451767 0.011989 0.007081
0 0.194653 0.407199 0.009573 0.007090
0 0.172267 0.503883 0.009645 0.007172
0 0.290168 0.501049 0.011667 0.007189
0 0.656216 0.416140 0.020877 0.007178
0 0.695151 0.406069 0.009617 0.007115
0 0.655209 0.483426 0.020687 0.007338
0 0.682272 0.483481 0.009264 0.007178
0 0.750765 0.472373 0.023049 0.007318
0 0.809604 0.466286 0.012102 0.007121