0 0.634123 0.526488 0.006790 0.004380
0 0.281614 0.477216 0.006931 0.004987
0 0.218778 0.565808 0.009105 0.004400
0 0.220082 0.479249 0.006804 0.004779
0 0.233131 0.441706 0.008676 0.004357
0 0.273155 0.438351 0.008672 0.004460
0 0.219793 0.398200 0.009121 0.004551
0 0.814506 0.573229 0.018225 0.004480
0 0.678452 0.526486 0.006905 0.004417
0 0.143463 0.486139 0.006776 0.004241
0 0.735091 0.523884 0.007917 0.004258
0 0.738458 0.452799 0.013373 0.004423
0 0.816869 0.451091 0.012049 0.004229
0 0.739720 0.400467 0.008523 0.004166
0 0.624903 0.458975 0.006744 0.004232
0 0.789346 0.460588 0.006917 0.004221
0 0.800671 0.516632 0.006778 0.004417
0 0.660495 0.467058 0.008195 0.004449
0 0.695056 0.462035 0.008852 0.004548
0 0.717823 0.572972 0.008763 0.004879
0 0.814510 0.567011 0.011942 0.004526
0 0.281968 0.753608 0.003867 0.003129
0 0.241958 0.743334 0.023470 0.008669
0 0.265981 0.743179 0.017947 0.008672
0 0.394310 0.474765 0.006931 0.004987
0 0.520316 0.458913 0.006863 0.004545
0 0.530755 0.526445 0.006945 0.004380
0 0.921727 0.450926 0.012384 0.004731
0 0.912513 0.516770 0.006931 0.004870
0 0.920980 0.567093 0.012261 0.004862
0 0.920900 0.573186 0.018225 0.004480
0 0.717484 0.743038 0.023383 0.008823
0 0.741624 0.743068 0.017892 0.008529
0 0.751630 0.753331 0.003711 0.003186