0 0.519871 0.846893 0.040105 0.014367
0 0.561330 0.846944 0.030568 0.014299
0 0.655058 0.522021 0.016364 0.008808
0 0.626131 0.418837 0.011826 0.008689
0 0.536669 0.447164 0.014127 0.008751
0 0.607688 0.355673 0.011951 0.008951
0 0.515337 0.333025 0.028295 0.008922
0 0.419710 0.346822 0.011769 0.008979
0 0.379585 0.400998 0.014631 0.008666
0 0.392473 0.457583 0.011628 0.008837
0 0.457598 0.457155 0.011769 0.008894
0 0.487525 0.513369 0.018057 0.008837
0 0.490314 0.585650 0.018597 0.009065
0 0.640955 0.474202 0.018065 0.008928