0 0.618199 0.362013 0.014217 0.005986
0 0.572978 0.817972 0.054608 0.014513
0 0.612593 0.817965 0.016514 0.014538
0 0.639362 0.817910 0.026567 0.014384
0 0.449732 0.475751 0.004062 0.005966
0 0.449698 0.381442 0.004131 0.006043
0 0.657484 0.362044 0.019252 0.006009
0 0.635560 0.567285 0.004116 0.006023
0 0.561785 0.430165 0.009212 0.005861
0 0.506949 0.498335 0.009410 0.006015
0 0.636442 0.456933 0.009450 0.006072
0 0.501984 0.817745 0.054582 0.014504
0 0.537458 0.817828 0.006619 0.014327
0 0.606402 0.835091 0.010709 0.008096