0 0.626715 0.508467 0.005430 0.004337
0 0.827686 0.401386 0.007985 0.004631
0 0.786780 0.608686 0.010522 0.005893
0 0.699168 0.508433 0.005428 0.004337
0 0.611205 0.577345 0.014874 0.005805
0 0.641135 0.584540 0.010580 0.005848
0 0.642810 0.405483 0.010069 0.004320
0 0.699151 0.405590 0.011157 0.004540
0 0.612930 0.441284 0.004638 0.004357
0 0.749918 0.405529 0.007256 0.004412
0 0.749908 0.448897 0.007316 0.004412
0 0.781957 0.448852 0.005833 0.004355
0 0.816154 0.473542 0.004763 0.004355
0 0.753051 0.345138 0.009591 0.004355
0 0.235167 0.508408 0.005515 0.004272
0 0.235077 0.405509 0.011124 0.004412
0 0.287818 0.344719 0.009591 0.004229
0 0.285968 0.405450 0.007242 0.004363
0 0.286016 0.448829 0.007183 0.004412
0 0.318411 0.448829 0.005817 0.004337
0 0.298329 0.534434 0.005434 0.004337
0 0.344818 0.534497 0.005456 0.004337
0 0.176473 0.391774 0.010133 0.004380
0 0.162864 0.508485 0.005515 0.004300
0 0.147188 0.577193 0.014671 0.005939
0 0.808756 0.523434 0.005507 0.004337
0 0.762310 0.523411 0.005430 0.004337
0 0.729633 0.770647 0.019718 0.009518
0 0.749313 0.770430 0.015337 0.009097
0 0.259996 0.770356 0.019718 0.009518
0 0.279563 0.770403 0.015406 0.008923
0 0.177010 0.584406 0.011606 0.005939
0 0.148903 0.441126 0.004874 0.004497
0 0.351996 0.473425 0.005136 0.004497
0 0.322916 0.610660 0.011715 0.005925