0 0.259885 0.448667 0.009835 0.007278
0 0.228513 0.603472 0.009706 0.007144
0 0.303191 0.603580 0.011651 0.007212
0 0.268282 0.802958 0.032775 0.011753
0 0.302011 0.802893 0.025030 0.011750
0 0.260856 0.654778 0.014847 0.007229
0 0.261405 0.417185 0.012181 0.007090
0 0.719958 0.458716 0.009714 0.007323
0 0.685658 0.484257 0.020752 0.007323
0 0.651999 0.475678 0.020730 0.007332
0 0.738964 0.586897 0.009633 0.007494
0 0.324067 0.306249 0.016614 0.007497
0 0.813283 0.571776 0.011632 0.007326
0 0.842070 0.479672 0.020270 0.007098
0 0.840231 0.439431 0.020191 0.007266
0 0.801336 0.437661 0.023241 0.007335
0 0.195537 0.412540 0.016266 0.007543
0 0.720237 0.402584 0.012042 0.007095
0 0.685252 0.449862 0.009714 0.007323
0 0.770198 0.340218 0.009633 0.007494
0 0.674849 0.557613 0.009633 0.007494
0 0.769524 0.628181 0.014885 0.007098
0 0.803900 0.388783 0.014885 0.007098
0 0.752049 0.802996 0.032739 0.011676
0 0.785634 0.802987 0.025177 0.011676
0 0.320392 0.442597 0.023243 0.007223
0 0.275005 0.304628 0.014847 0.007226
0 0.208935 0.539790 0.009833 0.007118
0 0.273343 0.360231 0.009706 0.007144