0 0.591727 0.737179 0.006637 0.004109
0 0.580019 0.808775 0.011749 0.004121
0 0.607595 0.802002 0.008449 0.004175
0 0.557316 0.669089 0.008346 0.004175
0 0.595450 0.644924 0.006810 0.004007
0 0.558638 0.627076 0.011751 0.004166
0 0.729580 0.743296 0.005567 0.004135
0 0.258603 0.713843 0.013421 0.004317
0 0.204107 0.715463 0.005664 0.004184
0 0.358467 0.709152 0.007088 0.004095
0 0.689050 0.172334 0.007014 0.004007
0 0.259960 0.775987 0.006637 0.004184
0 0.356646 0.196083 0.007099 0.004124
0 0.356563 0.275704 0.005561 0.004272
0 0.314635 0.275712 0.005603 0.004272
0 0.637224 0.157633 0.005636 0.004135
0 0.733763 0.196871 0.005636 0.004155
0 0.193344 0.177952 0.012116 0.004238
0 0.261745 0.264761 0.006690 0.004203
0 0.188546 0.305648 0.011930 0.004320
0 0.205318 0.252629 0.006881 0.004095
0 0.558638 0.127219 0.011751 0.004166
0 0.729580 0.243438 0.005567 0.004135
0 0.682474 0.243427 0.005529 0.004135
0 0.636909 0.238836 0.013294 0.004317
0 0.213342 0.196577 0.005640 0.004178
0 0.639998 0.130097 0.011944 0.004178
0 0.595450 0.145067 0.006810 0.004007
0 0.591727 0.237321 0.006637 0.004109
0 0.580019 0.308917 0.011749 0.004121
0 0.607595 0.302144 0.008449 0.004175
0 0.557316 0.169232 0.008346 0.004175
0 0.261862 0.204478 0.013331 0.004346
0 0.217100 0.305378 0.008404 0.004195
0 0.301018 0.156679 0.008515 0.004192
0 0.639998 0.629954 0.011944 0.004178
0 0.219605 0.150113 0.011832 0.004209
0 0.318514 0.202821 0.005640 0.004218
0 0.363049 0.783802 0.005569 0.004218
0 0.321424 0.712913 0.005664 0.004235
0 0.315847 0.783830 0.005569 0.004218
0 0.196528 0.772384 0.006774 0.004050
0 0.182753 0.678799 0.011979 0.004192
0 0.180295 0.822425 0.011930 0.004218
0 0.208719 0.663906 0.011880 0.004209
0 0.206978 0.822486 0.008442 0.004221
0 0.682474 0.743284 0.005529 0.004135
0 0.636909 0.738693 0.013294 0.004317
0 0.689050 0.672192 0.007014 0.004007
0 0.733763 0.696728 0.005636 0.004155
0 0.637224 0.657491 0.005636 0.004135
0 0.261120 0.622724 0.008366 0.004178
0 0.303138 0.429327 0.021803 0.008173
0 0.325424 0.429353 0.016893 0.008173
0 0.326626 0.437774 0.004576 0.003562
0 0.676114 0.429299 0.021803 0.008173
0 0.698381 0.429298 0.016617 0.008176
0 0.699505 0.437766 0.004616 0.003750
0 0.676096 0.929205 0.021803 0.008173
0 0.698284 0.929282 0.016649 0.008173
0 0.699574 0.937613 0.004600 0.003542
0 0.303577 0.929098 0.021803 0.008176
0 0.325883 0.929152 0.016460 0.008176
0 0.326603 0.937536 0.004582 0.003582