0 0.290010 0.344882 0.019049 0.006868
0 0.319887 0.358649 0.013516 0.006800
0 0.396133 0.357797 0.021475 0.006617
0 0.313008 0.436005 0.009111 0.006771
0 0.615810 0.228280 0.018269 0.007048
0 0.537971 0.449231 0.013754 0.006748
0 0.486381 0.428378 0.009712 0.006526
0 0.266613 0.441545 0.018860 0.006737
0 0.571042 0.464867 0.009111 0.006771
0 0.300870 0.533346 0.009228 0.006697
0 0.317677 0.626748 0.013649 0.006897
0 0.218559 0.626812 0.019557 0.006814
0 0.404724 0.568987 0.009198 0.006728
0 0.492101 0.568900 0.014066 0.006811
0 0.560872 0.568974 0.009228 0.006697
0 0.550351 0.315750 0.013867 0.007048
0 0.617042 0.315750 0.013867 0.007048
0 0.514335 0.851036 0.008239 0.007589
0 0.467988 0.837424 0.030798 0.014751
0 0.498625 0.837344 0.024149 0.014751