0 0.337009 0.678692 0.013505 0.006414
0 0.409413 0.452722 0.010845 0.006585
0 0.367597 0.678107 0.018726 0.006613
0 0.410290 0.678635 0.013284 0.006585
0 0.552439 0.557440 0.010784 0.006842
0 0.390718 0.607497 0.010502 0.006271
0 0.458819 0.607511 0.010562 0.006186
0 0.521901 0.465393 0.010905 0.006784
0 0.284126 0.678635 0.013606 0.006642
0 0.458224 0.457853 0.018283 0.006756
0 0.286176 0.350549 0.010325 0.006571
0 0.368976 0.324183 0.011288 0.006206
0 0.331349 0.446457 0.019101 0.006636
0 0.288883 0.478747 0.018867 0.006132
0 0.300716 0.678535 0.013405 0.006499
0 0.469312 0.889574 0.043086 0.015636
0 0.513673 0.889477 0.032626 0.014974
0 0.309682 0.587352 0.010857 0.006482
0 0.523931 0.906257 0.010377 0.008358