0 0.650754 0.587419 0.010163 0.005856
0 0.723244 0.523933 0.006577 0.005757
0 0.628125 0.512774 0.006607 0.005674
0 0.860885 0.548410 0.006673 0.005671
0 0.646251 0.422783 0.013893 0.005856
0 0.869812 0.471190 0.013921 0.005936
0 0.603191 0.363970 0.013937 0.005825
0 0.836375 0.444514 0.006851 0.005608
0 0.716412 0.389724 0.015561 0.006007
0 0.659000 0.367757 0.013687 0.005779
0 0.600734 0.586438 0.008739 0.003807
0 0.801681 0.548212 0.006655 0.005777
0 0.778447 0.418179 0.010429 0.005871
0 0.600457 0.431237 0.014133 0.005819
0 0.339965 0.493528 0.013679 0.005814
0 0.298455 0.425171 0.006577 0.005685
0 0.214926 0.436349 0.006847 0.005660
0 0.291097 0.494045 0.010097 0.005777
0 0.284481 0.643859 0.006565 0.005791
0 0.349474 0.614959 0.013871 0.005814
0 0.179551 0.688371 0.008664 0.003736
0 0.300974 0.546670 0.015581 0.005965
0 0.216563 0.500175 0.013734 0.005771
0 0.220631 0.687706 0.010167 0.005802
0 0.272552 0.343568 0.006615 0.005683
0 0.197571 0.615816 0.006615 0.005683
0 0.757783 0.764350 0.005430 0.004956
0 0.733958 0.752972 0.021211 0.009644
0 0.755120 0.753007 0.016297 0.009644
0 0.441035 0.749590 0.021211 0.009644
0 0.461975 0.749504 0.016297 0.009644
0 0.464605 0.761133 0.005430 0.004956
0 0.174728 0.533740 0.014175 0.005873
0 0.211697 0.544544 0.014173 0.005873