0 0.748129 0.802958 0.032775 0.011753
0 0.781858 0.802893 0.025030 0.011750
0 0.741252 0.417185 0.012181 0.007090
0 0.800239 0.442597 0.023243 0.007223
0 0.754852 0.304628 0.014847 0.007226
0 0.688782 0.539790 0.009833 0.007118
0 0.753190 0.360231 0.009706 0.007144
0 0.739732 0.448667 0.009835 0.007278
0 0.270198 0.803432 0.033075 0.011933
0 0.304143 0.802560 0.024639 0.011745
0 0.202662 0.457617 0.022938 0.008221
0 0.327984 0.571779 0.009950 0.006973
0 0.708360 0.603472 0.009706 0.007144
0 0.337307 0.493351 0.010151 0.007563
0 0.289865 0.481765 0.010073 0.007674
0 0.783038 0.603580 0.011651 0.007212
0 0.266517 0.400784 0.011997 0.007497
0 0.204057 0.369069 0.009815 0.007489
0 0.253413 0.342855 0.020179 0.007506
0 0.213464 0.571934 0.011830 0.007084
0 0.244237 0.611294 0.015266 0.007566
0 0.271321 0.572162 0.009301 0.007124
0 0.740702 0.654778 0.014847 0.007229
0 0.214255 0.327322 0.014786 0.008156
0 0.803914 0.306249 0.016614 0.007497
0 0.675384 0.412540 0.016266 0.007543
0 0.344380 0.404404 0.016318 0.007440