0 0.535191 0.414317 0.011149 0.007768
0 0.553239 0.323325 0.021072 0.007095
0 0.519970 0.323206 0.010042 0.007534
0 0.456699 0.366710 0.022239 0.007611
0 0.399543 0.306412 0.021248 0.008213
0 0.455237 0.910252 0.043080 0.017135
0 0.497204 0.909836 0.031699 0.016616
0 0.408531 0.523324 0.010655 0.007999
0 0.552086 0.500000 0.015658 0.007651
0 0.405707 0.388067 0.010042 0.007537
0 0.418465 0.685046 0.015656 0.007651
0 0.339138 0.388198 0.010371 0.008404
0 0.370043 0.388426 0.015507 0.007777
0 0.344045 0.523327 0.010657 0.007999
0 0.488866 0.523357 0.010919 0.007164
0 0.515837 0.928525 0.012697 0.008863