0 0.514214 0.828394 0.040177 0.014518
0 0.555591 0.828379 0.030554 0.014233
0 0.538072 0.592781 0.017930 0.008606
0 0.588795 0.538421 0.011806 0.008649
0 0.592824 0.444980 0.012453 0.009031
0 0.580404 0.270453 0.024746 0.009122
0 0.412333 0.344111 0.019942 0.008928
0 0.452104 0.437568 0.014684 0.008734
0 0.518870 0.315249 0.028083 0.008669
0 0.507024 0.525681 0.014162 0.008928
0 0.424762 0.538526 0.011806 0.008649
0 0.588613 0.396565 0.011806 0.008649
0 0.415044 0.423911 0.012451 0.009031
0 0.582363 0.344561 0.017930 0.008603
0 0.541605 0.281857 0.017930 0.008606