0 0.310099 0.818034 0.024970 0.011531
0 0.225494 0.499788 0.009645 0.007175
0 0.363079 0.468556 0.009645 0.007175
0 0.651955 0.475579 0.021020 0.007075
0 0.685639 0.484182 0.020742 0.007366
0 0.674958 0.557826 0.009553 0.006998
0 0.813377 0.571772 0.011481 0.007090
0 0.769503 0.628233 0.014798 0.007087
0 0.719896 0.458770 0.009700 0.007152
0 0.272602 0.398645 0.023148 0.007500
0 0.249946 0.545855 0.014800 0.007058
0 0.252214 0.604889 0.015298 0.007514
0 0.375123 0.513918 0.014800 0.007061
0 0.386651 0.552883 0.013575 0.007169
0 0.276346 0.818034 0.032644 0.011628
0 0.720286 0.402613 0.012003 0.006936
0 0.801428 0.437653 0.023118 0.006970
0 0.840156 0.439347 0.020115 0.007121
0 0.842035 0.479705 0.020202 0.006907
0 0.194503 0.409842 0.009571 0.007090
0 0.751977 0.802923 0.032817 0.011776
0 0.785782 0.802801 0.024921 0.011269
0 0.803916 0.388734 0.014800 0.007087
0 0.738868 0.586923 0.009776 0.007147
0 0.685304 0.449695 0.009815 0.007366
0 0.770263 0.340299 0.009776 0.007149
0 0.347984 0.417222 0.009571 0.007090
0 0.161820 0.454202 0.011991 0.007081
0 0.172320 0.500308 0.009645 0.007172
0 0.289927 0.491813 0.011669 0.007189