0 0.634110 0.541681 0.006790 0.004434
0 0.786831 0.417306 0.011191 0.004221
0 0.800664 0.516793 0.006792 0.004454
0 0.660481 0.466824 0.008195 0.004226
0 0.695139 0.462192 0.008710 0.004235
0 0.696225 0.406218 0.008509 0.004258
0 0.789372 0.460567 0.006889 0.004206
0 0.814504 0.567345 0.011963 0.004221
0 0.814528 0.573615 0.018267 0.004141
0 0.735085 0.539080 0.007953 0.004275
0 0.738441 0.452818 0.013373 0.004417
0 0.678452 0.541698 0.006905 0.004434
0 0.816863 0.439815 0.012077 0.004275
0 0.624905 0.458944 0.006740 0.004186
0 0.783270 0.573606 0.008648 0.004186
0 0.222884 0.401137 0.008485 0.004149
0 0.208619 0.584659 0.008485 0.004149
0 0.277940 0.545893 0.006917 0.004275
0 0.266382 0.437769 0.013341 0.004400
0 0.178870 0.421931 0.012045 0.004232
0 0.206723 0.438381 0.006812 0.004184
0 0.412451 0.457015 0.006788 0.004181
0 0.383859 0.459659 0.006992 0.004221
0 0.191262 0.521121 0.006804 0.004454
0 0.402515 0.552424 0.006935 0.004454
0 0.179300 0.585410 0.011963 0.004221
0 0.178944 0.578166 0.018211 0.004044
0 0.354492 0.556600 0.008952 0.004229
0 0.751680 0.753518 0.003824 0.003138
0 0.717626 0.743356 0.024050 0.009555
0 0.741585 0.743349 0.018463 0.009558
0 0.249296 0.743166 0.024048 0.009558
0 0.273390 0.743272 0.018463 0.009558
0 0.289480 0.753467 0.003824 0.003138
0 0.064982 0.585281 0.011967 0.004531
0 0.064294 0.577905 0.018219 0.004463
0 0.076765 0.521161 0.006897 0.004756
0 0.064058 0.421803 0.012045 0.004728
0 0.530723 0.541721 0.006859 0.004617
0 0.520349 0.458816 0.006774 0.004853
0 0.921235 0.439769 0.012077 0.004645
0 0.908814 0.516805 0.006913 0.004748
0 0.920904 0.567143 0.012031 0.004671
0 0.920875 0.573475 0.018334 0.004545