0 0.231724 0.203695 0.005511 0.003406
0 0.355025 0.707874 0.005364 0.003494
0 0.331830 0.790365 0.005396 0.003494
0 0.194734 0.718256 0.005362 0.003494
0 0.306779 0.725115 0.006498 0.003323
0 0.252589 0.790801 0.010627 0.003494
0 0.177055 0.680667 0.006800 0.003351
0 0.245041 0.646703 0.009591 0.003380
0 0.208978 0.652739 0.005364 0.003494
0 0.202616 0.775523 0.006297 0.003340
0 0.177856 0.218391 0.005400 0.003537
0 0.289876 0.225439 0.006498 0.003371
0 0.228172 0.146884 0.009623 0.003445
0 0.809929 0.327388 0.009422 0.003394
0 0.810081 0.321841 0.014463 0.003294
0 0.483456 0.205946 0.009269 0.003309
0 0.816800 0.228263 0.009301 0.003508
0 0.495561 0.275047 0.005424 0.003511
0 0.575546 0.711187 0.006498 0.003366
0 0.697690 0.791868 0.009476 0.003366
0 0.686819 0.751736 0.005495 0.003494
0 0.545885 0.702636 0.005370 0.003329
0 0.589757 0.771496 0.005394 0.003465
0 0.634833 0.769423 0.006264 0.003394
0 0.554509 0.771503 0.005404 0.003508
0 0.602681 0.709062 0.006925 0.003363
0 0.637132 0.701170 0.010673 0.003485
0 0.675835 0.679364 0.008833 0.003340
0 0.698650 0.692291 0.009365 0.003374
0 0.602559 0.658628 0.006685 0.003423
0 0.671360 0.707204 0.005485 0.003340
0 0.671977 0.797543 0.006855 0.003357
0 0.177552 0.639457 0.014181 0.003326
0 0.177592 0.634443 0.009522 0.003323
0 0.227093 0.832646 0.006800 0.003354
0 0.160273 0.180819 0.006800 0.003354
0 0.192112 0.152898 0.005412 0.003494
0 0.253537 0.198602 0.005515 0.003394
0 0.338191 0.210312 0.005525 0.003525
0 0.185752 0.275862 0.006297 0.003346
0 0.314984 0.290711 0.005535 0.003531
0 0.781045 0.791612 0.010206 0.003839
0 0.781168 0.796844 0.014804 0.004317
0 0.697662 0.796899 0.014465 0.003978
0 0.771301 0.751679 0.005495 0.003853
0 0.783220 0.692097 0.009365 0.003374
0 0.275797 0.431760 0.018626 0.006757
0 0.294912 0.431834 0.014568 0.006757
0 0.648653 0.431641 0.018624 0.006754
0 0.667863 0.431641 0.014465 0.006754
0 0.275699 0.931587 0.018624 0.006754
0 0.294691 0.931587 0.014689 0.006754
0 0.648656 0.931433 0.018626 0.006754
0 0.667864 0.931530 0.014302 0.006754
0 0.675710 0.939570 0.003204 0.002878
0 0.302929 0.939718 0.003206 0.002878
0 0.302788 0.439954 0.003206 0.002878
0 0.675813 0.440074 0.003204 0.002878
0 0.248566 0.703524 0.005374 0.003354
0 0.270421 0.698417 0.005513 0.003394
0 0.580659 0.284024 0.005424 0.003511
0 0.619048 0.284013 0.005507 0.003511
0 0.800010 0.279481 0.005424 0.003494
0 0.511631 0.180517 0.005350 0.003343
0 0.642658 0.212190 0.005513 0.003343
0 0.790649 0.233782 0.005396 0.003380
0 0.543884 0.303360 0.007010 0.003380
0 0.676502 0.293189 0.007105 0.003380
0 0.563673 0.172401 0.007012 0.003383
0 0.575508 0.214165 0.006768 0.003411
0 0.781317 0.324574 0.006792 0.003408
0 0.694895 0.213034 0.006498 0.003309
0 0.742195 0.208007 0.010705 0.003565
0 0.745600 0.286348 0.006289 0.003366
0 0.790651 0.197827 0.007020 0.003354
0 0.235747 0.291136 0.010723 0.003497
0 0.160668 0.139600 0.014183 0.003326
0 0.160882 0.134585 0.009520 0.003323
0 0.210791 0.333254 0.006800 0.003351