0 0.416573 0.334816 0.009240 0.006554
0 0.458327 0.389815 0.011062 0.006767
0 0.442036 0.469495 0.021068 0.006779
0 0.510310 0.417132 0.008809 0.006842
0 0.482359 0.509635 0.008996 0.006670
0 0.435424 0.584641 0.010748 0.006773
0 0.460373 0.660889 0.013380 0.006568
0 0.413077 0.909156 0.018418 0.013107
0 0.469430 0.909056 0.027196 0.013609
0 0.507393 0.909199 0.036716 0.013364
0 0.545515 0.909128 0.027898 0.013216
0 0.508804 0.589431 0.008799 0.006713
0 0.533332 0.926908 0.011828 0.008509