0 0.305770 0.763917 0.006329 0.003394
0 0.248326 0.701623 0.005472 0.003508
0 0.197950 0.668860 0.006772 0.003329
0 0.225571 0.768861 0.008797 0.003337
0 0.193065 0.768810 0.005404 0.003508
0 0.364391 0.655654 0.006051 0.003403
0 0.715067 0.750195 0.005485 0.003508
0 0.727637 0.700821 0.009510 0.003340
0 0.582642 0.759564 0.005364 0.003494
0 0.585510 0.708759 0.006498 0.003337
0 0.726056 0.795178 0.014594 0.003351
0 0.609365 0.682944 0.005364 0.003311
0 0.582347 0.672833 0.006794 0.003351
0 0.669937 0.656503 0.006800 0.003351
0 0.725983 0.790154 0.009416 0.003289
0 0.644963 0.797989 0.006871 0.003383
0 0.631855 0.704828 0.008799 0.003340
0 0.707439 0.700249 0.005432 0.003309
0 0.665663 0.704738 0.010705 0.003480
0 0.617889 0.759571 0.005394 0.003480
0 0.665547 0.750266 0.006299 0.003366
0 0.201111 0.706214 0.006466 0.003343
0 0.286747 0.806231 0.006772 0.003331
0 0.220549 0.683351 0.005382 0.003323
0 0.321769 0.709198 0.006992 0.003337
0 0.349371 0.701525 0.005481 0.003363
0 0.294680 0.695073 0.010621 0.003522
0 0.360065 0.755023 0.005402 0.003508
0 0.254669 0.769500 0.005505 0.003508
0 0.375864 0.807578 0.014521 0.003209
0 0.375769 0.802521 0.009510 0.003411
0 0.376229 0.686630 0.009597 0.003406
0 0.293572 0.658213 0.006798 0.003397
0 0.194734 0.218398 0.005362 0.003494
0 0.306779 0.225258 0.006498 0.003323
0 0.252589 0.290943 0.010627 0.003494
0 0.727351 0.186783 0.009581 0.003340
0 0.707052 0.200846 0.005364 0.003311
0 0.582441 0.269920 0.005362 0.003494
0 0.689873 0.164977 0.006718 0.003337
0 0.665658 0.187586 0.010256 0.003522
0 0.662604 0.259528 0.006276 0.003366
0 0.630070 0.186385 0.008888 0.003366
0 0.614515 0.269927 0.005493 0.003480
0 0.177055 0.180809 0.006800 0.003351
0 0.245041 0.146845 0.009591 0.003380
0 0.202616 0.275665 0.006297 0.003340
0 0.208978 0.152881 0.005364 0.003494
0 0.704346 0.297877 0.006798 0.003408
0 0.714650 0.250352 0.005493 0.003480
0 0.584494 0.206627 0.006478 0.003337
0 0.603073 0.178786 0.005472 0.003294
0 0.581062 0.157355 0.009494 0.003311
0 0.580996 0.162747 0.014542 0.003368
0 0.177552 0.139600 0.014181 0.003326
0 0.177592 0.134585 0.009522 0.003323
0 0.227093 0.332789 0.006800 0.003354
0 0.248566 0.203666 0.005374 0.003354
0 0.270421 0.198559 0.005513 0.003394
0 0.355025 0.208017 0.005364 0.003494
0 0.331830 0.290507 0.005396 0.003494
0 0.275779 0.431788 0.018586 0.007013
0 0.294859 0.431757 0.014272 0.007013
0 0.302883 0.439781 0.002978 0.002571
0 0.648739 0.431632 0.018586 0.007013
0 0.667839 0.431691 0.014352 0.007013
0 0.675760 0.439682 0.003024 0.002254
0 0.648671 0.931693 0.018588 0.007016
0 0.667949 0.931572 0.014536 0.007013
0 0.675819 0.939681 0.003107 0.002371
0 0.275783 0.931520 0.018586 0.007013
0 0.294876 0.931520 0.014237 0.007013
0 0.302823 0.939565 0.003220 0.002317