0 0.757909 0.569860 0.011469 0.007343
0 0.203863 0.529926 0.009815 0.007491
0 0.817036 0.565070 0.009764 0.008025
0 0.335278 0.503521 0.009956 0.007298
0 0.338507 0.564872 0.009492 0.007189
0 0.785784 0.802767 0.024567 0.011839
0 0.271938 0.803337 0.032541 0.011365
0 0.201764 0.589732 0.009688 0.007383
0 0.211354 0.370627 0.014595 0.007662
0 0.222752 0.417070 0.020470 0.007400
0 0.257946 0.415288 0.023184 0.007491
0 0.205367 0.445790 0.015187 0.006904
0 0.279191 0.570108 0.011606 0.007577
0 0.306045 0.802882 0.023835 0.011363
0 0.701378 0.417499 0.020846 0.008002
0 0.736971 0.415834 0.022318 0.007015
0 0.853469 0.442861 0.016306 0.007916
0 0.791845 0.450365 0.012465 0.007127
0 0.683129 0.478652 0.009579 0.007235
0 0.204630 0.478565 0.009377 0.007124
0 0.313337 0.450174 0.012088 0.007628
0 0.751903 0.802788 0.033089 0.011727
0 0.680613 0.589822 0.009915 0.007107
0 0.813994 0.503495 0.010012 0.007674
0 0.243514 0.623310 0.015113 0.007372
0 0.682451 0.529818 0.009762 0.006899
0 0.374909 0.442692 0.016364 0.007489