0 0.343355 0.303501 0.005311 0.003428
0 0.787621 0.819622 0.009448 0.003212
0 0.391064 0.609597 0.009414 0.003252
0 0.169824 0.686650 0.007953 0.003502
0 0.212680 0.703539 0.005440 0.003209
0 0.208642 0.791271 0.005364 0.003431
0 0.261961 0.791282 0.005533 0.003414
0 0.274920 0.690977 0.005400 0.003329
0 0.254078 0.738302 0.005569 0.003317
0 0.248613 0.617821 0.009625 0.003178
0 0.321041 0.700788 0.010584 0.003371
0 0.322331 0.774704 0.005505 0.003292
0 0.377206 0.818458 0.006962 0.003357
0 0.382693 0.765217 0.005523 0.003463
0 0.382690 0.740318 0.005497 0.003343
0 0.400332 0.677927 0.009567 0.003428
0 0.400312 0.710500 0.009801 0.003428
0 0.555560 0.665284 0.008046 0.003460
0 0.747031 0.811728 0.005386 0.003257
0 0.785330 0.888628 0.009537 0.003337
0 0.759347 0.778635 0.005388 0.003482
0 0.683889 0.815705 0.005493 0.003249
0 0.637355 0.667200 0.009492 0.003531
0 0.684391 0.718230 0.010584 0.003283
0 0.379405 0.185681 0.008356 0.003588
0 0.288290 0.303453 0.005607 0.003622
0 0.167567 0.263720 0.005237 0.003360
0 0.605801 0.785355 0.005493 0.003283
0 0.569461 0.829018 0.005458 0.003571
0 0.567806 0.746897 0.005601 0.003283
0 0.736118 0.862796 0.006901 0.003283
0 0.816807 0.757729 0.009690 0.003266
0 0.624981 0.829145 0.005569 0.003528
0 0.161641 0.132883 0.009887 0.003548
0 0.173762 0.298048 0.005388 0.003317
0 0.545908 0.284761 0.005372 0.003343
0 0.658628 0.254343 0.008845 0.003283
0 0.682688 0.279182 0.005303 0.003152
0 0.723246 0.246979 0.005674 0.003351
0 0.728384 0.181117 0.008168 0.003500
0 0.613848 0.255895 0.010582 0.003326
0 0.663754 0.319917 0.005360 0.003528
0 0.528751 0.223260 0.009567 0.003425
0 0.541574 0.311804 0.005533 0.003414
0 0.509141 0.391632 0.009653 0.003149
0 0.606832 0.355432 0.006949 0.003403
0 0.607506 0.311384 0.005569 0.003309
0 0.719195 0.319917 0.005543 0.003528
0 0.610871 0.201850 0.006861 0.003283
0 0.567867 0.164464 0.009408 0.003411
0 0.526094 0.284771 0.009569 0.003391
0 0.275438 0.222419 0.005287 0.003465
0 0.227384 0.341894 0.006885 0.003428
0 0.230101 0.298150 0.005605 0.003306
0 0.226841 0.224302 0.010522 0.003326
0 0.308209 0.141334 0.009619 0.003209
0 0.345760 0.222257 0.005616 0.003465
0 0.303020 0.261901 0.005481 0.003215
0 0.218379 0.166765 0.006841 0.003368
0 0.142142 0.236804 0.007084 0.003160
0 0.800366 0.442519 0.025221 0.009062
0 0.825936 0.442756 0.019859 0.009062
0 0.285216 0.442555 0.025221 0.009065
0 0.310817 0.442672 0.019712 0.009065
0 0.285320 0.942459 0.025221 0.009062
0 0.310589 0.942459 0.020006 0.009062
0 0.800517 0.942294 0.025221 0.009062
0 0.825665 0.942410 0.019958 0.009065
0 0.580621 0.615959 0.005956 0.003460
0 0.137737 0.642451 0.005956 0.003460
0 0.404491 0.136512 0.005956 0.003460
0 0.696643 0.082454 0.005956 0.003460