0 0.124406 0.368944 0.011987 0.004186
0 0.124355 0.375258 0.017854 0.004184
0 0.155913 0.546573 0.007929 0.004203
0 0.213765 0.455920 0.006764 0.004221
0 0.163923 0.391981 0.006754 0.004400
0 0.209326 0.384380 0.012075 0.004258
0 0.123729 0.427143 0.008561 0.004221
0 0.287058 0.483106 0.008181 0.004184
0 0.218829 0.565808 0.013379 0.004400
0 0.145987 0.474469 0.006752 0.004400
0 0.318597 0.565258 0.006792 0.004400
0 0.347803 0.461396 0.006752 0.004400
0 0.186731 0.618492 0.008561 0.004223
0 0.746082 0.460556 0.006905 0.004206
0 0.746860 0.574296 0.008630 0.004226
0 0.659460 0.399396 0.008418 0.004309
0 0.780442 0.441778 0.011789 0.004246
0 0.751718 0.425504 0.011120 0.004203
0 0.702987 0.452958 0.013437 0.004389
0 0.659612 0.462894 0.008719 0.004232
0 0.643342 0.541502 0.006792 0.004366
0 0.625448 0.465570 0.008181 0.004238
0 0.598962 0.541510 0.006802 0.004417
0 0.700094 0.538891 0.007888 0.004275
0 0.588103 0.454803 0.006760 0.004192
0 0.765548 0.516623 0.006917 0.004400
0 0.779233 0.567150 0.011930 0.004235
0 0.241281 0.449490 0.006943 0.004275
0 0.247854 0.743091 0.023393 0.008678
0 0.272034 0.743118 0.017987 0.008515
0 0.281988 0.753341 0.003685 0.003035
0 0.751651 0.753380 0.003685 0.003038
0 0.741653 0.743178 0.017987 0.008515
0 0.717604 0.743193 0.023393 0.008678
0 0.779328 0.573403 0.017854 0.004184
0 0.884605 0.573317 0.017854 0.004184
0 0.884422 0.567076 0.011930 0.004235
0 0.872008 0.516649 0.006917 0.004400
0 0.887009 0.441744 0.011789 0.004246