0 0.294680 0.695073 0.010621 0.003522
0 0.360065 0.755023 0.005402 0.003508
0 0.254669 0.769500 0.005505 0.003508
0 0.375864 0.807578 0.014521 0.003209
0 0.375769 0.802521 0.009510 0.003411
0 0.376229 0.686630 0.009597 0.003406
0 0.293572 0.658213 0.006798 0.003397
0 0.305770 0.763917 0.006329 0.003394
0 0.248326 0.701623 0.005472 0.003508
0 0.197950 0.668860 0.006772 0.003329
0 0.225571 0.768861 0.008797 0.003337
0 0.193065 0.768810 0.005404 0.003508
0 0.364391 0.655654 0.006051 0.003403
0 0.759354 0.806911 0.006865 0.003380
0 0.651871 0.806059 0.006865 0.003380
0 0.662993 0.653797 0.006768 0.003383
0 0.593569 0.653662 0.006768 0.003380
0 0.756638 0.706506 0.005684 0.003323
0 0.734708 0.779799 0.007002 0.003337
0 0.594242 0.806435 0.009480 0.003197
0 0.671683 0.753249 0.005495 0.003340
0 0.665702 0.697920 0.010586 0.003511
0 0.779397 0.704359 0.005374 0.003326
0 0.615991 0.689148 0.005374 0.003323
0 0.594252 0.688031 0.009460 0.003397
0 0.770508 0.766659 0.005493 0.003508
0 0.593956 0.800674 0.014534 0.003383
0 0.603678 0.755316 0.005495 0.003497
0 0.663449 0.257058 0.006317 0.003394
0 0.201111 0.706214 0.006466 0.003343
0 0.286747 0.806231 0.006772 0.003331
0 0.220549 0.683351 0.005382 0.003323
0 0.321769 0.709198 0.006992 0.003337
0 0.349371 0.701525 0.005481 0.003363
0 0.736462 0.277484 0.005521 0.003551
0 0.770758 0.277481 0.005428 0.003551
0 0.777817 0.205930 0.005390 0.003351
0 0.594394 0.175815 0.009629 0.003383
0 0.615079 0.189900 0.005374 0.003351
0 0.607385 0.257001 0.005493 0.003537
0 0.756949 0.207075 0.006508 0.003383
0 0.593433 0.299681 0.009510 0.003380
0 0.593444 0.304665 0.014493 0.003408
0 0.621194 0.305526 0.006800 0.003368
0 0.715007 0.197201 0.005404 0.003551
0 0.632468 0.162883 0.006790 0.003354
0 0.704526 0.277548 0.008908 0.003411
0 0.667918 0.187806 0.010657 0.003511
0 0.177055 0.180809 0.006800 0.003351
0 0.245041 0.146845 0.009591 0.003380
0 0.208978 0.152881 0.005364 0.003494
0 0.202616 0.275665 0.006297 0.003340
0 0.177552 0.139600 0.014181 0.003326
0 0.177592 0.134585 0.009522 0.003323
0 0.227093 0.332789 0.006800 0.003354
0 0.248566 0.203666 0.005374 0.003354
0 0.270421 0.198559 0.005513 0.003394
0 0.355025 0.208017 0.005364 0.003494
0 0.331830 0.290507 0.005396 0.003494
0 0.194734 0.218398 0.005362 0.003494
0 0.306779 0.225258 0.006498 0.003323
0 0.275666 0.431710 0.018529 0.006879
0 0.294948 0.431586 0.014014 0.006962
0 0.302795 0.439816 0.002954 0.002784
0 0.648693 0.431607 0.018588 0.006788
0 0.667889 0.431566 0.014243 0.006706
0 0.675794 0.439792 0.003186 0.002702
0 0.649837 0.931458 0.018432 0.006620
0 0.669066 0.931465 0.014139 0.006486
0 0.681734 0.939584 0.002895 0.002531
0 0.275747 0.931472 0.018432 0.006894
0 0.294879 0.931404 0.014042 0.006620
0 0.302915 0.939729 0.002895 0.002662
0 0.252589 0.290943 0.010627 0.003494