0 0.658934 0.754895 0.013298 0.004420
0 0.594027 0.749836 0.005672 0.004226
0 0.572383 0.731074 0.012063 0.004246
0 0.599249 0.687273 0.007099 0.004109
0 0.652651 0.593431 0.005595 0.004246
0 0.648414 0.660093 0.005569 0.004243
0 0.593457 0.568433 0.011809 0.004201
0 0.688031 0.712207 0.008471 0.004198
0 0.599747 0.866207 0.008517 0.004195
0 0.599879 0.634266 0.005674 0.004218
0 0.214016 0.688529 0.006939 0.003990
0 0.190121 0.763901 0.005545 0.004144
0 0.236826 0.763887 0.005543 0.004144
0 0.294713 0.756080 0.006629 0.004141
0 0.296735 0.681976 0.013268 0.004312
0 0.342983 0.628081 0.011753 0.004175
0 0.374363 0.801954 0.011854 0.004175
0 0.346261 0.803381 0.008444 0.004135
0 0.254799 0.640174 0.008336 0.004132
0 0.345639 0.690742 0.005612 0.004135
0 0.186355 0.718716 0.005614 0.004135
0 0.569531 0.868025 0.011888 0.004246
0 0.580117 0.816127 0.006798 0.004041
0 0.661611 0.833785 0.006696 0.004189
0 0.296724 0.181361 0.013250 0.004152
0 0.369107 0.167874 0.012009 0.004155
0 0.371443 0.125975 0.008447 0.004175
0 0.299938 0.122834 0.008447 0.004175
0 0.345640 0.190305 0.005630 0.004138
0 0.188752 0.215553 0.005628 0.004141
0 0.583458 0.183431 0.006919 0.004155
0 0.559135 0.262690 0.008549 0.004229
0 0.591112 0.258001 0.008858 0.004289
0 0.540147 0.192784 0.008575 0.004263
0 0.638929 0.292652 0.012063 0.004232
0 0.637536 0.324902 0.005654 0.004303
0 0.645003 0.234705 0.005747 0.004246
0 0.679408 0.235128 0.007060 0.004249
0 0.707127 0.157063 0.005646 0.004175
0 0.669243 0.157623 0.005644 0.004178
0 0.598340 0.313960 0.006851 0.004260
0 0.623876 0.149119 0.013308 0.004406
0 0.691309 0.119624 0.008565 0.004298
0 0.560184 0.105150 0.011870 0.004258
0 0.559595 0.343236 0.011823 0.004278
0 0.374372 0.301409 0.011872 0.004175
0 0.357892 0.244357 0.006839 0.004007
0 0.294709 0.255648 0.006641 0.004121
0 0.236812 0.263480 0.005545 0.004189
0 0.190099 0.263463 0.005545 0.004121
0 0.215372 0.187961 0.007040 0.003964
0 0.421810 0.160966 0.020413 0.005626
0 0.421838 0.660658 0.020197 0.005728
0 0.290016 0.429382 0.021741 0.008093
0 0.312506 0.429290 0.016617 0.008093
0 0.313352 0.437803 0.004528 0.003505
0 0.661408 0.444762 0.021741 0.008093
0 0.683703 0.444833 0.016756 0.008093
0 0.776788 0.929148 0.021741 0.008093
0 0.799086 0.929199 0.016617 0.008093
0 0.800199 0.937667 0.004356 0.003662
0 0.303532 0.929131 0.021741 0.008093
0 0.325863 0.929099 0.016498 0.008093
0 0.326596 0.937608 0.004556 0.003611
0 0.371516 0.664275 0.011954 0.004252
0 0.357831 0.744746 0.007006 0.004323
0 0.342919 0.125831 0.011745 0.004423
0 0.294608 0.308490 0.008648 0.004280
0 0.593902 0.105764 0.008650 0.004602