0 0.917948 0.736246 0.009875 0.007360
0 0.683335 0.572372 0.005360 0.003826
0 0.737363 0.572501 0.005402 0.003806
0 0.686736 0.500462 0.005444 0.003814
0 0.684480 0.432212 0.008094 0.003791
0 0.846846 0.432212 0.008094 0.003791
0 0.938728 0.722453 0.039220 0.012078
0 0.887838 0.432293 0.010889 0.003834
0 0.850161 0.500214 0.010889 0.003831
0 0.334050 0.520030 0.004969 0.003760
0 0.452094 0.722595 0.033300 0.011879
0 0.438139 0.736261 0.009758 0.006782
0 0.883872 0.500245 0.007832 0.004031
0 0.821140 0.500429 0.005368 0.003823
0 0.195093 0.520113 0.005370 0.003646
0 0.267330 0.519741 0.005456 0.004304