0 0.310576 0.802962 0.024998 0.011830
0 0.647702 0.484296 0.009643 0.007332
0 0.844780 0.488702 0.009645 0.007335
0 0.861785 0.417826 0.016927 0.007050
0 0.860594 0.358335 0.017027 0.007149
0 0.823266 0.350887 0.020212 0.007178
0 0.832549 0.416088 0.009867 0.007050
0 0.705276 0.359491 0.009867 0.007050
0 0.668510 0.392953 0.012126 0.007064
0 0.699365 0.497419 0.009645 0.007335
0 0.756050 0.803017 0.032801 0.011719
0 0.789681 0.802938 0.025000 0.011582
0 0.799582 0.613020 0.015222 0.007295
0 0.786617 0.558729 0.015020 0.007286
0 0.642821 0.537198 0.015018 0.007286
0 0.628256 0.556807 0.013581 0.007491
0 0.273325 0.367443 0.023192 0.007412
0 0.766098 0.515512 0.011640 0.007095
0 0.344589 0.365194 0.020943 0.007343
0 0.335325 0.422439 0.009873 0.007335
0 0.187893 0.432256 0.009873 0.007335
0 0.776084 0.378147 0.023164 0.007332
0 0.216426 0.396997 0.012255 0.007215
0 0.198249 0.479065 0.009754 0.007212
0 0.336366 0.494914 0.009754 0.007212
0 0.179270 0.553106 0.013398 0.007215
0 0.184280 0.517587 0.014859 0.007335
0 0.299642 0.550620 0.014859 0.007335
0 0.267549 0.495218 0.011588 0.007335
0 0.267970 0.605589 0.015306 0.007323
0 0.276888 0.802962 0.032801 0.011773