0 0.630722 0.522791 0.004411 0.003877
0 0.766480 0.464686 0.004675 0.003843
0 0.612563 0.472486 0.004675 0.003843
0 0.685064 0.417598 0.006990 0.003988
0 0.696849 0.465991 0.005972 0.003731
0 0.818972 0.492179 0.005775 0.003828
0 0.596780 0.532898 0.006992 0.003988
0 0.691475 0.582926 0.006992 0.003988
0 0.791089 0.582872 0.006990 0.003988
0 0.964503 0.751660 0.006121 0.005299
0 0.946946 0.742004 0.017153 0.009572
0 0.924345 0.741799 0.022952 0.009401
0 0.811803 0.538747 0.004413 0.003874
0 0.876734 0.499028 0.001729 0.002594
0 0.464518 0.751628 0.005454 0.004590
0 0.424081 0.742013 0.022521 0.009065
0 0.446522 0.741933 0.016796 0.009036
0 0.759632 0.538766 0.004411 0.003877
0 0.861336 0.577910 0.002454 0.004156
0 0.863921 0.555547 0.002454 0.004156
0 0.857201 0.533726 0.002454 0.004156
0 0.839061 0.494809 0.002454 0.004156
0 0.774652 0.388492 0.009458 0.003176
0 0.693860 0.535956 0.005386 0.003891
0 0.601465 0.409523 0.007080 0.003988
0 0.226365 0.509475 0.005984 0.004082