0 0.372354 0.358169 0.009246 0.006831
0 0.768157 0.457112 0.015013 0.006831
0 0.901005 0.488089 0.019653 0.006614
0 0.880020 0.529930 0.014725 0.006563
0 0.642738 0.436600 0.009780 0.006412
0 0.951060 0.498320 0.009398 0.006831
0 0.576017 0.365584 0.014922 0.006831
0 0.665873 0.367773 0.019936 0.006837
0 0.991335 0.546646 0.014937 0.006828
0 0.649825 0.333445 0.019927 0.006794
0 0.833424 0.523031 0.009254 0.006831
0 0.868973 0.465587 0.009383 0.006837
0 0.745915 0.375923 0.009899 0.006421
0 0.964254 0.427934 0.009121 0.006840
0 0.920177 0.555480 0.023147 0.006754
0 0.626004 0.365321 0.020064 0.006429
0 0.692585 0.457180 0.009119 0.006785
0 0.665954 0.384135 0.020218 0.006623
0 0.303538 0.384211 0.009357 0.006837
0 0.263466 0.499548 0.009905 0.006512
0 0.766693 0.707511 0.029323 0.009949
0 0.798314 0.707653 0.022877 0.009949
0 0.790062 0.719235 0.006899 0.005588
0 0.235527 0.603319 0.009188 0.006785
0 0.202929 0.499759 0.020175 0.006432
0 0.359747 0.453423 0.023262 0.006777
0 0.359488 0.618666 0.009398 0.006828
0 0.290723 0.618636 0.014862 0.006831
0 0.173929 0.499795 0.020218 0.006623
0 0.172372 0.576329 0.009780 0.006412
0 0.306069 0.509773 0.019706 0.006620
0 0.372364 0.277502 0.009226 0.006882
0 0.183204 0.649810 0.014068 0.006803
0 0.148508 0.649815 0.019934 0.006794