0 0.351874 0.401282 0.018880 0.006555
0 0.398035 0.400499 0.014165 0.006697
0 0.623205 0.458544 0.019498 0.006526
0 0.634626 0.394842 0.009168 0.006270
0 0.468970 0.563508 0.014104 0.006184
0 0.564728 0.400313 0.019365 0.006555
0 0.474455 0.421101 0.027999 0.006472
0 0.360508 0.514115 0.005118 0.006822
0 0.390730 0.821208 0.042799 0.011103
0 0.838120 0.842773 0.042962 0.015452
0 0.902806 0.843249 0.067167 0.015452
0 0.827385 0.873497 0.037675 0.012311
0 0.825943 0.904477 0.034957 0.012311
0 0.827467 0.934127 0.038356 0.012311
0 0.898713 0.903753 0.047909 0.012311
0 0.848460 0.478314 0.012531 0.008832
0 0.860687 0.267810 0.036675 0.008832
0 0.867075 0.167975 0.048320 0.008832