0 0.301120 0.602211 0.006714 0.003897
0 0.244808 0.458083 0.005150 0.003714
0 0.267150 0.509997 0.007691 0.003808
0 0.299542 0.520844 0.010302 0.003780
0 0.916466 0.708818 0.011723 0.008002
0 0.230312 0.507651 0.005078 0.003694
0 0.934663 0.708873 0.017828 0.007842
0 0.302829 0.462755 0.007782 0.003760
0 0.320511 0.450975 0.006325 0.002788
0 0.402834 0.660932 0.016327 0.007263
0 0.742177 0.510425 0.005636 0.004116
0 0.219053 0.601452 0.006589 0.003771
0 0.412667 0.668858 0.005333 0.004074
0 0.923981 0.717570 0.005755 0.004598