0 0.342691 0.314637 0.005523 0.003528
0 0.816807 0.257871 0.009690 0.003266
0 0.248677 0.617863 0.009581 0.003368
0 0.408700 0.759302 0.007004 0.003403
0 0.382696 0.740332 0.005352 0.003195
0 0.391092 0.609672 0.009410 0.003329
0 0.322335 0.774627 0.005839 0.002904
0 0.330075 0.642704 0.006859 0.003431
0 0.755730 0.740318 0.005497 0.003343
0 0.647961 0.690977 0.005400 0.003329
0 0.755733 0.765217 0.005523 0.003463
0 0.750247 0.818458 0.006962 0.003357
0 0.695372 0.774704 0.005505 0.003292
0 0.694081 0.700788 0.010584 0.003371
0 0.621652 0.617821 0.009627 0.003178
0 0.376846 0.765234 0.005390 0.003178
0 0.634999 0.791282 0.005533 0.003414
0 0.581682 0.791271 0.005364 0.003431
0 0.585720 0.703539 0.005440 0.003209
0 0.542864 0.686650 0.007953 0.003502
0 0.764103 0.609597 0.009412 0.003252
0 0.773373 0.677927 0.009567 0.003428
0 0.773353 0.710500 0.009801 0.003428
0 0.212721 0.703528 0.005624 0.003266
0 0.627119 0.738302 0.005569 0.003317
0 0.261944 0.780048 0.005436 0.003277
0 0.169808 0.686784 0.007921 0.003502
0 0.208694 0.780017 0.005525 0.003465
0 0.254071 0.738331 0.005499 0.003366
0 0.274844 0.696258 0.005444 0.003294
0 0.322404 0.818447 0.006855 0.003403
0 0.323722 0.700754 0.010530 0.003406
0 0.624981 0.329288 0.005569 0.003528
0 0.736118 0.362938 0.006901 0.003283
0 0.567806 0.247039 0.005601 0.003283
0 0.569461 0.329161 0.005458 0.003571
0 0.605801 0.285497 0.005493 0.003283
0 0.684391 0.218373 0.010584 0.003283
0 0.637355 0.167343 0.009492 0.003531
0 0.683889 0.315848 0.005493 0.003249
0 0.759347 0.278777 0.005388 0.003482
0 0.785330 0.388770 0.009537 0.003337
0 0.747031 0.311871 0.005386 0.003257
0 0.555560 0.165426 0.008046 0.003460
0 0.189311 0.143602 0.009567 0.003209
0 0.158266 0.263800 0.009581 0.003309
0 0.239869 0.298158 0.005311 0.003172
0 0.161848 0.195546 0.009394 0.003254
0 0.144276 0.370745 0.009434 0.003223
0 0.372680 0.163106 0.007951 0.003557
0 0.297950 0.314698 0.005616 0.003343
0 0.174682 0.298142 0.005414 0.003420
0 0.347042 0.226512 0.005605 0.003152
0 0.309232 0.258310 0.005356 0.003500
0 0.288360 0.221785 0.005384 0.003457
0 0.235741 0.188435 0.010584 0.003294
0 0.177307 0.263726 0.005362 0.003246
0 0.184924 0.341885 0.006839 0.003371
0 0.787621 0.319765 0.009448 0.003212
0 0.310978 0.942324 0.019954 0.008826
0 0.683968 0.942211 0.019075 0.008447
0 0.825967 0.442320 0.019075 0.008447
0 0.281165 0.442659 0.019077 0.008447
0 0.255701 0.442551 0.024967 0.008447
0 0.800441 0.442764 0.024965 0.008447
0 0.658420 0.942525 0.024965 0.008447
0 0.285388 0.942411 0.024965 0.008447
0 0.137584 0.642387 0.006154 0.003502
0 0.510465 0.642566 0.006230 0.003502
0 0.580782 0.116168 0.006230 0.003502
0 0.398643 0.091227 0.006228 0.003502