0 0.612058 0.644087 0.009250 0.007011
0 0.651943 0.660655 0.021481 0.006589
0 0.579259 0.644052 0.009003 0.006965
0 0.658212 0.475467 0.009146 0.006774
0 0.698104 0.469545 0.029140 0.006250
0 0.611797 0.514394 0.016180 0.007119
0 0.675702 0.550849 0.009003 0.006879
0 0.615410 0.584919 0.009599 0.006703
0 0.688178 0.616006 0.011011 0.006763
0 0.727108 0.405960 0.004922 0.016811
0 0.583157 0.472296 0.011815 0.007133
0 0.502450 0.873304 0.038356 0.013209
0 0.494279 0.886925 0.007336 0.006959