0 0.642658 0.712048 0.005513 0.003343
0 0.570990 0.169003 0.006772 0.003329
0 0.621366 0.201765 0.005472 0.003508
0 0.678810 0.264060 0.006329 0.003394
0 0.666613 0.158356 0.006798 0.003397
0 0.749269 0.186773 0.009595 0.003406
0 0.748809 0.302663 0.009510 0.003411
0 0.748904 0.307720 0.014523 0.003209
0 0.177856 0.718249 0.005400 0.003537
0 0.289876 0.725296 0.006498 0.003371
0 0.228172 0.646741 0.009623 0.003445
0 0.809929 0.827246 0.009422 0.003394
0 0.810081 0.821698 0.014463 0.003294
0 0.483456 0.705804 0.009269 0.003309
0 0.816800 0.728121 0.009301 0.003508
0 0.495561 0.774905 0.005424 0.003511
0 0.580659 0.783881 0.005424 0.003511
0 0.619048 0.783870 0.005507 0.003511
0 0.800010 0.779339 0.005424 0.003494
0 0.511631 0.680375 0.005350 0.003343
0 0.790649 0.733639 0.005396 0.003380
0 0.543884 0.803217 0.007010 0.003380
0 0.676502 0.793046 0.007105 0.003380
0 0.563673 0.672258 0.007012 0.003383
0 0.575508 0.714023 0.006768 0.003411
0 0.781317 0.824431 0.006792 0.003408
0 0.694895 0.712891 0.006498 0.003309
0 0.742195 0.707864 0.010705 0.003565
0 0.745600 0.786205 0.006289 0.003366
0 0.790651 0.697685 0.007020 0.003354
0 0.235747 0.790993 0.010723 0.003497
0 0.160668 0.639457 0.014183 0.003326
0 0.160882 0.634443 0.009520 0.003323
0 0.210791 0.833112 0.006800 0.003351
0 0.231724 0.703552 0.005511 0.003406
0 0.160273 0.680677 0.006800 0.003354
0 0.192112 0.652756 0.005412 0.003494
0 0.253537 0.698460 0.005515 0.003394
0 0.338191 0.710170 0.005525 0.003525
0 0.185752 0.775720 0.006297 0.003346
0 0.314984 0.790569 0.005535 0.003531
0 0.627709 0.269642 0.005505 0.003508
0 0.733106 0.255165 0.005402 0.003508
0 0.667719 0.195215 0.010623 0.003522
0 0.722412 0.201667 0.005481 0.003363
0 0.694810 0.209340 0.006992 0.003337
0 0.593590 0.183494 0.005382 0.003323
0 0.574152 0.206357 0.006466 0.003343
0 0.659787 0.306374 0.006772 0.003331
0 0.159082 0.225154 0.006800 0.003354
0 0.228182 0.146867 0.009625 0.003383
0 0.193412 0.149769 0.005402 0.003494
0 0.196273 0.272022 0.006297 0.003337
0 0.160663 0.139648 0.014181 0.003286
0 0.160827 0.134632 0.009520 0.003360
0 0.193938 0.312960 0.006800 0.003417
0 0.336876 0.199775 0.005523 0.003522
0 0.314926 0.279225 0.005396 0.003494
0 0.188001 0.216252 0.005396 0.003494
0 0.289080 0.226294 0.006498 0.003411
0 0.239418 0.300527 0.010615 0.003511
0 0.316119 0.326143 0.006879 0.003326
0 0.226253 0.221587 0.005386 0.003351
0 0.278164 0.281607 0.006758 0.003272
0 0.253538 0.198557 0.005493 0.003394
0 0.348293 0.239179 0.006798 0.003380
0 0.737431 0.155797 0.006053 0.003403
0 0.566105 0.268953 0.005404 0.003508
0 0.598611 0.269004 0.008799 0.003337
0 0.648685 0.931475 0.018793 0.007105
0 0.667975 0.931502 0.014572 0.007050
0 0.675855 0.939694 0.003030 0.002602
0 0.275687 0.431683 0.018845 0.007196
0 0.294931 0.431627 0.014235 0.007085
0 0.302844 0.439669 0.003020 0.002474
0 0.648640 0.431713 0.018791 0.007535
0 0.667890 0.431684 0.014419 0.006834
0 0.675752 0.439792 0.003145 0.002439
0 0.275683 0.931748 0.018942 0.007264
0 0.294819 0.931710 0.014578 0.007187
0 0.302799 0.939715 0.003147 0.002576