0 0.210791 0.833112 0.006800 0.003351
0 0.235747 0.790993 0.010723 0.003497
0 0.160668 0.639457 0.014183 0.003326
0 0.160882 0.634443 0.009520 0.003323
0 0.231724 0.703552 0.005511 0.003406
0 0.160273 0.680677 0.006800 0.003354
0 0.626529 0.657790 0.006986 0.003394
0 0.625388 0.718445 0.005505 0.003366
0 0.618894 0.783606 0.007020 0.003394
0 0.674239 0.718374 0.005404 0.003508
0 0.564554 0.726238 0.005364 0.003323
0 0.192112 0.652756 0.005412 0.003494
0 0.253537 0.698460 0.005515 0.003394
0 0.338191 0.710170 0.005525 0.003525
0 0.314984 0.790569 0.005535 0.003531
0 0.177856 0.718249 0.005400 0.003537
0 0.289876 0.725296 0.006498 0.003371
0 0.228172 0.646741 0.009623 0.003445
0 0.185752 0.775720 0.006297 0.003346
0 0.196273 0.272022 0.006297 0.003337
0 0.160663 0.139648 0.014181 0.003286
0 0.160827 0.134632 0.009520 0.003360
0 0.193938 0.312960 0.006800 0.003417
0 0.336876 0.199775 0.005523 0.003522
0 0.314926 0.279225 0.005396 0.003494
0 0.188001 0.216252 0.005396 0.003494
0 0.289080 0.226294 0.006498 0.003411
0 0.239418 0.300527 0.010615 0.003511
0 0.316119 0.326143 0.006879 0.003326
0 0.226253 0.221587 0.005386 0.003351
0 0.278164 0.281607 0.006758 0.003272
0 0.253538 0.198557 0.005493 0.003394
0 0.348293 0.239179 0.006798 0.003380
0 0.159082 0.225154 0.006800 0.003354
0 0.228182 0.146867 0.009625 0.003383
0 0.193412 0.149769 0.005402 0.003494
0 0.759354 0.307053 0.006865 0.003380
0 0.651871 0.306201 0.006865 0.003380
0 0.662993 0.153940 0.006768 0.003383
0 0.593569 0.153805 0.006768 0.003380
0 0.756638 0.206649 0.005684 0.003323
0 0.734708 0.279942 0.007002 0.003337
0 0.671683 0.253391 0.005495 0.003340
0 0.665702 0.198062 0.010586 0.003511
0 0.779397 0.204501 0.005374 0.003326
0 0.615991 0.189290 0.005374 0.003323
0 0.594252 0.188173 0.009460 0.003397
0 0.770508 0.266801 0.005493 0.003508
0 0.603678 0.255459 0.005495 0.003497
0 0.503212 0.306200 0.009736 0.003274
0 0.502711 0.300653 0.014534 0.003562
0 0.512421 0.255402 0.005495 0.003497
0 0.503084 0.187974 0.009460 0.003762
0 0.502213 0.153814 0.007018 0.003742
0 0.765101 0.718364 0.005684 0.003910
0 0.594242 0.306453 0.009480 0.003445
0 0.593956 0.300727 0.014534 0.003562
0 0.681793 0.939802 0.003562 0.003155
0 0.649849 0.931731 0.019383 0.007555
0 0.668912 0.931609 0.014544 0.007555
0 0.275613 0.931375 0.019385 0.007555
0 0.275637 0.431657 0.019385 0.007555
0 0.650095 0.431711 0.019383 0.007555
0 0.295111 0.931765 0.014542 0.007555
0 0.294811 0.431599 0.014542 0.007552
0 0.669069 0.431345 0.014544 0.007552
0 0.302773 0.939840 0.003562 0.003152
0 0.302865 0.439728 0.003562 0.003155
0 0.681638 0.439718 0.003562 0.003152