0 0.368459 0.825495 0.017058 0.014478
0 0.425518 0.825583 0.017391 0.014570
0 0.477127 0.825727 0.017659 0.014567
0 0.538795 0.825827 0.027145 0.014937
0 0.599412 0.825345 0.026484 0.014361
0 0.519412 0.242778 0.019690 0.015926
0 0.547710 0.739206 0.028416 0.016001
0 0.653410 0.296883 0.028622 0.015926
0 0.434793 0.282553 0.018626 0.016251
0 0.432907 0.215537 0.028203 0.016189
0 0.584559 0.256327 0.020123 0.015909
0 0.574723 0.368314 0.020572 0.016166
0 0.486193 0.623127 0.019313 0.016460
0 0.631945 0.477993 0.018680 0.015849
0 0.613374 0.624946 0.019111 0.015274