0 0.679565 0.463541 0.012057 0.004454
0 0.600243 0.558049 0.006192 0.004534
0 0.593322 0.468406 0.005624 0.005087
0 0.737104 0.540711 0.007187 0.004563
0 0.819370 0.540591 0.005890 0.005070
0 0.735368 0.613247 0.009369 0.004996
0 0.839569 0.613109 0.009180 0.004691
0 0.268588 0.637865 0.009059 0.004759
0 0.269480 0.577355 0.007036 0.004611
0 0.167788 0.495996 0.005972 0.004753
0 0.275039 0.490891 0.013657 0.004654
0 0.347101 0.505529 0.006029 0.004332
0 0.324333 0.447521 0.009073 0.004924
0 0.349464 0.577280 0.006206 0.004756
0 0.840924 0.440208 0.011983 0.004127
0 0.199816 0.586661 0.005757 0.004876
0 0.131472 0.505375 0.006075 0.004400
0 0.142400 0.586654 0.005968 0.004964
0 0.385283 0.646918 0.012001 0.004557
0 0.371954 0.455765 0.012138 0.004189
0 0.659622 0.558150 0.005511 0.004560
0 0.626684 0.459020 0.005990 0.004560
0 0.677336 0.410284 0.009124 0.004431
0 0.741610 0.442361 0.013363 0.004563
0 0.793384 0.388970 0.008908 0.004346
0 0.207405 0.509501 0.009261 0.004731
0 0.764092 0.763988 0.006162 0.004563
0 0.718735 0.754651 0.027596 0.009934
0 0.746823 0.754494 0.021485 0.009934
0 0.249138 0.754366 0.027596 0.009934
0 0.277104 0.754699 0.021485 0.009934
0 0.294429 0.764080 0.006162 0.004563
0 0.129365 0.347559 0.007399 0.003930
0 0.583091 0.384467 0.007399 0.003930
0 0.167481 0.350175 0.007250 0.003930