0 0.724123 0.361645 0.022999 0.007617
0 0.797472 0.334662 0.020929 0.007261
0 0.842936 0.348077 0.012076 0.007147
0 0.760255 0.802923 0.032852 0.011856
0 0.794116 0.802992 0.024855 0.011582
0 0.745039 0.634692 0.015270 0.007292
0 0.256213 0.564189 0.009766 0.007158
0 0.879557 0.536203 0.014954 0.007144
0 0.700585 0.563727 0.014952 0.007147
0 0.732843 0.498349 0.011594 0.007212
0 0.805305 0.501668 0.009567 0.007144
0 0.641150 0.486847 0.009567 0.007144
0 0.867600 0.489051 0.009565 0.007144
0 0.877680 0.430613 0.009754 0.007320
0 0.651294 0.402520 0.009754 0.007320
0 0.191437 0.396344 0.016272 0.007397
0 0.895893 0.571733 0.020310 0.007383
0 0.316983 0.564257 0.011653 0.007226
0 0.196774 0.564252 0.009764 0.007158
0 0.186619 0.484819 0.009853 0.007340
0 0.230972 0.477052 0.009853 0.007235
0 0.325449 0.461603 0.023160 0.007232
0 0.258610 0.406052 0.012211 0.007161
0 0.277458 0.353938 0.016528 0.007426
0 0.326075 0.364166 0.009764 0.007158
0 0.321052 0.317413 0.014885 0.007340
0 0.272220 0.803010 0.032827 0.011950
0 0.305988 0.802987 0.025042 0.011762
0 0.622330 0.402848 0.020705 0.007429
0 0.627206 0.337654 0.020840 0.007241
0 0.668939 0.333884 0.020191 0.007323
0 0.280397 0.606633 0.014885 0.007343