0 0.912404 0.533525 0.005481 0.004469
0 0.748367 0.534658 0.005603 0.004557
0 0.397509 0.537763 0.006256 0.004970
0 0.199128 0.576191 0.009128 0.005247
0 0.163884 0.388438 0.012660 0.005284
0 0.270045 0.370207 0.007175 0.004910
0 0.160886 0.575938 0.012285 0.004882
0 0.216985 0.363994 0.012498 0.004910
0 0.187271 0.422596 0.006317 0.005056
0 0.932978 0.406415 0.005835 0.004223
0 0.770666 0.377425 0.012575 0.004905
0 0.351210 0.468787 0.006546 0.004791
0 0.372596 0.425123 0.006039 0.004728
0 0.329969 0.413168 0.009460 0.004905
0 0.403582 0.455911 0.006317 0.005056
0 0.164235 0.435362 0.012609 0.005201
0 0.181199 0.502888 0.006258 0.004973
0 0.267381 0.519735 0.006673 0.005449
0 0.277368 0.428918 0.006365 0.005247
0 0.339975 0.537673 0.006256 0.004973
0 0.899431 0.388776 0.012370 0.004420
0 0.852907 0.423357 0.012152 0.004178
0 0.583965 0.388554 0.011940 0.004221
0 0.686930 0.420846 0.005527 0.004451
0 0.625998 0.443075 0.005783 0.004423
0 0.626609 0.395148 0.005714 0.004734
0 0.581225 0.437566 0.008938 0.004280
0 0.812869 0.430977 0.005867 0.004520
0 0.564325 0.521064 0.009182 0.004181
0 0.978971 0.467149 0.009182 0.004181
0 0.638745 0.519195 0.005787 0.004141
0 0.913366 0.458621 0.005749 0.004423
0 0.700744 0.534551 0.005682 0.004326
0 0.729976 0.447891 0.005791 0.004423
0 0.762088 0.731111 0.020534 0.007655
0 0.781731 0.731234 0.016268 0.007655
0 0.290958 0.731257 0.020534 0.007655
0 0.310445 0.731160 0.015539 0.007655
0 0.323990 0.738602 0.005335 0.004642
0 0.795154 0.738830 0.005335 0.004642
0 0.774676 0.474169 0.006401 0.004423
0 0.436355 0.356741 0.012988 0.004905
0 0.823914 0.538679 0.009182 0.004181