0 0.315847 0.783830 0.005569 0.004218
0 0.196528 0.772384 0.006774 0.004050
0 0.182753 0.678799 0.011979 0.004192
0 0.180295 0.822425 0.011930 0.004218
0 0.208719 0.663906 0.011880 0.004209
0 0.206978 0.822486 0.008442 0.004221
0 0.612557 0.813814 0.006960 0.004260
0 0.721381 0.656929 0.005636 0.004146
0 0.683509 0.657479 0.005636 0.004146
0 0.638049 0.648974 0.013409 0.004429
0 0.608145 0.605714 0.008549 0.004263
0 0.574450 0.604997 0.011854 0.004283
0 0.203432 0.252632 0.006784 0.004021
0 0.585316 0.156775 0.011793 0.004238
0 0.579846 0.215370 0.005624 0.004346
0 0.556719 0.322575 0.011773 0.004243
0 0.311721 0.269038 0.005573 0.004221
0 0.260017 0.305691 0.008408 0.004195
0 0.254435 0.142465 0.008539 0.004195
0 0.189207 0.148971 0.008408 0.004195
0 0.354773 0.196087 0.007068 0.004064
0 0.192432 0.179826 0.012122 0.004172
0 0.211543 0.196607 0.005654 0.004232
0 0.217773 0.150094 0.011898 0.004206
0 0.259943 0.264725 0.006675 0.004206
0 0.316696 0.202821 0.005654 0.004161
0 0.693614 0.734967 0.006929 0.004275
0 0.653084 0.792506 0.012063 0.004295
0 0.605261 0.757854 0.008870 0.004320
0 0.597718 0.683290 0.006732 0.004295
0 0.573794 0.843088 0.011775 0.004295
0 0.659233 0.734548 0.005612 0.004315
0 0.259967 0.204440 0.013244 0.004349
0 0.353601 0.269051 0.005573 0.004218
0 0.572395 0.804981 0.008582 0.004366
0 0.651795 0.824772 0.005638 0.004317
0 0.258603 0.713843 0.013421 0.004317
0 0.204107 0.715463 0.005664 0.004184
0 0.358467 0.709152 0.007088 0.004095
0 0.259960 0.775987 0.006637 0.004184
0 0.261120 0.622724 0.008366 0.004178
0 0.363049 0.783802 0.005569 0.004218
0 0.321424 0.712913 0.005664 0.004235
0 0.627027 0.208165 0.013224 0.004320
0 0.692277 0.283950 0.005585 0.004235
0 0.739411 0.283968 0.005591 0.004238
0 0.289717 0.429231 0.021743 0.008190
0 0.312093 0.429286 0.016796 0.008079
0 0.313282 0.437801 0.004602 0.003850
0 0.326637 0.937565 0.004602 0.003850
0 0.686154 0.437915 0.004602 0.003850
0 0.685398 0.429322 0.016796 0.008082
0 0.697116 0.944696 0.016798 0.008082
0 0.325801 0.929121 0.016796 0.008079
0 0.663087 0.429373 0.021745 0.008190
0 0.674864 0.944679 0.021745 0.008190
0 0.303538 0.929228 0.021745 0.008190
0 0.636320 0.276130 0.006675 0.004229
0 0.735543 0.209279 0.007113 0.004075
0 0.621677 0.162623 0.008416 0.004192
0 0.572928 0.272525 0.006923 0.004075
0 0.634634 0.329560 0.008414 0.004192
0 0.697275 0.213051 0.005716 0.004243
0 0.558985 0.194715 0.012116 0.004238
0 0.186687 0.305670 0.011840 0.004300