0 0.591213 0.393664 0.039053 0.016206
0 0.324958 0.810074 0.016536 0.014310
0 0.381341 0.809669 0.017088 0.014185
0 0.436008 0.809842 0.017647 0.013726
0 0.503720 0.810071 0.033222 0.013729
0 0.574158 0.809731 0.041650 0.013726
0 0.640439 0.810024 0.017167 0.013726
0 0.407093 0.608191 0.018374 0.015031
0 0.623809 0.607595 0.018874 0.015425
0 0.677606 0.408655 0.018634 0.016271
0 0.514843 0.586901 0.018108 0.015650
0 0.445941 0.395410 0.042271 0.015849
0 0.405293 0.309862 0.027616 0.015966
0 0.492998 0.321618 0.027504 0.016058
0 0.705293 0.544399 0.027197 0.015137
0 0.314538 0.671921 0.027987 0.015621
0 0.311072 0.581941 0.019121 0.016334