0 0.375769 0.802521 0.009510 0.003411
0 0.376229 0.686630 0.009597 0.003406
0 0.293572 0.658213 0.006798 0.003397
0 0.305770 0.763917 0.006329 0.003394
0 0.248326 0.701623 0.005472 0.003508
0 0.668777 0.689467 0.006887 0.003340
0 0.637078 0.692294 0.006710 0.003340
0 0.626623 0.722203 0.005404 0.003494
0 0.565769 0.727524 0.005384 0.003368
0 0.675496 0.720598 0.005503 0.003636
0 0.626531 0.657808 0.006970 0.003351
0 0.625719 0.790872 0.006970 0.003351
0 0.201111 0.706214 0.006466 0.003343
0 0.286747 0.806231 0.006772 0.003331
0 0.220549 0.683351 0.005382 0.003323
0 0.321769 0.709198 0.006992 0.003337
0 0.349371 0.701525 0.005481 0.003363
0 0.197950 0.668860 0.006772 0.003329
0 0.225571 0.768861 0.008797 0.003337
0 0.193065 0.768810 0.005404 0.003508
0 0.364391 0.655654 0.006051 0.003403
0 0.294680 0.695073 0.010621 0.003522
0 0.360065 0.755023 0.005402 0.003508
0 0.254669 0.769500 0.005505 0.003508
0 0.375864 0.807578 0.014521 0.003209
0 0.306779 0.225258 0.006498 0.003323
0 0.252589 0.290943 0.010627 0.003494
0 0.631113 0.201727 0.008755 0.003334
0 0.615242 0.276208 0.005370 0.003520
0 0.725721 0.295318 0.014445 0.003351
0 0.665271 0.199490 0.010586 0.003522
0 0.662606 0.261104 0.006305 0.003400
0 0.727343 0.192924 0.009617 0.003357
0 0.606677 0.183115 0.005472 0.003346
0 0.586499 0.208534 0.006442 0.003360
0 0.177055 0.180809 0.006800 0.003351
0 0.245041 0.146845 0.009591 0.003380
0 0.208978 0.152881 0.005364 0.003494
0 0.707044 0.199882 0.005400 0.003326
0 0.202616 0.275665 0.006297 0.003340
0 0.582427 0.276207 0.005370 0.003539
0 0.725576 0.290319 0.009460 0.003408
0 0.699091 0.296793 0.006822 0.003360
0 0.714633 0.250370 0.005475 0.003517
0 0.690641 0.164325 0.006923 0.003337
0 0.177552 0.139600 0.014181 0.003326
0 0.177592 0.134585 0.009522 0.003323
0 0.227093 0.332789 0.006800 0.003354
0 0.248566 0.203666 0.005374 0.003354
0 0.270421 0.198559 0.005513 0.003394
0 0.355025 0.208017 0.005364 0.003494
0 0.331830 0.290507 0.005396 0.003494
0 0.194734 0.218398 0.005362 0.003494
0 0.275726 0.431660 0.018727 0.006917
0 0.294869 0.431637 0.014380 0.006962
0 0.302811 0.439728 0.003163 0.002710
0 0.675936 0.439637 0.003163 0.002710
0 0.302869 0.939783 0.003163 0.002713
0 0.675801 0.939942 0.003163 0.002710
0 0.648622 0.431614 0.018727 0.006917
0 0.643947 0.931717 0.018727 0.006917
0 0.275769 0.931489 0.018727 0.006917
0 0.667928 0.431599 0.014380 0.006959
0 0.663025 0.931778 0.014380 0.006959
0 0.294782 0.931596 0.014380 0.006862
0 0.765183 0.718504 0.005503 0.003636