0 0.703578 0.574357 0.012090 0.007232
0 0.758613 0.802862 0.033611 0.011933
0 0.311067 0.500281 0.022783 0.008099
0 0.219348 0.380725 0.012062 0.007186
0 0.694133 0.371189 0.009919 0.007235
0 0.285442 0.430017 0.009599 0.007320
0 0.270985 0.803221 0.033176 0.011870
0 0.164697 0.403674 0.016330 0.008244
0 0.743864 0.345000 0.019954 0.007218
0 0.831420 0.417634 0.016145 0.007993
0 0.759007 0.410219 0.011364 0.007765
0 0.216063 0.481256 0.009962 0.007101
0 0.288175 0.353136 0.009881 0.007269
0 0.203892 0.546974 0.009512 0.007705
0 0.305136 0.803013 0.025173 0.011454
0 0.350629 0.581015 0.019988 0.007509
0 0.277471 0.561706 0.011520 0.007283
0 0.235603 0.346079 0.009758 0.006804
0 0.692696 0.459530 0.022817 0.007001
0 0.827853 0.495229 0.009849 0.007004
0 0.818338 0.574672 0.009579 0.006973
0 0.761605 0.574357 0.009672 0.008549
0 0.792252 0.803052 0.024907 0.012500
0 0.780189 0.484116 0.009557 0.007400