0 0.401092 0.373234 0.009702 0.006958
0 0.589921 0.397211 0.009700 0.006958
0 0.408623 0.475707 0.009667 0.007087
0 0.489995 0.472861 0.011584 0.007015
0 0.444002 0.342464 0.012137 0.007335
0 0.500211 0.351696 0.023159 0.006956
0 0.472993 0.616653 0.015110 0.007343
0 0.343671 0.475780 0.009905 0.007090
0 0.538229 0.882269 0.031306 0.014367
0 0.578422 0.475855 0.011873 0.007013
0 0.472768 0.545121 0.014183 0.007072
0 0.496661 0.882218 0.040441 0.014225
0 0.537146 0.900261 0.012626 0.009284