0 0.612557 0.813814 0.006960 0.004260
0 0.374363 0.801954 0.011854 0.004175
0 0.346261 0.803381 0.008444 0.004135
0 0.254799 0.640174 0.008336 0.004132
0 0.345639 0.690742 0.005612 0.004135
0 0.186355 0.718716 0.005614 0.004135
0 0.693614 0.734967 0.006929 0.004275
0 0.608145 0.605714 0.008549 0.004263
0 0.574450 0.604997 0.011854 0.004283
0 0.371517 0.664450 0.011956 0.004146
0 0.659233 0.734548 0.005612 0.004315
0 0.721381 0.656929 0.005636 0.004146
0 0.683509 0.657479 0.005636 0.004146
0 0.190121 0.763901 0.005545 0.004144
0 0.653084 0.792506 0.012063 0.004295
0 0.605261 0.757854 0.008870 0.004320
0 0.597718 0.683290 0.006732 0.004295
0 0.573794 0.843088 0.011775 0.004295
0 0.572395 0.804981 0.008582 0.004366
0 0.651795 0.824772 0.005638 0.004317
0 0.214016 0.688529 0.006939 0.003990
0 0.638049 0.648974 0.013409 0.004429
0 0.236826 0.763887 0.005543 0.004144
0 0.294713 0.756080 0.006629 0.004141
0 0.357895 0.744808 0.006853 0.003990
0 0.296735 0.681976 0.013268 0.004312
0 0.342983 0.628081 0.011753 0.004175
0 0.221031 0.145064 0.006768 0.004058
0 0.184237 0.127243 0.011900 0.004209
0 0.262543 0.246793 0.013367 0.004791
0 0.593999 0.105858 0.008521 0.004243
0 0.560184 0.105150 0.011870 0.004258
0 0.540147 0.192784 0.008575 0.004263
0 0.591112 0.258001 0.008858 0.004289
0 0.559135 0.262690 0.008549 0.004229
0 0.583458 0.183431 0.006919 0.004155
0 0.308021 0.243475 0.005569 0.004215
0 0.205625 0.309000 0.011850 0.004172
0 0.217374 0.237347 0.006663 0.004166
0 0.261985 0.314641 0.008507 0.004209
0 0.182850 0.207945 0.008614 0.004206
0 0.314568 0.172387 0.007133 0.004067
0 0.359277 0.196902 0.005674 0.004263
0 0.262761 0.157667 0.005660 0.004243
0 0.277527 0.130078 0.011858 0.004146
0 0.289690 0.429289 0.021789 0.008621
0 0.312070 0.429316 0.016641 0.008225
0 0.313334 0.437665 0.004644 0.003668
0 0.661283 0.445094 0.021789 0.008621
0 0.303349 0.929349 0.021789 0.008621
0 0.674856 0.944781 0.021789 0.008621
0 0.683737 0.445048 0.016641 0.008227
0 0.697113 0.944333 0.016639 0.008227
0 0.325836 0.929203 0.016641 0.008227
0 0.326469 0.937673 0.004644 0.003668
0 0.355108 0.243504 0.005569 0.004215
0 0.691309 0.119624 0.008565 0.004298
0 0.623876 0.149119 0.013308 0.004406
0 0.598340 0.313960 0.006851 0.004260
0 0.669243 0.157623 0.005644 0.004178
0 0.707127 0.157063 0.005646 0.004175
0 0.679408 0.235128 0.007060 0.004249
0 0.645003 0.234705 0.005747 0.004246
0 0.637536 0.324902 0.005654 0.004303
0 0.638929 0.292652 0.012063 0.004232
0 0.559595 0.343236 0.011823 0.004278
0 0.421974 0.660648 0.020530 0.005862