0 0.773247 0.555593 0.015046 0.007491
0 0.863332 0.514853 0.009623 0.007124
0 0.802604 0.515238 0.009621 0.006941
0 0.874672 0.420785 0.009847 0.006850
0 0.839378 0.409823 0.012114 0.007457
0 0.728817 0.492702 0.011947 0.007218
0 0.756359 0.803225 0.032703 0.011947
0 0.790270 0.803488 0.024506 0.014205
0 0.634577 0.352390 0.017005 0.007688
0 0.230108 0.459467 0.022997 0.007041
0 0.248484 0.564714 0.011511 0.007129
0 0.357365 0.473177 0.012227 0.007129
0 0.396203 0.399789 0.016296 0.007360
0 0.271724 0.803089 0.032795 0.011850
0 0.305433 0.802784 0.024865 0.011343
0 0.306026 0.457643 0.009669 0.007184
0 0.317658 0.564189 0.009669 0.007181
0 0.379141 0.564280 0.009669 0.007181
0 0.391660 0.479461 0.009776 0.007070
0 0.290472 0.616261 0.014784 0.006918
0 0.278235 0.376743 0.014784 0.006918
0 0.324055 0.384108 0.020331 0.006967
0 0.153730 0.465941 0.020846 0.007298
0 0.176910 0.465902 0.009180 0.007078
0 0.165425 0.538371 0.009669 0.007181
0 0.672868 0.346159 0.016445 0.007346
0 0.726022 0.386424 0.022241 0.007232
0 0.630545 0.413320 0.020518 0.007084
0 0.659601 0.414048 0.009686 0.007229
0 0.648210 0.474849 0.009686 0.007041
0 0.152314 0.414611 0.020959 0.007107
0 0.633597 0.527048 0.014853 0.007397
0 0.621931 0.559437 0.020093 0.007483
0 0.755584 0.618117 0.015498 0.007032