0 0.306779 0.725115 0.006498 0.003323
0 0.252589 0.790801 0.010627 0.003494
0 0.177055 0.680667 0.006800 0.003351
0 0.245041 0.646703 0.009591 0.003380
0 0.208978 0.652739 0.005364 0.003494
0 0.202616 0.775523 0.006297 0.003340
0 0.617519 0.805774 0.006740 0.003294
0 0.628849 0.660013 0.006738 0.003297
0 0.593949 0.800617 0.014463 0.003212
0 0.594232 0.806371 0.009500 0.003354
0 0.771521 0.780172 0.005509 0.003537
0 0.756704 0.706492 0.005553 0.003351
0 0.779413 0.704393 0.005394 0.003320
0 0.616012 0.689592 0.005412 0.003323
0 0.593891 0.676528 0.009567 0.003360
0 0.663398 0.689105 0.010596 0.003494
0 0.672578 0.774983 0.005495 0.003394
0 0.733379 0.783488 0.007113 0.003357
0 0.603734 0.755309 0.005404 0.003539
0 0.177552 0.639457 0.014181 0.003326
0 0.177592 0.634443 0.009522 0.003323
0 0.227093 0.832646 0.006800 0.003354
0 0.248566 0.703524 0.005374 0.003354
0 0.270421 0.698417 0.005513 0.003394
0 0.355025 0.707874 0.005364 0.003494
0 0.331830 0.790365 0.005396 0.003494
0 0.194734 0.718256 0.005362 0.003494
0 0.177856 0.218391 0.005400 0.003537
0 0.502692 0.676510 0.009567 0.003360
0 0.512803 0.755110 0.005404 0.003539
0 0.502885 0.800408 0.014463 0.003517
0 0.503326 0.806204 0.009500 0.003893
0 0.275774 0.431790 0.018471 0.006697
0 0.294945 0.431827 0.014020 0.006697
0 0.302775 0.439949 0.002914 0.002177
0 0.648678 0.431563 0.018582 0.006700
0 0.667887 0.431563 0.014094 0.006700
0 0.675825 0.439913 0.003175 0.002476
0 0.649800 0.931498 0.018471 0.006700
0 0.669047 0.931452 0.014112 0.006700
0 0.681665 0.939668 0.002819 0.002682
0 0.275717 0.931459 0.018624 0.006697
0 0.294886 0.931459 0.014056 0.006697
0 0.302783 0.939669 0.002897 0.002223
0 0.489141 0.208488 0.009633 0.003337
0 0.516363 0.175554 0.005404 0.003351
0 0.499164 0.271354 0.005412 0.003494
0 0.547374 0.298700 0.007022 0.003408
0 0.579322 0.208333 0.006841 0.003340
0 0.567077 0.167301 0.007022 0.003408
0 0.583958 0.281864 0.005414 0.003494
0 0.623068 0.281887 0.005523 0.003494
0 0.790014 0.208923 0.005460 0.003351
0 0.643077 0.211479 0.005460 0.003095
0 0.814351 0.190737 0.009633 0.003337
0 0.678613 0.286909 0.007082 0.003411
0 0.692972 0.205626 0.006488 0.003351
0 0.801647 0.249902 0.005539 0.003497
0 0.740398 0.191528 0.010746 0.003511
0 0.744480 0.271439 0.006297 0.003380
0 0.235747 0.291136 0.010723 0.003497
0 0.160668 0.139600 0.014183 0.003326
0 0.160882 0.134585 0.009520 0.003323
0 0.210791 0.333254 0.006800 0.003351
0 0.231724 0.203695 0.005511 0.003406
0 0.160273 0.180819 0.006800 0.003354
0 0.192112 0.152898 0.005412 0.003494
0 0.253537 0.198602 0.005515 0.003394
0 0.338191 0.210312 0.005525 0.003525
0 0.185752 0.275862 0.006297 0.003346
0 0.314984 0.290711 0.005535 0.003531
0 0.289876 0.225439 0.006498 0.003371
0 0.228172 0.146884 0.009623 0.003445
0 0.788677 0.175405 0.006929 0.003394
0 0.813299 0.297961 0.009472 0.003326
0 0.789907 0.300844 0.006879 0.003357
0 0.813471 0.302975 0.014554 0.003351