0 0.594242 0.306577 0.009480 0.003197
0 0.196273 0.272022 0.006297 0.003337
0 0.160663 0.139648 0.014181 0.003286
0 0.160827 0.134632 0.009520 0.003360
0 0.193938 0.312960 0.006800 0.003417
0 0.714711 0.751871 0.005392 0.003537
0 0.703724 0.672854 0.008890 0.003354
0 0.582426 0.771639 0.005392 0.003522
0 0.192112 0.652756 0.005412 0.003494
0 0.253537 0.698460 0.005515 0.003394
0 0.338191 0.710170 0.005525 0.003525
0 0.185752 0.775720 0.006297 0.003346
0 0.314984 0.790569 0.005535 0.003531
0 0.177856 0.718249 0.005400 0.003537
0 0.289876 0.725296 0.006498 0.003371
0 0.228172 0.646741 0.009623 0.003445
0 0.235747 0.790993 0.010723 0.003497
0 0.160668 0.639457 0.014183 0.003326
0 0.160882 0.634443 0.009520 0.003323
0 0.210791 0.833112 0.006800 0.003351
0 0.231724 0.703552 0.005511 0.003406
0 0.160273 0.680677 0.006800 0.003354
0 0.593956 0.300816 0.014534 0.003383
0 0.603678 0.255459 0.005495 0.003497
0 0.705742 0.707214 0.005472 0.003343
0 0.275752 0.431888 0.018999 0.007298
0 0.294982 0.431882 0.014348 0.007298
0 0.650015 0.431757 0.018999 0.007298
0 0.668956 0.431811 0.014415 0.006825
0 0.275845 0.931649 0.019001 0.007298
0 0.294847 0.931649 0.014538 0.007298
0 0.648513 0.932005 0.019001 0.007298
0 0.667725 0.931714 0.014822 0.007298
0 0.675880 0.939856 0.003389 0.003046
0 0.302852 0.939752 0.003391 0.003044
0 0.302782 0.439858 0.003391 0.003044
0 0.681620 0.439798 0.003389 0.003044
0 0.502510 0.300678 0.014928 0.003659
0 0.503001 0.306334 0.009875 0.003349
0 0.512570 0.255623 0.005890 0.004058
0 0.503001 0.188103 0.009460 0.003673
0 0.502208 0.153652 0.007350 0.003668
0 0.500373 0.771532 0.005392 0.003759
0 0.492035 0.705798 0.005775 0.003679
0 0.800588 0.751869 0.005795 0.003813
0 0.809900 0.791912 0.010181 0.003921
0 0.810249 0.796721 0.014509 0.003708
0 0.810305 0.690715 0.009593 0.003579
0 0.575115 0.705925 0.005354 0.003323
0 0.727577 0.690731 0.009593 0.003394
0 0.617645 0.771653 0.005485 0.003522
0 0.665290 0.701059 0.010621 0.003508
0 0.662624 0.769571 0.006317 0.003394
0 0.725721 0.797002 0.014509 0.003289
0 0.725703 0.792023 0.009500 0.003351
0 0.700896 0.796995 0.006869 0.003326
0 0.631760 0.664047 0.006760 0.003380
0 0.630898 0.708504 0.006917 0.003363
0 0.603370 0.712183 0.006510 0.003357
0 0.336876 0.199775 0.005523 0.003522
0 0.314926 0.279225 0.005396 0.003494
0 0.188001 0.216252 0.005396 0.003494
0 0.289080 0.226294 0.006498 0.003411
0 0.239418 0.300527 0.010615 0.003511
0 0.316119 0.326143 0.006879 0.003326
0 0.226253 0.221587 0.005386 0.003351
0 0.278164 0.281607 0.006758 0.003272
0 0.253538 0.198557 0.005493 0.003394
0 0.348293 0.239179 0.006798 0.003380
0 0.159082 0.225154 0.006800 0.003354
0 0.228182 0.146867 0.009625 0.003383
0 0.193412 0.149769 0.005402 0.003494
0 0.759354 0.307053 0.006865 0.003380
0 0.651871 0.306201 0.006865 0.003380
0 0.662993 0.153940 0.006768 0.003383
0 0.593569 0.153805 0.006768 0.003380
0 0.756638 0.206649 0.005684 0.003323
0 0.734708 0.279942 0.007002 0.003337
0 0.671683 0.253391 0.005495 0.003340
0 0.665702 0.198062 0.010586 0.003511
0 0.779397 0.204501 0.005374 0.003326
0 0.615991 0.189290 0.005374 0.003323
0 0.594252 0.188173 0.009460 0.003397
0 0.770508 0.266801 0.005493 0.003508