0 0.410761 0.534806 0.012370 0.008416
0 0.895383 0.903636 0.026280 0.011650
0 0.483363 0.570587 0.012182 0.008418
0 0.537670 0.534607 0.012712 0.008245
0 0.585339 0.570989 0.011753 0.008435
0 0.638162 0.534972 0.012291 0.008940
0 0.532591 0.849151 0.058122 0.015868
0 0.527872 0.866300 0.012706 0.010131
0 0.839286 0.843034 0.041900 0.014719
0 0.901301 0.842472 0.064068 0.013585
0 0.825568 0.874035 0.036202 0.014203
0 0.825334 0.903936 0.033401 0.012545
0 0.825802 0.934986 0.036669 0.013876