0 0.459644 0.451074 0.011870 0.008743
0 0.534584 0.444250 0.014951 0.008330
0 0.582977 0.444481 0.011870 0.008746
0 0.627605 0.418508 0.025527 0.008495
0 0.627612 0.455091 0.025726 0.008746
0 0.611115 0.546832 0.014630 0.008524
0 0.636518 0.633055 0.025142 0.008407
0 0.586167 0.633041 0.018084 0.008675
0 0.521981 0.583990 0.011803 0.008316
0 0.449117 0.584021 0.011803 0.008316
0 0.360499 0.532917 0.014409 0.008450
0 0.322416 0.369705 0.018082 0.008678
0 0.387057 0.371640 0.028698 0.009219
0 0.458787 0.898126 0.040044 0.013739
0 0.500352 0.898173 0.031173 0.013736