0 0.339365 0.662834 0.011365 0.006602
0 0.296972 0.369133 0.003927 0.006739
0 0.299411 0.674833 0.009111 0.005983
0 0.350440 0.417640 0.009214 0.006648
0 0.384097 0.844714 0.041723 0.016103
0 0.426163 0.844688 0.031338 0.016440
0 0.407251 0.336870 0.011171 0.006038
0 0.405816 0.407467 0.007283 0.006633
0 0.320419 0.483025 0.017980 0.006300
0 0.328506 0.587657 0.008797 0.006157
0 0.414040 0.464424 0.008809 0.006157
0 0.406715 0.544872 0.007283 0.006631
0 0.408774 0.617754 0.011171 0.006038
0 0.296080 0.302336 0.009508 0.005778