0 0.751903 0.802788 0.033089 0.011727
0 0.785784 0.802767 0.024567 0.011839
0 0.264972 0.556076 0.011717 0.007631
0 0.305477 0.803079 0.024827 0.011705
0 0.331522 0.566206 0.009569 0.007349
0 0.271775 0.802764 0.032547 0.011445
0 0.198216 0.566327 0.009742 0.007460
0 0.853469 0.442861 0.016306 0.007916
0 0.190060 0.472593 0.010189 0.007557
0 0.274685 0.384212 0.023303 0.007631
0 0.335107 0.490064 0.010278 0.007209
0 0.331495 0.450368 0.009802 0.007531
0 0.325100 0.347543 0.020296 0.007594
0 0.701380 0.417246 0.020536 0.007640
0 0.736939 0.415670 0.023261 0.007372
0 0.791845 0.450097 0.012465 0.007662
0 0.683129 0.478506 0.009579 0.007526
0 0.682536 0.529973 0.010179 0.007101
0 0.680342 0.589590 0.009373 0.007571
0 0.814061 0.503436 0.010008 0.007323
0 0.220123 0.484052 0.012354 0.007557
0 0.188431 0.407863 0.016278 0.007420
0 0.757909 0.569860 0.011469 0.007343
0 0.817036 0.565070 0.009764 0.008025