0 0.355025 0.707874 0.005364 0.003494
0 0.669237 0.673646 0.006941 0.003292
0 0.331830 0.790365 0.005396 0.003494
0 0.194734 0.718256 0.005362 0.003494
0 0.306779 0.725115 0.006498 0.003323
0 0.252589 0.790801 0.010627 0.003494
0 0.642456 0.768435 0.006278 0.003374
0 0.208978 0.652739 0.005364 0.003494
0 0.202616 0.775523 0.006297 0.003340
0 0.671676 0.717296 0.006927 0.003334
0 0.636772 0.696928 0.010594 0.003534
0 0.600845 0.798273 0.006784 0.003380
0 0.576249 0.797984 0.014493 0.003337
0 0.576258 0.792881 0.009486 0.003357
0 0.177055 0.680667 0.006800 0.003351
0 0.699209 0.716569 0.006486 0.003351
0 0.245041 0.646703 0.009591 0.003380
0 0.718544 0.781445 0.005382 0.003448
0 0.683521 0.781421 0.005475 0.003514
0 0.584854 0.752739 0.005392 0.003511
0 0.589595 0.712331 0.005315 0.003380
0 0.596933 0.690750 0.008886 0.003294
0 0.571999 0.697994 0.009563 0.003351
0 0.725658 0.710913 0.005380 0.003377
0 0.177552 0.639457 0.014181 0.003326
0 0.177592 0.634443 0.009522 0.003323
0 0.227093 0.832646 0.006800 0.003354
0 0.248566 0.703524 0.005374 0.003354
0 0.270421 0.698417 0.005513 0.003394
0 0.160273 0.180819 0.006800 0.003354
0 0.618081 0.146845 0.009593 0.003380
0 0.582019 0.152881 0.005364 0.003494
0 0.621607 0.203666 0.005374 0.003354
0 0.575657 0.275665 0.006297 0.003340
0 0.550592 0.139600 0.014181 0.003326
0 0.550633 0.134585 0.009522 0.003323
0 0.600134 0.332789 0.006800 0.003354
0 0.550096 0.180809 0.006800 0.003351
0 0.235747 0.291136 0.010723 0.003497
0 0.160668 0.139600 0.014183 0.003326
0 0.160882 0.134585 0.009520 0.003323
0 0.210791 0.333254 0.006800 0.003351
0 0.253537 0.198602 0.005515 0.003394
0 0.643462 0.198559 0.005513 0.003394
0 0.728066 0.208017 0.005364 0.003494
0 0.704869 0.290507 0.005394 0.003494
0 0.567774 0.218398 0.005364 0.003494
0 0.679820 0.225258 0.006498 0.003323
0 0.625629 0.290943 0.010625 0.003494
0 0.192112 0.152898 0.005412 0.003494
0 0.231724 0.203695 0.005511 0.003406
0 0.338191 0.210312 0.005525 0.003525
0 0.185752 0.275862 0.006297 0.003346
0 0.314984 0.290711 0.005535 0.003531
0 0.177856 0.218391 0.005400 0.003537
0 0.289876 0.225439 0.006498 0.003371
0 0.228172 0.146884 0.009623 0.003445
0 0.275698 0.431693 0.018287 0.006555
0 0.294879 0.431794 0.013994 0.006620
0 0.302818 0.439917 0.003137 0.002935
0 0.648702 0.431632 0.018432 0.006689
0 0.667859 0.431597 0.013994 0.006757
0 0.675824 0.439856 0.003016 0.002465
0 0.648659 0.931465 0.018414 0.006726
0 0.667971 0.931465 0.013955 0.006726
0 0.675756 0.939577 0.003004 0.002950
0 0.275669 0.931456 0.018273 0.006783
0 0.294952 0.931359 0.013897 0.006589
0 0.302846 0.939607 0.003089 0.002730