0 0.312193 0.791495 0.004874 0.003361
0 0.247295 0.791495 0.007336 0.003378
0 0.409947 0.893234 0.018539 0.007882
0 0.388572 0.901873 0.006280 0.004555
0 0.281114 0.774721 0.010187 0.003421
0 0.733195 0.901924 0.006329 0.004470
0 0.735883 0.893134 0.009283 0.007808
0 0.608696 0.702037 0.004820 0.003395
0 0.746200 0.893178 0.003667 0.007828
0 0.759396 0.893090 0.014826 0.007782
0 0.777899 0.893170 0.014848 0.007691
0 0.238636 0.242342 0.005102 0.003315
0 0.243647 0.180982 0.009954 0.003526
0 0.409572 0.393116 0.018434 0.007588
0 0.388570 0.401884 0.006248 0.004470
0 0.267164 0.170383 0.004818 0.003389
0 0.306405 0.170529 0.004896 0.003298
0 0.281578 0.242342 0.004610 0.003446
0 0.777899 0.393170 0.014848 0.007691
0 0.733195 0.401924 0.006329 0.004470
0 0.735883 0.393134 0.009283 0.007808
0 0.608696 0.202037 0.004820 0.003395
0 0.759600 0.393260 0.015235 0.008121
0 0.313546 0.699289 0.002631 0.003475
0 0.279264 0.699538 0.005043 0.003945
0 0.745868 0.393178 0.004330 0.007828