0 0.655990 0.262742 0.005348 0.003381
0 0.711087 0.264732 0.004642 0.003324
0 0.756431 0.264591 0.004650 0.003327
0 0.680869 0.307265 0.006809 0.003367
0 0.752743 0.191874 0.005531 0.003241
0 0.719399 0.183505 0.004560 0.003213
0 0.746356 0.137972 0.006870 0.003338
0 0.722619 0.130084 0.009597 0.003481
0 0.637424 0.127440 0.006942 0.003341
0 0.604834 0.177962 0.004564 0.003210
0 0.650602 0.179155 0.010677 0.003327
0 0.579839 0.167670 0.009506 0.003384
0 0.378357 0.236874 0.004519 0.003355
0 0.344431 0.207838 0.005580 0.003184
0 0.291071 0.321735 0.006787 0.003367
0 0.196374 0.321860 0.009349 0.003315
0 0.274968 0.279685 0.005428 0.003355
0 0.202996 0.190383 0.009407 0.003355
0 0.215107 0.266099 0.005469 0.003207
0 0.284724 0.147194 0.006799 0.003401
0 0.230280 0.151202 0.009776 0.003275
0 0.202259 0.151183 0.006904 0.003381
0 0.371160 0.283515 0.004602 0.003312
0 0.225012 0.200986 0.004533 0.003295
0 0.328597 0.283529 0.004644 0.003341
0 0.275020 0.193097 0.010730 0.003355
0 0.299930 0.824413 0.006876 0.003330
0 0.190641 0.816589 0.009357 0.003281
0 0.198871 0.682376 0.009357 0.003287
0 0.202162 0.650721 0.006876 0.003255
0 0.223764 0.695621 0.004457 0.003290
0 0.719399 0.683505 0.004560 0.003213
0 0.746356 0.637972 0.006870 0.003338
0 0.722619 0.630084 0.009597 0.003481
0 0.637424 0.627440 0.006942 0.003341
0 0.604834 0.677962 0.004564 0.003210
0 0.571667 0.798780 0.009369 0.003255
0 0.591588 0.742794 0.005487 0.003227
0 0.655990 0.762742 0.005348 0.003381
0 0.711087 0.764732 0.004642 0.003324
0 0.756431 0.764591 0.004650 0.003327
0 0.680869 0.807265 0.006809 0.003367
0 0.752743 0.691874 0.005531 0.003241
0 0.571667 0.298780 0.009369 0.003255
0 0.591588 0.242794 0.005487 0.003227
0 0.650602 0.679155 0.010677 0.003327
0 0.579839 0.667670 0.009506 0.003384
0 0.310734 0.657094 0.006962 0.003332
0 0.226867 0.647196 0.009690 0.003395
0 0.210574 0.760674 0.005446 0.003224
0 0.272202 0.692366 0.010677 0.003341
0 0.349491 0.702521 0.005569 0.003184
0 0.381916 0.729875 0.004457 0.003341
0 0.375356 0.781212 0.004612 0.003341
0 0.330084 0.781477 0.004602 0.003324
0 0.274922 0.781204 0.005378 0.003298
0 0.656966 0.936601 0.020282 0.007757
0 0.677608 0.936544 0.015958 0.007757
0 0.283198 0.936395 0.020284 0.007757
0 0.283100 0.436564 0.020282 0.007757
0 0.656918 0.436427 0.020282 0.007757
0 0.303928 0.936444 0.015958 0.007757
0 0.303849 0.436469 0.015958 0.007757
0 0.677800 0.436350 0.015958 0.007757
0 0.483863 0.227429 0.020341 0.005747
0 0.526836 0.121679 0.020341 0.005747
0 0.483712 0.727457 0.020341 0.005747
0 0.526769 0.621814 0.020339 0.005744
0 0.383155 0.653082 0.006773 0.003307
0 0.793495 0.694761 0.006773 0.003307
0 0.793499 0.194738 0.006773 0.003307
0 0.102259 0.747633 0.020341 0.005744
0 0.145849 0.639708 0.020341 0.005744
0 0.377283 0.170468 0.006773 0.003307