0 0.208978 0.152881 0.005364 0.003494
0 0.573331 0.208916 0.006468 0.003326
0 0.566260 0.277740 0.005404 0.003511
0 0.201111 0.706214 0.006466 0.003343
0 0.286747 0.806231 0.006772 0.003331
0 0.496578 0.759735 0.005382 0.003522
0 0.543894 0.803267 0.007010 0.003366
0 0.497096 0.814115 0.006780 0.003380
0 0.541586 0.773492 0.006778 0.003252
0 0.600154 0.807264 0.006780 0.003380
0 0.550923 0.706905 0.006778 0.003272
0 0.575436 0.716067 0.006778 0.003380
0 0.756542 0.680560 0.006778 0.003383
0 0.766076 0.821798 0.006780 0.003380
0 0.511668 0.680398 0.005352 0.003354
0 0.566788 0.672167 0.006859 0.003366
0 0.581356 0.766566 0.005404 0.003522
0 0.619724 0.766572 0.005400 0.003522
0 0.479298 0.674984 0.006780 0.003380
0 0.800026 0.779393 0.005404 0.003522
0 0.642696 0.712078 0.005477 0.003351
0 0.789822 0.732816 0.005487 0.003351
0 0.816991 0.728175 0.009601 0.003394
0 0.694885 0.712927 0.006458 0.003380
0 0.743933 0.727774 0.010752 0.003494
0 0.745032 0.773897 0.006276 0.003383
0 0.810034 0.821738 0.014378 0.003317
0 0.809995 0.827296 0.009492 0.003323
0 0.486434 0.713786 0.009563 0.003394
0 0.220549 0.683351 0.005382 0.003323
0 0.321769 0.709198 0.006992 0.003337
0 0.349371 0.701525 0.005481 0.003363
0 0.294680 0.695073 0.010621 0.003522
0 0.360065 0.755023 0.005402 0.003508
0 0.254669 0.769500 0.005505 0.003508
0 0.375864 0.807578 0.014521 0.003209
0 0.375769 0.802521 0.009510 0.003411
0 0.376229 0.686630 0.009597 0.003406
0 0.293572 0.658213 0.006798 0.003397
0 0.305770 0.763917 0.006329 0.003394
0 0.248326 0.701623 0.005472 0.003508
0 0.197950 0.668860 0.006772 0.003329
0 0.225571 0.768861 0.008797 0.003337
0 0.193065 0.768810 0.005404 0.003508
0 0.364391 0.655654 0.006051 0.003403
0 0.598812 0.277797 0.008759 0.003340
0 0.593590 0.183494 0.005382 0.003323
0 0.665150 0.189255 0.010727 0.003480
0 0.678910 0.266589 0.006287 0.003397
0 0.699058 0.168884 0.006768 0.003337
0 0.741929 0.174403 0.009573 0.003351
0 0.748819 0.302806 0.009510 0.003354
0 0.749437 0.308096 0.014521 0.003340
0 0.720737 0.304960 0.006770 0.003337
0 0.627888 0.278463 0.005505 0.003508
0 0.733317 0.257568 0.005404 0.003508
0 0.722412 0.201667 0.005481 0.003363
0 0.619769 0.195333 0.005470 0.003508
0 0.694810 0.209340 0.006992 0.003337
0 0.177055 0.180809 0.006800 0.003351
0 0.245041 0.146845 0.009591 0.003380
0 0.202616 0.275665 0.006297 0.003340
0 0.177552 0.139600 0.014181 0.003326
0 0.177592 0.134585 0.009522 0.003323
0 0.227093 0.332789 0.006800 0.003354
0 0.248566 0.203666 0.005374 0.003354
0 0.270421 0.198559 0.005513 0.003394
0 0.355025 0.208017 0.005364 0.003494
0 0.331830 0.290507 0.005396 0.003494
0 0.194734 0.218398 0.005362 0.003494
0 0.306779 0.225258 0.006498 0.003323
0 0.252589 0.290943 0.010627 0.003494
0 0.275646 0.431644 0.018670 0.006999
0 0.294917 0.431669 0.014235 0.007002
0 0.302854 0.439678 0.003077 0.002548
0 0.648682 0.431738 0.018670 0.006999
0 0.667906 0.431700 0.014260 0.007002
0 0.675759 0.439783 0.003067 0.002508
0 0.648623 0.931550 0.018672 0.006999
0 0.667944 0.931550 0.014304 0.006999
0 0.675709 0.939610 0.003004 0.002457
0 0.275764 0.931492 0.018672 0.007002
0 0.294871 0.931492 0.014368 0.007002
0 0.302819 0.939571 0.002986 0.002419
0 0.676302 0.792694 0.007074 0.003366