0 0.518731 0.542955 0.011242 0.009307
0 0.525026 0.396727 0.013741 0.009310
0 0.515637 0.313156 0.011242 0.009133
0 0.665795 0.218099 0.014533 0.006003
0 0.301951 0.554618 0.022834 0.009578
0 0.405562 0.367037 0.010863 0.009980
0 0.403952 0.243482 0.010943 0.009108
0 0.681590 0.218184 0.014735 0.006060
0 0.407384 0.486058 0.026176 0.009059
0 0.529238 0.900229 0.046866 0.022318
0 0.466027 0.900500 0.061455 0.022318
0 0.593343 0.764152 0.022764 0.009296
0 0.531522 0.764111 0.017065 0.008723
0 0.555271 0.654597 0.013501 0.009039
0 0.584417 0.542821 0.023594 0.009689
0 0.425374 0.654745 0.013356 0.009513
0 0.675315 0.196489 0.010224 0.005596
0 0.610174 0.312162 0.013677 0.007831