0 0.847087 0.492653 0.020385 0.007357
0 0.657037 0.488523 0.020842 0.007360
0 0.690231 0.462665 0.009792 0.007229
0 0.775232 0.353047 0.009593 0.007098
0 0.679960 0.570643 0.009601 0.007340
0 0.724936 0.471551 0.009887 0.007400
0 0.305864 0.802953 0.025089 0.011779
0 0.751980 0.802977 0.032848 0.011827
0 0.785808 0.802989 0.025091 0.011924
0 0.743936 0.599832 0.009593 0.007098
0 0.725214 0.415443 0.012112 0.007232
0 0.690723 0.497288 0.020709 0.007357
0 0.806419 0.450574 0.023156 0.007386
0 0.845176 0.452255 0.020183 0.007166
0 0.272116 0.803025 0.032882 0.011921
0 0.290401 0.340178 0.009593 0.007095
0 0.818209 0.584624 0.011755 0.007429
0 0.195091 0.557717 0.009593 0.007178
0 0.259088 0.587044 0.009595 0.007098
0 0.333423 0.571784 0.011755 0.007315
0 0.324121 0.388713 0.014881 0.007386
0 0.321570 0.437543 0.023156 0.007389
0 0.289761 0.628114 0.014952 0.007386
0 0.362267 0.479661 0.020359 0.007184
0 0.360398 0.439510 0.020183 0.007166
0 0.172193 0.475687 0.020842 0.007360
0 0.205768 0.484356 0.020709 0.007360
0 0.205455 0.449853 0.009790 0.007232
0 0.240131 0.458845 0.009887 0.007400
0 0.240416 0.402633 0.012114 0.007232