0 0.161787 0.206882 0.009623 0.003403
0 0.528751 0.223260 0.009567 0.003425
0 0.541574 0.311804 0.005533 0.003414
0 0.509141 0.391632 0.009653 0.003149
0 0.606832 0.355432 0.006949 0.003403
0 0.526094 0.284771 0.009569 0.003391
0 0.607506 0.311384 0.005569 0.003309
0 0.610871 0.201850 0.006861 0.003283
0 0.567867 0.164464 0.009408 0.003411
0 0.658628 0.254343 0.008845 0.003283
0 0.545908 0.284761 0.005372 0.003343
0 0.682688 0.279182 0.005303 0.003152
0 0.309199 0.258384 0.005261 0.003317
0 0.288849 0.196988 0.006859 0.003283
0 0.289606 0.232770 0.008727 0.003363
0 0.232653 0.168624 0.006877 0.003283
0 0.242730 0.225244 0.010615 0.003283
0 0.239755 0.290272 0.005700 0.003474
0 0.239034 0.341925 0.006982 0.003571
0 0.158263 0.263733 0.009623 0.003460
0 0.177327 0.263759 0.005321 0.003283
0 0.189310 0.143545 0.009581 0.003101
0 0.135302 0.181650 0.007131 0.003465
0 0.372409 0.164664 0.008021 0.003520
0 0.144247 0.370734 0.009543 0.003309
0 0.347017 0.226529 0.005732 0.003294
0 0.345115 0.301327 0.005358 0.003445
0 0.297947 0.301357 0.005460 0.003465
0 0.174716 0.290296 0.005495 0.003363
0 0.723246 0.246979 0.005674 0.003351
0 0.728384 0.181117 0.008168 0.003500
0 0.613848 0.255895 0.010582 0.003326
0 0.663754 0.319917 0.005360 0.003528
0 0.376846 0.765234 0.005390 0.003178
0 0.212721 0.703528 0.005624 0.003266
0 0.261944 0.780048 0.005436 0.003277
0 0.696614 0.757630 0.010600 0.003320
0 0.759139 0.778594 0.005337 0.003354
0 0.751324 0.811787 0.005384 0.003363
0 0.785274 0.888639 0.009653 0.003326
0 0.637644 0.667184 0.009545 0.003363
0 0.555614 0.665271 0.008140 0.003371
0 0.567844 0.746821 0.005545 0.003280
0 0.569374 0.821667 0.005329 0.003403
0 0.796120 0.797164 0.006962 0.003414
0 0.683420 0.862784 0.006849 0.003311
0 0.624962 0.821654 0.005664 0.003371
0 0.683893 0.815725 0.005372 0.003254
0 0.682056 0.707135 0.006962 0.003240
0 0.169808 0.686784 0.007921 0.003502
0 0.208694 0.780017 0.005525 0.003465
0 0.254071 0.738331 0.005499 0.003366
0 0.274844 0.696258 0.005444 0.003294
0 0.322404 0.818447 0.006855 0.003403
0 0.323722 0.700754 0.010530 0.003406
0 0.248677 0.617863 0.009581 0.003368
0 0.408700 0.759302 0.007004 0.003403
0 0.382696 0.740332 0.005352 0.003195
0 0.391092 0.609672 0.009410 0.003329
0 0.322335 0.774627 0.005839 0.002904
0 0.330075 0.642704 0.006859 0.003431
0 0.650674 0.754219 0.008690 0.003309
0 0.719195 0.319917 0.005543 0.003528
0 0.800523 0.942402 0.024983 0.008726
0 0.825988 0.942462 0.019230 0.008726
0 0.285242 0.942417 0.024983 0.008726
0 0.255617 0.442536 0.024983 0.008726
0 0.800406 0.442482 0.024983 0.008726
0 0.310889 0.942351 0.019230 0.008726
0 0.281281 0.442519 0.019230 0.008726
0 0.826033 0.442590 0.019230 0.008726
0 0.696653 0.082813 0.005880 0.003129
0 0.398488 0.090952 0.005882 0.003129
0 0.137586 0.642365 0.005880 0.003129
0 0.580633 0.615948 0.005880 0.003129