0 0.403404 0.480687 0.019289 0.006608
0 0.397484 0.489748 0.007449 0.006172
0 0.900651 0.507480 0.007145 0.006317
0 0.399565 0.543012 0.011457 0.006280
0 0.397504 0.516308 0.007145 0.006317
0 0.397562 0.507436 0.007145 0.006320
0 0.399398 0.533968 0.011380 0.005884
0 0.399498 0.551712 0.011429 0.006063
0 0.397546 0.525034 0.007145 0.006317
0 0.904537 0.498325 0.015319 0.006571
0 0.902893 0.543804 0.011582 0.006405
0 0.875870 0.665495 0.012273 0.008235
0 0.401414 0.498539 0.015055 0.006571
0 0.902569 0.534763 0.011380 0.005884
0 0.900556 0.489319 0.007451 0.006174
0 0.903553 0.665385 0.018342 0.008455
0 0.906839 0.480301 0.019770 0.007101
0 0.900638 0.516579 0.007268 0.006408
0 0.900741 0.525473 0.007145 0.006317
0 0.902696 0.552794 0.011674 0.006066
0 0.900873 0.471075 0.007655 0.005958
0 0.397724 0.471718 0.007655 0.005955
0 0.400260 0.661723 0.017973 0.008144
0 0.373193 0.661809 0.011942 0.008013