0 0.362020 0.683902 0.013898 0.007078
0 0.395783 0.339035 0.013902 0.007108
0 0.302311 0.355989 0.019512 0.007199
0 0.441891 0.438687 0.021908 0.007804
0 0.300321 0.684120 0.019726 0.007562
0 0.585537 0.381458 0.020282 0.007078
0 0.533997 0.459407 0.011254 0.007139
0 0.575267 0.504779 0.009243 0.007018
0 0.456962 0.594658 0.011297 0.007441
0 0.562003 0.594979 0.009243 0.007018
0 0.337360 0.585275 0.009251 0.006957
0 0.319598 0.519661 0.019855 0.007502
0 0.321202 0.435178 0.009029 0.006836
0 0.368785 0.435027 0.014763 0.007623
0 0.497373 0.907166 0.045922 0.018336
0 0.543079 0.907529 0.035708 0.018336