0 0.337800 0.340356 0.013621 0.006726
0 0.577955 0.456235 0.010840 0.007125
0 0.365797 0.549174 0.010860 0.007096
0 0.340308 0.643055 0.019081 0.006783
0 0.340135 0.653331 0.029075 0.006840
0 0.584465 0.362400 0.013621 0.006726
0 0.522070 0.646478 0.013848 0.006754
0 0.479246 0.549362 0.012674 0.006811
0 0.467354 0.349838 0.013621 0.006726
0 0.491013 0.420943 0.021479 0.007039
0 0.383448 0.416728 0.011022 0.006783
0 0.561175 0.566703 0.017872 0.006840
0 0.618417 0.566287 0.011076 0.007125
0 0.693540 0.566879 0.011066 0.007125
0 0.707751 0.443842 0.010812 0.006726
0 0.340464 0.416750 0.019321 0.006785
0 0.665747 0.453833 0.013057 0.006783
0 0.154383 0.340450 0.013659 0.007045
0 0.157067 0.413253 0.019321 0.006785
0 0.183280 0.551120 0.010860 0.007096
0 0.155120 0.636797 0.019081 0.006783
0 0.155104 0.646888 0.029075 0.006840
0 0.449450 0.901958 0.036966 0.013440
0 0.487898 0.901944 0.028031 0.013440
0 0.503677 0.918331 0.005863 0.004716