0 0.177592 0.634443 0.009522 0.003323
0 0.177055 0.680667 0.006800 0.003351
0 0.245041 0.646703 0.009591 0.003380
0 0.208978 0.652739 0.005364 0.003494
0 0.202616 0.775523 0.006297 0.003340
0 0.248566 0.703524 0.005374 0.003354
0 0.270421 0.698417 0.005513 0.003394
0 0.355025 0.707874 0.005364 0.003494
0 0.331830 0.790365 0.005396 0.003494
0 0.194734 0.718256 0.005362 0.003494
0 0.306779 0.725115 0.006498 0.003323
0 0.252589 0.790801 0.010627 0.003494
0 0.227093 0.832646 0.006800 0.003354
0 0.626529 0.657790 0.006986 0.003394
0 0.625388 0.718445 0.005505 0.003366
0 0.618894 0.783606 0.007020 0.003394
0 0.674239 0.718374 0.005404 0.003508
0 0.564554 0.726238 0.005364 0.003323
0 0.177552 0.639457 0.014181 0.003326
0 0.566260 0.277740 0.005404 0.003511
0 0.598812 0.277797 0.008759 0.003340
0 0.593590 0.183494 0.005382 0.003323
0 0.665150 0.189255 0.010727 0.003480
0 0.678910 0.266589 0.006287 0.003397
0 0.699058 0.168884 0.006768 0.003337
0 0.741929 0.174403 0.009573 0.003351
0 0.748819 0.302806 0.009510 0.003354
0 0.749437 0.308096 0.014521 0.003340
0 0.720594 0.304639 0.007056 0.003978
0 0.648674 0.431644 0.018912 0.006760
0 0.667746 0.431676 0.014699 0.007210
0 0.275801 0.431864 0.018912 0.006760
0 0.294876 0.431864 0.014479 0.006760
0 0.275704 0.931453 0.018912 0.006760
0 0.294945 0.931604 0.014382 0.006760
0 0.649925 0.931701 0.018912 0.006760
0 0.668910 0.931576 0.014548 0.006760
0 0.681715 0.939651 0.003244 0.002659
0 0.302782 0.939685 0.003242 0.002659
0 0.302796 0.439956 0.003242 0.002659
0 0.675781 0.439862 0.003244 0.002659
0 0.764928 0.718330 0.005618 0.003693
0 0.627888 0.278463 0.005505 0.003508
0 0.733317 0.257568 0.005404 0.003508
0 0.619769 0.195333 0.005470 0.003508
0 0.694810 0.209340 0.006992 0.003337
0 0.722412 0.201667 0.005481 0.003363
0 0.235747 0.291136 0.010723 0.003497
0 0.160668 0.139600 0.014183 0.003326
0 0.160882 0.134585 0.009520 0.003323
0 0.210791 0.333254 0.006800 0.003351
0 0.231724 0.203695 0.005511 0.003406
0 0.160273 0.180819 0.006800 0.003354
0 0.192112 0.152898 0.005412 0.003494
0 0.253537 0.198602 0.005515 0.003394
0 0.338191 0.210312 0.005525 0.003525
0 0.185752 0.275862 0.006297 0.003346
0 0.314984 0.290711 0.005535 0.003531
0 0.177856 0.218391 0.005400 0.003537
0 0.289876 0.225439 0.006498 0.003371
0 0.228172 0.146884 0.009623 0.003445
0 0.573331 0.208916 0.006468 0.003326