0 0.956321 0.467068 0.010643 0.005773
0 0.454358 0.517623 0.006992 0.005633
0 0.464638 0.525877 0.007362 0.006029
0 0.456512 0.533771 0.010469 0.005177
0 0.434178 0.690993 0.011725 0.008726
0 0.446335 0.690727 0.005057 0.008176
0 0.456510 0.458694 0.010929 0.005570
0 0.454566 0.492367 0.007225 0.005961
0 0.458062 0.500556 0.014125 0.005570
0 0.954439 0.475446 0.007040 0.005778
0 0.954639 0.483766 0.006800 0.006112
0 0.954400 0.517161 0.006962 0.006112
0 0.954519 0.525765 0.007201 0.005887
0 0.964402 0.525877 0.007123 0.005887
0 0.456442 0.542091 0.011344 0.005698
0 0.933768 0.690603 0.011614 0.007825
0 0.946279 0.691388 0.004560 0.008615
0 0.959347 0.690897 0.017421 0.008412
0 0.956425 0.458464 0.010907 0.005547
0 0.456187 0.508810 0.010604 0.005830
0 0.454821 0.525884 0.007364 0.005872
0 0.956360 0.541956 0.010883 0.005775
0 0.459848 0.690991 0.017169 0.007814
0 0.454632 0.449926 0.007117 0.005678
0 0.454381 0.475277 0.007316 0.005684
0 0.454566 0.483781 0.006855 0.005527
0 0.954601 0.492305 0.007260 0.005812
0 0.958089 0.500550 0.014163 0.005433
0 0.956040 0.509021 0.010721 0.005733
0 0.956253 0.533898 0.010802 0.006035
0 0.954584 0.450155 0.007121 0.005773
0 0.456407 0.467067 0.010659 0.005832