0 0.524650 0.706532 0.021382 0.007045
0 0.450377 0.676258 0.009007 0.007096
0 0.599194 0.622642 0.010760 0.006754
0 0.580512 0.726446 0.013830 0.006908
0 0.581155 0.488777 0.009007 0.007096
0 0.455712 0.562197 0.011283 0.006811
0 0.640020 0.469137 0.019005 0.006874
0 0.635769 0.518655 0.013830 0.006908
0 0.445698 0.440348 0.017868 0.007079
0 0.531508 0.540587 0.009158 0.006731
0 0.373878 0.572799 0.009210 0.006731
0 0.385503 0.676389 0.009007 0.007096
0 0.379280 0.335325 0.011543 0.006027
0 0.670928 0.445509 0.019748 0.006401
0 0.240273 0.904715 0.030230 0.014189
0 0.271054 0.904617 0.023361 0.013217
0 0.296406 0.917930 0.007832 0.007190