0 0.235920 0.413630 0.004757 0.012665
0 0.235868 0.586142 0.004471 0.019051
0 0.235829 0.497235 0.004576 0.013227
0 0.304825 0.586183 0.004562 0.019054
0 0.304810 0.497201 0.004547 0.013238
0 0.357387 0.586142 0.004477 0.018937
0 0.357408 0.497215 0.004547 0.013238
0 0.357484 0.413588 0.004685 0.012665
0 0.304868 0.413605 0.004777 0.012665
0 0.578962 0.949953 0.049671 0.018161
0 0.636644 0.949805 0.051631 0.017546
0 0.922763 0.224300 0.010258 0.057660
0 0.922763 0.157973 0.010258 0.059761