0 0.533564 0.382707 0.019029 0.015094
0 0.373484 0.810674 0.018142 0.015094
0 0.428428 0.811318 0.018142 0.015094
0 0.478132 0.811641 0.018142 0.015094
0 0.536960 0.811638 0.027270 0.015094
0 0.592587 0.810346 0.027270 0.015094
0 0.399057 0.258602 0.026754 0.014376
0 0.468606 0.270492 0.019029 0.015094
0 0.623282 0.368932 0.018142 0.015094
0 0.653057 0.583277 0.018142 0.015094
0 0.400224 0.590061 0.018142 0.015094
0 0.395211 0.347048 0.018142 0.015094
0 0.683757 0.489736 0.018140 0.015094
0 0.683433 0.473284 0.018142 0.014835
0 0.515227 0.551093 0.018142 0.015094
0 0.536467 0.695030 0.026756 0.014376
0 0.546883 0.294491 0.026754 0.014376