0 0.554103 0.347310 0.014592 0.006365
0 0.387368 0.581920 0.008855 0.006725
0 0.477330 0.582169 0.010701 0.006642
0 0.601721 0.405502 0.016352 0.006727
0 0.480907 0.861830 0.077851 0.015108
0 0.272185 0.368549 0.016259 0.006956
0 0.296778 0.490534 0.008855 0.006725
0 0.560087 0.452406 0.008853 0.006722
0 0.402548 0.433260 0.008853 0.006725
0 0.309125 0.582255 0.008853 0.006722
0 0.579611 0.555745 0.008853 0.006725
0 0.497860 0.356638 0.011153 0.006246
0 0.569072 0.651951 0.010899 0.006246
0 0.336544 0.446489 0.011189 0.006662
0 0.498178 0.432832 0.017049 0.006565
0 0.656962 0.645996 0.015485 0.006474
0 0.527732 0.876097 0.009587 0.007098