0 0.305932 0.463065 0.008801 0.004203
0 0.178491 0.430524 0.006778 0.004184
0 0.261837 0.585234 0.008525 0.004192
0 0.150037 0.412278 0.008525 0.004192
0 0.154017 0.459307 0.008142 0.004206
0 0.143887 0.538119 0.006802 0.004417
0 0.184814 0.538183 0.011078 0.004203
0 0.285787 0.531961 0.007967 0.004275
0 0.868799 0.504015 0.006778 0.004429
0 0.664960 0.442722 0.008549 0.004223
0 0.761946 0.437887 0.008547 0.004266
0 0.858720 0.552201 0.008586 0.004221
0 0.682443 0.526560 0.008549 0.004280
0 0.359595 0.395653 0.007620 0.004283
0 0.649103 0.525154 0.011944 0.004249
0 0.747592 0.485264 0.006919 0.004206
0 0.839473 0.461117 0.006994 0.004241
0 0.686476 0.398894 0.008789 0.004241
0 0.663320 0.572026 0.008827 0.004298
0 0.870632 0.584739 0.008940 0.004241
0 0.662220 0.482699 0.006778 0.004429
0 0.213463 0.453528 0.006889 0.004417
0 0.270429 0.398874 0.008559 0.004280
0 0.374499 0.434651 0.012081 0.004286
0 0.373920 0.580564 0.011975 0.004292
0 0.374039 0.586931 0.018285 0.004041
0 0.221448 0.538988 0.006929 0.004417
0 0.354149 0.520762 0.006802 0.004420
0 0.271825 0.445282 0.013373 0.004431
0 0.340683 0.453406 0.006899 0.004235
0 0.544890 0.398817 0.008789 0.004241
0 0.550155 0.442673 0.008696 0.004309
0 0.547207 0.482609 0.006814 0.004460
0 0.534271 0.525073 0.011975 0.004400
0 0.545594 0.571858 0.008827 0.004298
0 0.247856 0.743196 0.023373 0.008478
0 0.272006 0.743076 0.017987 0.008478
0 0.282028 0.753360 0.003705 0.002941
0 0.719096 0.743284 0.023371 0.008478
0 0.743070 0.743196 0.017790 0.008478
0 0.759123 0.753323 0.003657 0.002958