0 0.201111 0.706214 0.006466 0.003343
0 0.376229 0.686630 0.009597 0.003406
0 0.375769 0.802521 0.009510 0.003411
0 0.349371 0.701525 0.005481 0.003363
0 0.321769 0.709198 0.006992 0.003337
0 0.220549 0.683351 0.005382 0.003323
0 0.619956 0.769639 0.005481 0.003525
0 0.580446 0.769677 0.005430 0.003525
0 0.810718 0.826803 0.009492 0.003323
0 0.508409 0.679105 0.005382 0.003351
0 0.761176 0.820943 0.006893 0.003380
0 0.496650 0.812769 0.006780 0.003383
0 0.541355 0.771703 0.006780 0.003366
0 0.618894 0.283749 0.007020 0.003394
0 0.625388 0.218588 0.005505 0.003366
0 0.331830 0.290507 0.005396 0.003494
0 0.202616 0.275665 0.006297 0.003340
0 0.545089 0.804510 0.007010 0.003411
0 0.275746 0.431641 0.018696 0.006914
0 0.294872 0.431620 0.014253 0.006780
0 0.302814 0.439704 0.002972 0.002610
0 0.765110 0.218505 0.005404 0.003508
0 0.649836 0.431872 0.018761 0.006914
0 0.668962 0.431783 0.014382 0.006825
0 0.681714 0.439986 0.002940 0.002622
0 0.302821 0.939570 0.002982 0.002479
0 0.294959 0.931465 0.014415 0.006942
0 0.275757 0.931415 0.018767 0.007042
0 0.364391 0.655654 0.006051 0.003403
0 0.193065 0.768810 0.005404 0.003508
0 0.225571 0.768861 0.008797 0.003337
0 0.248326 0.701623 0.005472 0.003508
0 0.375864 0.807578 0.014521 0.003209
0 0.254669 0.769500 0.005505 0.003508
0 0.360065 0.755023 0.005402 0.003508
0 0.294680 0.695073 0.010621 0.003522
0 0.810760 0.821697 0.014612 0.003320
0 0.745408 0.778233 0.006278 0.003380
0 0.800604 0.779290 0.005404 0.003522
0 0.478870 0.676767 0.006790 0.003508
0 0.550401 0.706784 0.006778 0.003366
0 0.601613 0.808103 0.006780 0.003354
0 0.497266 0.761097 0.005412 0.003522
0 0.626529 0.157932 0.006986 0.003394
0 0.306779 0.225258 0.006498 0.003323
0 0.194734 0.218398 0.005362 0.003494
0 0.248566 0.203666 0.005374 0.003354
0 0.177592 0.134585 0.009522 0.003323
0 0.208978 0.152881 0.005364 0.003494
0 0.245041 0.146845 0.009591 0.003380
0 0.177055 0.180809 0.006800 0.003351
0 0.197950 0.668860 0.006772 0.003329
0 0.305770 0.763917 0.006329 0.003394
0 0.293572 0.658213 0.006798 0.003397
0 0.743426 0.724563 0.010750 0.003494
0 0.695488 0.712927 0.006458 0.003380
0 0.817557 0.728123 0.009601 0.003394
0 0.789098 0.730636 0.005487 0.003391
0 0.644234 0.714387 0.005112 0.003235
0 0.485013 0.712618 0.009631 0.003394
0 0.677959 0.794135 0.006984 0.003368
0 0.755829 0.683515 0.006919 0.003383
0 0.576200 0.714320 0.006778 0.003380
0 0.177552 0.139600 0.014181 0.003326
0 0.564554 0.226381 0.005364 0.003323
0 0.674239 0.218517 0.005404 0.003508
0 0.227093 0.332789 0.006800 0.003354
0 0.252589 0.290943 0.010627 0.003494
0 0.355025 0.208017 0.005364 0.003494
0 0.270421 0.198559 0.005513 0.003394
0 0.568268 0.676941 0.006994 0.003366
0 0.286747 0.806231 0.006772 0.003331
0 0.648712 0.931445 0.018698 0.006993
0 0.667844 0.931520 0.014415 0.007042
0 0.675801 0.939744 0.003099 0.002514