0 0.293783 0.465060 0.016083 0.006676
0 0.364343 0.460906 0.009000 0.007024
0 0.446391 0.439239 0.016938 0.007013
0 0.282171 0.521769 0.016227 0.006468
0 0.414967 0.657509 0.011107 0.006842
0 0.426570 0.360486 0.011238 0.007295
0 0.274229 0.657510 0.015876 0.006343
0 0.343063 0.559590 0.008924 0.006813
0 0.539088 0.582020 0.008706 0.006816
0 0.616680 0.581936 0.008994 0.006813
0 0.527145 0.433280 0.008912 0.006844
0 0.587915 0.459153 0.011213 0.006511
0 0.632939 0.496588 0.008688 0.006665
0 0.448774 0.559520 0.010724 0.007164
0 0.521459 0.861716 0.032792 0.014025
0 0.481601 0.861718 0.043288 0.015168
0 0.640035 0.368471 0.016321 0.006787
0 0.545685 0.876182 0.008891 0.006816
0 0.589563 0.225181 0.011804 0.006194
0 0.589431 0.300258 0.011802 0.006194