0 0.277471 0.561706 0.011520 0.007283
0 0.235603 0.346079 0.009758 0.006804
0 0.748700 0.400855 0.012483 0.008204
0 0.826358 0.404592 0.015760 0.008050
0 0.771821 0.482176 0.009966 0.007135
0 0.684450 0.457643 0.022701 0.007668
0 0.695310 0.572161 0.011991 0.007286
0 0.810172 0.572166 0.009728 0.007223
0 0.753369 0.572020 0.010155 0.007825
0 0.819597 0.492869 0.009972 0.007397
0 0.219348 0.380725 0.012062 0.007186
0 0.164697 0.403674 0.016330 0.008244
0 0.216063 0.481256 0.009962 0.007101
0 0.285442 0.430017 0.009599 0.007320
0 0.288175 0.353136 0.009881 0.007269
0 0.203892 0.546974 0.009512 0.007705
0 0.735414 0.342962 0.020248 0.007052
0 0.686126 0.369011 0.009792 0.007805
0 0.271024 0.802910 0.033100 0.012491
0 0.750049 0.803187 0.033045 0.012212
0 0.784026 0.802680 0.024279 0.012486
0 0.304952 0.802759 0.025542 0.011961
0 0.311067 0.500097 0.022783 0.007731
0 0.350629 0.580658 0.019988 0.007509