0 0.159764 0.582042 0.011832 0.004500
0 0.180023 0.504926 0.005559 0.004614
0 0.276109 0.422518 0.006093 0.004517
0 0.392858 0.413383 0.005910 0.004434
0 0.217173 0.359702 0.011840 0.004625
0 0.344746 0.420131 0.005668 0.004560
0 0.600406 0.450251 0.012676 0.004970
0 0.595807 0.402093 0.006327 0.005093
0 0.709211 0.482254 0.006289 0.004639
0 0.708318 0.542385 0.009744 0.004873
0 0.872656 0.428222 0.009071 0.004942
0 0.812648 0.520326 0.006000 0.005036
0 0.924115 0.535812 0.005805 0.005064
0 0.929714 0.469034 0.006420 0.004987
0 0.547105 0.479535 0.009744 0.004873
0 0.763052 0.388096 0.012386 0.005255
0 0.686109 0.444553 0.009071 0.004944
0 0.626312 0.443746 0.006422 0.004990
0 0.910402 0.432068 0.006023 0.004865
0 0.875694 0.535759 0.005803 0.005061
0 0.811541 0.391761 0.006154 0.005090
0 0.819292 0.448421 0.006289 0.005107
0 0.433607 0.346237 0.012811 0.004756
0 0.939306 0.375968 0.012688 0.004942
0 0.323843 0.738806 0.004971 0.003984
0 0.310645 0.731265 0.015462 0.007803
0 0.290793 0.731190 0.019825 0.007811
0 0.795323 0.745238 0.004969 0.003984
0 0.762246 0.737536 0.019825 0.007811
0 0.781940 0.737603 0.015462 0.007803
0 0.680167 0.402451 0.012384 0.005255
0 0.635498 0.391741 0.012837 0.005107
0 0.415832 0.459439 0.005914 0.004503
0 0.161537 0.380804 0.012271 0.004463
0 0.734617 0.436730 0.006087 0.005463
0 0.606856 0.522556 0.006095 0.005329
0 0.193712 0.420752 0.005853 0.004565
0 0.270187 0.504801 0.005674 0.004813
0 0.360767 0.470209 0.006321 0.004711
0 0.197962 0.582412 0.008940 0.004950
0 0.349650 0.525095 0.005688 0.004993
0 0.409925 0.525221 0.005827 0.004902
0 0.167572 0.428273 0.012388 0.004964
0 0.269217 0.362610 0.006091 0.004845