0 0.355345 0.680975 0.008170 0.003500
0 0.350206 0.746837 0.005674 0.003351
0 0.682862 0.779088 0.005571 0.003203
0 0.662694 0.730446 0.005561 0.003320
0 0.606618 0.718179 0.010544 0.003414
0 0.759139 0.278736 0.005337 0.003354
0 0.751324 0.311929 0.005384 0.003363
0 0.785274 0.388782 0.009653 0.003326
0 0.637644 0.167327 0.009545 0.003363
0 0.567844 0.246964 0.005545 0.003280
0 0.569374 0.321810 0.005329 0.003403
0 0.796120 0.297307 0.006962 0.003414
0 0.683420 0.362927 0.006849 0.003311
0 0.683893 0.315868 0.005372 0.003254
0 0.682056 0.207277 0.006962 0.003240
0 0.376846 0.265376 0.005390 0.003178
0 0.212721 0.203671 0.005624 0.003266
0 0.261944 0.280191 0.005436 0.003277
0 0.169808 0.186926 0.007921 0.003502
0 0.208694 0.280160 0.005525 0.003465
0 0.254071 0.238474 0.005499 0.003366
0 0.274844 0.196401 0.005444 0.003294
0 0.322404 0.318589 0.006855 0.003403
0 0.323722 0.200896 0.010530 0.003406
0 0.248677 0.118005 0.009581 0.003368
0 0.408700 0.259444 0.007004 0.003403
0 0.382696 0.240474 0.005352 0.003195
0 0.391092 0.109815 0.009410 0.003329
0 0.322335 0.274769 0.005839 0.002904
0 0.330075 0.142847 0.006859 0.003431
0 0.650674 0.254362 0.008690 0.003309
0 0.624962 0.321797 0.005664 0.003371
0 0.606960 0.818993 0.005372 0.003343
0 0.553327 0.862840 0.006931 0.003371
0 0.696614 0.257773 0.010600 0.003320
0 0.528722 0.723136 0.009581 0.003411
0 0.567697 0.664269 0.009357 0.003403
0 0.545886 0.784649 0.005392 0.003024
0 0.728065 0.676926 0.008021 0.003531
0 0.723199 0.746828 0.005761 0.003192
0 0.719293 0.829005 0.005569 0.003545
0 0.663762 0.829017 0.005468 0.003465
0 0.309647 0.779040 0.005303 0.003152
0 0.509090 0.891489 0.009593 0.003195
0 0.172867 0.784618 0.005372 0.003343
0 0.285587 0.754201 0.008845 0.003283
0 0.194828 0.664322 0.009406 0.003411
0 0.237831 0.701707 0.006861 0.003283
0 0.240809 0.755752 0.010584 0.003326
0 0.541602 0.811775 0.005348 0.003403
0 0.526143 0.784639 0.009655 0.003465
0 0.234466 0.811241 0.005571 0.003309
0 0.153054 0.784628 0.009569 0.003391
0 0.233792 0.855289 0.006951 0.003403
0 0.136101 0.891489 0.009655 0.003149
0 0.168533 0.811661 0.005533 0.003414
0 0.155710 0.723118 0.009567 0.003425
0 0.290713 0.819775 0.005360 0.003528
0 0.346156 0.819775 0.005545 0.003528
0 0.137661 0.142603 0.005839 0.002967
0 0.580790 0.115975 0.005839 0.002967
0 0.696754 0.582561 0.005839 0.002967
0 0.323715 0.582629 0.005839 0.002967
0 0.605756 0.285365 0.005454 0.003622
0 0.285360 0.442590 0.024405 0.008464
0 0.310906 0.442761 0.019011 0.008521
0 0.800511 0.442397 0.024689 0.008464
0 0.825867 0.442610 0.019150 0.008464
0 0.800586 0.942220 0.024405 0.008464
0 0.826032 0.942306 0.018741 0.008464
0 0.427465 0.942476 0.024658 0.008464
0 0.555614 0.165413 0.008140 0.003371