0 0.228172 0.146884 0.009623 0.003445
0 0.252589 0.790801 0.010627 0.003494
0 0.306779 0.725115 0.006498 0.003323
0 0.194734 0.718256 0.005362 0.003494
0 0.331830 0.790365 0.005396 0.003494
0 0.355025 0.707874 0.005364 0.003494
0 0.270421 0.698417 0.005513 0.003394
0 0.248566 0.703524 0.005374 0.003354
0 0.227093 0.832646 0.006800 0.003354
0 0.177592 0.634443 0.009522 0.003323
0 0.177552 0.639457 0.014181 0.003326
0 0.202616 0.775523 0.006297 0.003340
0 0.208978 0.652739 0.005364 0.003494
0 0.245041 0.646703 0.009591 0.003380
0 0.177055 0.680667 0.006800 0.003351
0 0.694810 0.709198 0.006992 0.003337
0 0.619769 0.695191 0.005470 0.003508
0 0.722412 0.701525 0.005481 0.003363
0 0.733317 0.757425 0.005404 0.003508
0 0.627888 0.778320 0.005505 0.003508
0 0.720737 0.804818 0.006770 0.003337
0 0.749437 0.807954 0.014521 0.003340
0 0.748819 0.802663 0.009510 0.003354
0 0.741929 0.674260 0.009573 0.003351
0 0.699058 0.668742 0.006768 0.003337
0 0.678910 0.766446 0.006287 0.003397
0 0.665150 0.689112 0.010727 0.003480
0 0.593590 0.683351 0.005382 0.003323
0 0.598812 0.777655 0.008759 0.003340
0 0.573331 0.708773 0.006468 0.003326
0 0.566260 0.777598 0.005404 0.003511
0 0.289876 0.225439 0.006498 0.003371
0 0.177856 0.218391 0.005400 0.003537
0 0.314984 0.290711 0.005535 0.003531
0 0.185752 0.275862 0.006297 0.003346
0 0.338191 0.210312 0.005525 0.003525
0 0.253537 0.198602 0.005515 0.003394
0 0.192112 0.152898 0.005412 0.003494
0 0.671977 0.297686 0.006855 0.003357
0 0.671360 0.207347 0.005485 0.003340
0 0.602559 0.158770 0.006685 0.003423
0 0.698650 0.192434 0.009365 0.003374
0 0.675835 0.179507 0.008833 0.003340
0 0.637132 0.201312 0.010673 0.003485
0 0.210791 0.333254 0.006800 0.003351
0 0.231724 0.203695 0.005511 0.003406
0 0.160882 0.134585 0.009520 0.003323
0 0.160668 0.139600 0.014183 0.003326
0 0.235747 0.291136 0.010723 0.003497
0 0.686819 0.251878 0.005495 0.003494
0 0.697690 0.292011 0.009476 0.003366
0 0.589757 0.271639 0.005394 0.003465
0 0.575546 0.211329 0.006498 0.003366
0 0.554509 0.271646 0.005404 0.003508
0 0.602681 0.209205 0.006925 0.003363
0 0.634833 0.269565 0.006264 0.003394
0 0.545885 0.202779 0.005370 0.003329
0 0.160273 0.180819 0.006800 0.003354
0 0.667881 0.931580 0.014026 0.006791
0 0.675733 0.939590 0.003077 0.002268
0 0.275729 0.931546 0.018600 0.006791
0 0.294943 0.931508 0.014185 0.006976
0 0.302716 0.939630 0.003151 0.002303
0 0.783407 0.192414 0.009365 0.003374
0 0.771387 0.251830 0.005495 0.003494
0 0.781172 0.291902 0.009476 0.003366
0 0.697746 0.296889 0.014783 0.003366
0 0.781456 0.296884 0.014783 0.003366
0 0.275790 0.431857 0.018600 0.006791
0 0.295133 0.431924 0.014892 0.006788
0 0.302842 0.439803 0.003141 0.002468
0 0.648742 0.431663 0.018600 0.006791
0 0.667985 0.431718 0.014181 0.006788
0 0.675755 0.439772 0.003236 0.002417
0 0.648726 0.931607 0.018600 0.006788