0 0.619683 0.259386 0.006748 0.003337
0 0.630898 0.708504 0.006917 0.003363
0 0.631760 0.664047 0.006760 0.003380
0 0.700896 0.796995 0.006869 0.003326
0 0.725703 0.792023 0.009500 0.003351
0 0.725721 0.797002 0.014509 0.003289
0 0.662624 0.769571 0.006317 0.003394
0 0.665290 0.701059 0.010621 0.003508
0 0.617645 0.771653 0.005485 0.003522
0 0.727577 0.690731 0.009593 0.003394
0 0.575115 0.705925 0.005354 0.003323
0 0.705742 0.707214 0.005472 0.003343
0 0.202616 0.775523 0.006297 0.003340
0 0.208978 0.652739 0.005364 0.003494
0 0.245041 0.646703 0.009591 0.003380
0 0.177055 0.680667 0.006800 0.003351
0 0.252589 0.790801 0.010627 0.003494
0 0.306779 0.725115 0.006498 0.003323
0 0.194734 0.718256 0.005362 0.003494
0 0.331830 0.790365 0.005396 0.003494
0 0.355025 0.707874 0.005364 0.003494
0 0.270421 0.698417 0.005513 0.003394
0 0.248566 0.703524 0.005374 0.003354
0 0.227093 0.832646 0.006800 0.003354
0 0.177592 0.634443 0.009522 0.003323
0 0.177552 0.639457 0.014181 0.003326
0 0.582426 0.771639 0.005392 0.003522
0 0.703724 0.672854 0.008890 0.003354
0 0.603370 0.712183 0.006510 0.003357
0 0.714711 0.751871 0.005392 0.003537
0 0.672326 0.201265 0.005394 0.003380
0 0.228172 0.146884 0.009623 0.003445
0 0.289876 0.225439 0.006498 0.003371
0 0.177856 0.218391 0.005400 0.003537
0 0.314984 0.290711 0.005535 0.003531
0 0.160273 0.180819 0.006800 0.003354
0 0.338191 0.210312 0.005525 0.003525
0 0.253537 0.198602 0.005515 0.003394
0 0.192112 0.152898 0.005412 0.003494
0 0.745574 0.207814 0.005438 0.003272
0 0.770840 0.310959 0.006992 0.003383
0 0.605425 0.297746 0.006978 0.003357
0 0.622099 0.160211 0.006982 0.003351
0 0.770343 0.255076 0.005412 0.003494
0 0.185752 0.275862 0.006297 0.003346
0 0.231724 0.203695 0.005511 0.003406
0 0.210791 0.333254 0.006800 0.003351
0 0.160882 0.134585 0.009520 0.003323
0 0.160668 0.139600 0.014183 0.003326
0 0.235747 0.291136 0.010723 0.003497
0 0.593426 0.259987 0.009472 0.003257
0 0.603567 0.216841 0.005475 0.003508
0 0.675799 0.939729 0.003220 0.002559
0 0.648797 0.931633 0.019053 0.007410
0 0.667867 0.931889 0.014860 0.007410
0 0.275706 0.931473 0.019053 0.007410
0 0.275721 0.432115 0.019051 0.007410
0 0.650047 0.431650 0.019051 0.007410
0 0.294994 0.931516 0.014860 0.007410
0 0.294750 0.431891 0.014860 0.007407
0 0.669082 0.431884 0.014860 0.007410
0 0.302820 0.939659 0.003222 0.002556
0 0.302835 0.439980 0.003220 0.002559
0 0.681729 0.439756 0.003220 0.002556
0 0.500251 0.771516 0.005543 0.003733
0 0.492041 0.705758 0.005803 0.003759
0 0.810132 0.796750 0.014509 0.003651
0 0.810087 0.792018 0.009809 0.003596
0 0.800536 0.751795 0.005658 0.003847
0 0.810342 0.690624 0.009762 0.003705
0 0.514086 0.297545 0.007371 0.003827
0 0.502177 0.259850 0.009589 0.003753
0 0.512434 0.216758 0.005597 0.003873
0 0.514982 0.160066 0.007352 0.003836