0 0.791761 0.295835 0.014225 0.005212
0 0.718602 0.526728 0.014112 0.005295
0 0.202499 0.539930 0.014578 0.005657
0 0.347762 0.441193 0.007667 0.005657
0 0.161868 0.395138 0.011823 0.006287
0 0.258689 0.475177 0.014783 0.005326
0 0.155963 0.530104 0.007066 0.005594
0 0.150183 0.588589 0.014507 0.005369
0 0.162142 0.464960 0.014935 0.005531
0 0.702276 0.611691 0.007030 0.005241
0 0.221369 0.473347 0.008799 0.005845
0 0.306670 0.437542 0.014658 0.005748
0 0.342461 0.539305 0.007687 0.006110
0 0.772016 0.625654 0.006675 0.005335
0 0.647871 0.463611 0.011314 0.005295
0 0.764819 0.295452 0.010197 0.005335
0 0.669012 0.664061 0.014050 0.005312
0 0.729894 0.304119 0.014542 0.005241
0 0.715303 0.476748 0.008491 0.005061
0 0.774487 0.552053 0.006766 0.005115
0 0.715225 0.345449 0.014213 0.004913
0 0.770503 0.354595 0.006692 0.005184
0 0.775089 0.430785 0.006627 0.005098
0 0.246860 0.743309 0.025084 0.008846
0 0.272118 0.743064 0.018900 0.008749
0 0.716626 0.764262 0.024951 0.008763
0 0.741783 0.764262 0.018993 0.008763