0 0.744088 0.428793 0.016704 0.005429
0 0.231641 0.453498 0.016738 0.005349
0 0.821090 0.507901 0.008628 0.005024
0 0.741541 0.522092 0.008346 0.005215
0 0.668659 0.531924 0.006982 0.005215
0 0.609855 0.531941 0.006980 0.005215
0 0.639941 0.437043 0.008739 0.005024
0 0.838243 0.406726 0.015055 0.005221
0 0.691287 0.376161 0.010496 0.005204
0 0.231525 0.529427 0.008370 0.005221
0 0.331380 0.533195 0.006968 0.005278
0 0.802316 0.360935 0.014800 0.005255
0 0.806445 0.581647 0.010633 0.005204
0 0.351032 0.442947 0.008866 0.005067
0 0.178486 0.385068 0.014775 0.005224
0 0.145277 0.413511 0.015188 0.005221
0 0.175320 0.580591 0.010540 0.005201
0 0.139350 0.580920 0.014916 0.005215
0 0.280985 0.393331 0.010651 0.005278
0 0.160455 0.514134 0.008604 0.005001
0 0.901278 0.402087 0.025652 0.007851
0 0.953029 0.537032 0.025652 0.007851
0 0.304753 0.445876 0.007084 0.005244
0 0.841827 0.579849 0.014924 0.005255
0 0.170582 0.443549 0.007080 0.005207
0 0.605115 0.475050 0.007070 0.005204
0 0.805661 0.439829 0.007066 0.005204
0 0.781702 0.751006 0.006160 0.005204
0 0.752484 0.740120 0.028080 0.011012
0 0.780526 0.740202 0.021257 0.011012
0 0.282983 0.740147 0.028082 0.011009
0 0.311150 0.740085 0.021259 0.011012
0 0.312016 0.751015 0.006160 0.005204