0 0.778447 0.418179 0.010429 0.005871
0 0.650754 0.587419 0.010163 0.005856
0 0.801681 0.548212 0.006655 0.005777
0 0.600457 0.431237 0.014133 0.005819
0 0.600734 0.586438 0.008739 0.003807
0 0.723244 0.523933 0.006577 0.005757
0 0.628125 0.512774 0.006607 0.005674
0 0.860885 0.548410 0.006673 0.005671
0 0.646251 0.422783 0.013893 0.005856
0 0.869812 0.471190 0.013921 0.005936
0 0.603191 0.363970 0.013937 0.005825
0 0.836375 0.444514 0.006851 0.005608
0 0.716412 0.389724 0.015561 0.006007
0 0.659000 0.367757 0.013687 0.005779
0 0.122671 0.478263 0.010048 0.005999
0 0.246722 0.423652 0.015559 0.006005
0 0.176576 0.422783 0.013893 0.005856
0 0.236155 0.362628 0.010153 0.005779
0 0.149903 0.431204 0.013992 0.005674
0 0.133515 0.363970 0.013937 0.005825
0 0.400136 0.471190 0.013921 0.005936
0 0.391102 0.537398 0.006673 0.005671
0 0.331955 0.537419 0.006679 0.005777
0 0.366700 0.444514 0.006851 0.005608
0 0.308831 0.437021 0.010429 0.005873
0 0.131059 0.586438 0.008739 0.003807
0 0.253568 0.523933 0.006577 0.005757
0 0.259654 0.589685 0.010157 0.005839
0 0.158450 0.512774 0.006607 0.005674
0 0.264333 0.753236 0.020961 0.009117
0 0.285316 0.753202 0.015827 0.009117
0 0.733950 0.753216 0.020961 0.009117
0 0.755017 0.753302 0.015938 0.009117
0 0.757648 0.764484 0.005438 0.004973
0 0.288030 0.764447 0.005438 0.004973