0 0.346478 0.473542 0.004763 0.004355
0 0.292634 0.523411 0.005430 0.004337
0 0.339080 0.523434 0.005507 0.004337
0 0.865780 0.555975 0.010588 0.005839
0 0.810943 0.409624 0.010163 0.004383
0 0.746291 0.456952 0.011134 0.004494
0 0.693270 0.432448 0.009567 0.004326
0 0.686173 0.581583 0.005475 0.004329
0 0.821793 0.556079 0.005360 0.004280
0 0.639600 0.581596 0.005507 0.004315
0 0.699215 0.487070 0.007171 0.004463
0 0.840119 0.625091 0.014773 0.005788
0 0.731645 0.664070 0.010915 0.005802
0 0.668931 0.485920 0.005781 0.004454
0 0.750637 0.555936 0.005545 0.004258
0 0.157039 0.508467 0.005430 0.004337
0 0.317105 0.608686 0.010522 0.005893
0 0.229492 0.508433 0.005428 0.004337
0 0.141529 0.577345 0.014874 0.005805
0 0.171460 0.584540 0.010580 0.005848
0 0.173134 0.405483 0.010069 0.004320
0 0.229475 0.405590 0.011157 0.004540
0 0.143254 0.441284 0.004638 0.004357
0 0.283375 0.345138 0.009591 0.004355
0 0.280243 0.405529 0.007256 0.004412
0 0.280233 0.448897 0.007316 0.004412
0 0.312282 0.448852 0.005833 0.004355
0 0.358310 0.401386 0.008586 0.004631
0 0.259688 0.770336 0.019694 0.009228
0 0.279481 0.770493 0.015529 0.009228
0 0.729513 0.770416 0.019692 0.009228
0 0.749530 0.770299 0.015509 0.009228
0 0.833834 0.486928 0.004828 0.004657