0 0.218030 0.302686 0.008372 0.004129
0 0.189462 0.302947 0.011848 0.004144
0 0.206225 0.249902 0.006833 0.003970
0 0.262672 0.262049 0.006649 0.004149
0 0.341982 0.265040 0.005535 0.004192
0 0.357590 0.193361 0.007040 0.004021
0 0.220546 0.147392 0.011735 0.004149
0 0.211543 0.696465 0.005654 0.004232
0 0.192432 0.679684 0.012122 0.004172
0 0.214268 0.193840 0.005626 0.004135
0 0.354773 0.695945 0.007068 0.004064
0 0.189207 0.648829 0.008408 0.004195
0 0.254435 0.642323 0.008539 0.004195
0 0.260017 0.805549 0.008408 0.004195
0 0.320833 0.195688 0.005628 0.004166
0 0.186687 0.805527 0.011840 0.004300
0 0.311721 0.768896 0.005573 0.004221
0 0.594070 0.644922 0.006770 0.004058
0 0.650567 0.629936 0.011858 0.004146
0 0.635802 0.657525 0.005660 0.004243
0 0.732316 0.696760 0.005676 0.004263
0 0.557277 0.627100 0.011902 0.004209
0 0.687607 0.672244 0.007131 0.004067
0 0.555891 0.707803 0.008614 0.004206
0 0.262763 0.201741 0.013292 0.004246
0 0.635025 0.814498 0.008507 0.004209
0 0.590414 0.737204 0.006663 0.004166
0 0.578665 0.808857 0.011850 0.004172
0 0.635583 0.746785 0.013367 0.004332
0 0.681062 0.743333 0.005569 0.004215
0 0.728148 0.743361 0.005569 0.004215
0 0.203432 0.752489 0.006784 0.004021
0 0.353601 0.768909 0.005573 0.004218
0 0.259967 0.704298 0.013244 0.004349
0 0.316696 0.702679 0.005654 0.004161
0 0.259943 0.764583 0.006675 0.004206
0 0.217773 0.649952 0.011898 0.004206
0 0.194170 0.169981 0.012063 0.004146
0 0.566384 0.177952 0.012116 0.004238
0 0.634785 0.264761 0.006690 0.004203
0 0.561587 0.305648 0.011930 0.004320
0 0.578357 0.252629 0.006881 0.004095
0 0.634902 0.204478 0.013331 0.004346
0 0.590140 0.305378 0.008404 0.004195
0 0.674058 0.156679 0.008515 0.004192
0 0.592645 0.150113 0.011834 0.004209
0 0.691555 0.202821 0.005640 0.004218
0 0.586382 0.196577 0.005640 0.004178
0 0.729687 0.196083 0.007099 0.004124
0 0.729603 0.275704 0.005561 0.004272
0 0.687676 0.275712 0.005603 0.004272
0 0.301956 0.153954 0.008459 0.004192
0 0.303533 0.429279 0.021795 0.008168
0 0.325921 0.429325 0.016585 0.008168
0 0.326655 0.437799 0.004517 0.003514
0 0.676167 0.429336 0.021795 0.008401
0 0.698377 0.429330 0.016625 0.008168
0 0.699492 0.437924 0.004884 0.003890
0 0.662759 0.929313 0.021795 0.008168
0 0.686453 0.937793 0.004850 0.003867
0 0.684924 0.929225 0.016571 0.008168
0 0.289774 0.929305 0.021797 0.008168
0 0.313293 0.937689 0.004564 0.003562
0 0.312024 0.929232 0.016411 0.008170