0 0.631150 0.687275 0.010137 0.007360
0 0.558342 0.599450 0.009968 0.007486
0 0.585212 0.565871 0.014362 0.007597
0 0.467982 0.112852 0.077855 0.036816
0 0.713237 0.541103 0.009809 0.007965
0 0.663505 0.494069 0.015307 0.007933
0 0.665263 0.459304 0.021052 0.007788
0 0.557046 0.518347 0.011556 0.007742
0 0.641818 0.558193 0.023959 0.008295
0 0.425242 0.316417 0.047424 0.018837
0 0.562594 0.672566 0.009688 0.007645
0 0.718203 0.617330 0.009968 0.007249
0 0.711760 0.679510 0.011389 0.007503
0 0.728284 0.750020 0.021514 0.007246
0 0.690199 0.747831 0.015628 0.007486