0 0.699206 0.537493 0.023180 0.007238
0 0.831609 0.473379 0.020905 0.007147
0 0.362256 0.437340 0.012223 0.007258
0 0.708462 0.591469 0.011572 0.007289
0 0.755534 0.803046 0.032656 0.011770
0 0.701391 0.432255 0.009532 0.007058
0 0.844679 0.586978 0.009534 0.007058
0 0.226880 0.502556 0.009661 0.007255
0 0.287161 0.503117 0.011562 0.007261
0 0.781636 0.610586 0.009532 0.007055
0 0.185191 0.342292 0.009827 0.007258
0 0.194584 0.399601 0.009663 0.007258
0 0.349430 0.503549 0.009665 0.007258
0 0.266708 0.370507 0.023222 0.007258
0 0.320990 0.387336 0.009827 0.007261
0 0.275684 0.802950 0.032892 0.011853
0 0.309367 0.802928 0.025143 0.011830
0 0.273872 0.599215 0.015278 0.007261
0 0.372077 0.553288 0.013472 0.007392
0 0.636634 0.663483 0.020431 0.007155
0 0.789377 0.803060 0.024913 0.011765
0 0.755375 0.317003 0.009867 0.007192
0 0.810512 0.497080 0.009867 0.007192
0 0.640228 0.617144 0.020218 0.007286
0 0.780727 0.412943 0.012090 0.007015
0 0.777610 0.484237 0.020806 0.007198
0 0.701328 0.328549 0.009532 0.007058