0 0.662775 0.431997 0.012314 0.008612
0 0.369335 0.339708 0.025885 0.008606
0 0.399399 0.415847 0.011483 0.008318
0 0.647343 0.544158 0.012154 0.008766
0 0.385776 0.504255 0.012120 0.009627
0 0.487371 0.545047 0.014665 0.008218
0 0.571905 0.544007 0.011876 0.008885
0 0.370914 0.415191 0.025387 0.009002
0 0.414707 0.317868 0.024557 0.009002
0 0.560529 0.367102 0.018563 0.008999
0 0.620429 0.424800 0.014873 0.009493
0 0.514245 0.828486 0.040643 0.013951
0 0.555694 0.828345 0.030679 0.014655
0 0.463311 0.407742 0.028847 0.008808
0 0.579621 0.315238 0.024700 0.009456
0 0.668226 0.334349 0.020139 0.009410