0 0.192112 0.652756 0.005412 0.003494
0 0.253537 0.698460 0.005515 0.003394
0 0.338191 0.710170 0.005525 0.003525
0 0.185752 0.775720 0.006297 0.003346
0 0.314984 0.790569 0.005535 0.003531
0 0.177856 0.718249 0.005400 0.003537
0 0.289876 0.725296 0.006498 0.003371
0 0.228172 0.646741 0.009623 0.003445
0 0.719597 0.674303 0.006911 0.003351
0 0.559955 0.679699 0.007006 0.003349
0 0.798259 0.661951 0.006871 0.003394
0 0.810588 0.807136 0.006798 0.003386
0 0.770891 0.762220 0.005384 0.003323
0 0.763498 0.700718 0.005686 0.003311
0 0.811513 0.715879 0.005291 0.003397
0 0.835371 0.694735 0.009621 0.003337
0 0.839534 0.806981 0.009492 0.003354
0 0.839589 0.801562 0.014604 0.003340
0 0.463530 0.662525 0.007008 0.003351
0 0.469470 0.723575 0.009623 0.003337
0 0.511412 0.763450 0.005404 0.003508
0 0.599549 0.781934 0.005404 0.003508
0 0.638505 0.781917 0.005404 0.003508
0 0.464556 0.788105 0.007008 0.003351
0 0.823808 0.762714 0.005404 0.003508
0 0.559955 0.802012 0.007006 0.003351
0 0.701151 0.794912 0.007076 0.003388
0 0.839408 0.659940 0.007028 0.003351
0 0.508249 0.675702 0.005384 0.003397
0 0.645675 0.716385 0.005382 0.003394
0 0.677479 0.715051 0.005593 0.003366
0 0.235747 0.790993 0.010723 0.003497
0 0.160668 0.639457 0.014183 0.003326
0 0.160882 0.634443 0.009520 0.003323
0 0.210791 0.833112 0.006800 0.003351
0 0.231724 0.703552 0.005511 0.003406
0 0.160273 0.680677 0.006800 0.003354
0 0.196273 0.272022 0.006297 0.003337
0 0.160663 0.139648 0.014181 0.003286
0 0.160827 0.134632 0.009520 0.003360
0 0.193938 0.312960 0.006800 0.003417
0 0.336876 0.199775 0.005523 0.003522
0 0.314926 0.279225 0.005396 0.003494
0 0.188001 0.216252 0.005396 0.003494
0 0.289080 0.226294 0.006498 0.003411
0 0.239418 0.300527 0.010615 0.003511
0 0.316119 0.326143 0.006879 0.003326
0 0.226253 0.221587 0.005386 0.003351
0 0.278164 0.281607 0.006758 0.003272
0 0.253538 0.198557 0.005493 0.003394
0 0.348293 0.239179 0.006798 0.003380
0 0.159082 0.225154 0.006800 0.003354
0 0.228182 0.146867 0.009625 0.003383
0 0.193412 0.149769 0.005402 0.003494
0 0.608787 0.291136 0.010723 0.003497
0 0.533708 0.139600 0.014183 0.003326
0 0.533922 0.134585 0.009520 0.003323
0 0.275815 0.431518 0.018344 0.006780
0 0.294855 0.431714 0.013897 0.006586
0 0.302846 0.439678 0.002895 0.002457
0 0.648717 0.431832 0.018356 0.006634
0 0.667797 0.431708 0.014243 0.006552
0 0.675845 0.439980 0.003010 0.002622
0 0.654663 0.931499 0.018481 0.006754
0 0.673816 0.931399 0.014108 0.006634
0 0.681709 0.939711 0.002881 0.002596
0 0.275727 0.931683 0.018338 0.006825
0 0.294869 0.931626 0.014074 0.006483
0 0.302885 0.939775 0.002881 0.002559
0 0.583831 0.333254 0.006800 0.003351
0 0.604764 0.203695 0.005511 0.003406
0 0.533314 0.180819 0.006800 0.003354
0 0.565152 0.152898 0.005412 0.003494
0 0.626578 0.198602 0.005515 0.003394
0 0.711231 0.210312 0.005525 0.003525
0 0.558791 0.275862 0.006299 0.003346
0 0.688023 0.290711 0.005537 0.003531
0 0.550896 0.218391 0.005398 0.003537
0 0.662917 0.225439 0.006498 0.003371
0 0.601212 0.146884 0.009621 0.003445