0 0.621846 0.559340 0.020427 0.007249
0 0.755645 0.618005 0.015320 0.006956
0 0.756130 0.803123 0.032739 0.012141
0 0.789897 0.802913 0.025030 0.011784
0 0.725865 0.386274 0.023184 0.007286
0 0.204398 0.478508 0.009712 0.007990
0 0.630374 0.413103 0.020711 0.007283
0 0.672958 0.346260 0.016522 0.007286
0 0.648137 0.474729 0.009655 0.007332
0 0.802644 0.514890 0.009653 0.006953
0 0.863213 0.514967 0.009655 0.006981
0 0.874643 0.420542 0.009758 0.007332
0 0.271938 0.803026 0.032880 0.012124
0 0.211210 0.370711 0.015286 0.007015
0 0.222681 0.417320 0.020800 0.007571
0 0.205595 0.446145 0.015131 0.006947
0 0.305953 0.802728 0.024587 0.012719
0 0.634585 0.351980 0.016961 0.007289
0 0.204023 0.530105 0.009464 0.007041
0 0.243656 0.623113 0.015123 0.007731
0 0.201700 0.589920 0.009659 0.007315
0 0.338525 0.565023 0.009758 0.007588
0 0.279162 0.569783 0.012588 0.007588
0 0.335549 0.503727 0.009881 0.006941
0 0.312778 0.449850 0.011123 0.008446
0 0.374656 0.442895 0.015923 0.007124
0 0.659520 0.414014 0.009758 0.007332
0 0.839219 0.409745 0.012166 0.006799
0 0.728950 0.492290 0.011552 0.006964
0 0.633611 0.526864 0.014809 0.007246
0 0.773159 0.555479 0.014811 0.007246
0 0.258311 0.415476 0.022821 0.007452