0 0.683509 0.657479 0.005636 0.004146
0 0.638049 0.648974 0.013409 0.004429
0 0.608145 0.605714 0.008549 0.004263
0 0.574450 0.604997 0.011854 0.004283
0 0.659233 0.734548 0.005612 0.004315
0 0.693614 0.734967 0.006929 0.004275
0 0.653084 0.792506 0.012063 0.004295
0 0.605261 0.757854 0.008870 0.004320
0 0.597718 0.683290 0.006732 0.004295
0 0.573794 0.843088 0.011775 0.004295
0 0.353601 0.269051 0.005573 0.004218
0 0.203432 0.252632 0.006784 0.004021
0 0.651795 0.824772 0.005638 0.004317
0 0.567315 0.231248 0.012079 0.004172
0 0.572981 0.312001 0.006768 0.004098
0 0.565657 0.365637 0.011801 0.004172
0 0.635300 0.065611 0.008461 0.004144
0 0.636691 0.250939 0.013321 0.004346
0 0.646643 0.370597 0.008459 0.004141
0 0.588647 0.068753 0.011789 0.004192
0 0.592964 0.188011 0.006980 0.004075
0 0.646996 0.098710 0.005610 0.004158
0 0.646994 0.155949 0.005610 0.004158
0 0.597948 0.130224 0.005664 0.004203
0 0.589918 0.250675 0.005736 0.004206
0 0.637102 0.322150 0.006679 0.004192
0 0.186687 0.305670 0.011840 0.004300
0 0.311721 0.269038 0.005573 0.004221
0 0.260017 0.305691 0.008408 0.004195
0 0.254435 0.142465 0.008539 0.004195
0 0.189207 0.148971 0.008408 0.004195
0 0.354773 0.196087 0.007068 0.004064
0 0.192432 0.179826 0.012122 0.004172
0 0.211543 0.196607 0.005654 0.004232
0 0.217773 0.150094 0.011898 0.004206
0 0.259943 0.264725 0.006675 0.004206
0 0.316696 0.202821 0.005654 0.004161
0 0.572395 0.804981 0.008582 0.004366
0 0.259967 0.204440 0.013244 0.004349
0 0.258603 0.713843 0.013421 0.004317
0 0.204107 0.715463 0.005664 0.004184
0 0.358467 0.709152 0.007088 0.004095
0 0.259960 0.775987 0.006637 0.004184
0 0.261120 0.622724 0.008366 0.004178
0 0.363049 0.783802 0.005569 0.004218
0 0.321424 0.712913 0.005664 0.004235
0 0.315847 0.783830 0.005569 0.004218
0 0.196528 0.772384 0.006774 0.004050
0 0.182753 0.678799 0.011979 0.004192
0 0.180295 0.822425 0.011930 0.004218
0 0.208719 0.663906 0.011880 0.004209
0 0.206978 0.822486 0.008442 0.004221
0 0.612557 0.813814 0.006960 0.004260
0 0.721381 0.656929 0.005636 0.004146
0 0.326697 0.937504 0.005265 0.004052
0 0.786989 0.437799 0.005265 0.004055
0 0.763202 0.429159 0.022015 0.008082
0 0.785602 0.429268 0.016786 0.008082
0 0.674916 0.944426 0.022015 0.008082
0 0.696861 0.944687 0.017401 0.008085
0 0.303584 0.929270 0.022013 0.008082
0 0.325575 0.929270 0.017679 0.008082
0 0.289651 0.429225 0.022015 0.008082
0 0.312284 0.429225 0.017181 0.008082
0 0.313164 0.437643 0.005265 0.004052