0 0.632574 0.455178 0.011705 0.008349
0 0.209595 0.367476 0.011703 0.008349
0 0.220331 0.482446 0.011664 0.008979
0 0.220484 0.493991 0.012106 0.008387
0 0.440337 0.397088 0.012108 0.008475
0 0.440329 0.408840 0.011979 0.008803
0 0.419154 0.645308 0.011686 0.008723
0 0.247453 0.653609 0.011344 0.008723
0 0.557327 0.610778 0.011342 0.008723
0 0.664203 0.604866 0.011344 0.008723
0 0.309612 0.415465 0.011342 0.008723
0 0.238641 0.788560 0.017427 0.008637
0 0.510428 0.765938 0.017427 0.008637
0 0.293118 0.276733 0.017427 0.008637
0 0.417341 0.286870 0.017427 0.008637
0 0.577936 0.292702 0.012212 0.008221
0 0.570127 0.429008 0.012235 0.008951
0 0.623863 0.376033 0.011703 0.008349