0 0.274370 0.467085 0.010393 0.004946
0 0.466455 0.722574 0.028118 0.011562
0 0.438161 0.736267 0.009722 0.007015
0 0.919952 0.722604 0.007475 0.011804
0 0.259959 0.529085 0.012156 0.005194
0 0.690254 0.469548 0.003381 0.005066
0 0.876719 0.565435 0.003419 0.004923
0 0.744665 0.469568 0.010316 0.005077
0 0.649610 0.535805 0.013957 0.005009
0 0.874613 0.502077 0.008997 0.004917
0 0.739519 0.535765 0.008650 0.005077
0 0.691224 0.535857 0.009150 0.005117
0 0.739557 0.588741 0.008712 0.004946
0 0.440553 0.722825 0.008400 0.011334
0 0.917870 0.736271 0.009764 0.006927
0 0.315134 0.529028 0.012633 0.005086
0 0.272915 0.586219 0.012349 0.005100
0 0.946038 0.722561 0.028187 0.011708