0 0.459127 0.898192 0.040881 0.014161
0 0.500718 0.898163 0.031971 0.014161
0 0.244543 0.433618 0.026369 0.008416
0 0.289852 0.519018 0.025724 0.008854
0 0.286293 0.464498 0.015019 0.008262
0 0.358722 0.463917 0.011987 0.008695
0 0.565095 0.465915 0.011987 0.008695
0 0.629393 0.459615 0.025495 0.008931
0 0.629330 0.552368 0.025724 0.008572
0 0.572187 0.398596 0.026047 0.008991
0 0.392215 0.379768 0.017951 0.008404
0 0.598755 0.638726 0.025299 0.008487
0 0.548517 0.638682 0.018009 0.008700
0 0.467341 0.392281 0.028852 0.008672
0 0.573476 0.552494 0.014701 0.008378
0 0.468046 0.595866 0.014334 0.008421
0 0.377767 0.596056 0.011961 0.008983
0 0.305440 0.596022 0.012049 0.008732
0 0.404304 0.452196 0.032710 0.008319