0 0.309500 0.693659 0.016986 0.006925
0 0.309474 0.789647 0.016986 0.006925
0 0.374858 0.788931 0.007576 0.004987
0 0.411374 0.788954 0.007516 0.005016
0 0.183589 0.692890 0.011022 0.005044
0 0.246816 0.692904 0.007395 0.005016
0 0.374854 0.692890 0.007576 0.004987
0 0.411374 0.692932 0.007516 0.005016
0 0.183578 0.788934 0.011022 0.005044
0 0.246810 0.788983 0.007395 0.005016
0 0.270499 0.916842 0.035924 0.011399
0 0.312261 0.916891 0.036760 0.011302
0 0.343390 0.932370 0.008686 0.006096