0 0.658024 0.423335 0.007344 0.010724
0 0.660614 0.340637 0.024072 0.011217
0 0.579321 0.796736 0.033178 0.013501
0 0.299854 0.423084 0.007417 0.010724
0 0.301013 0.338827 0.032694 0.010641
0 0.383566 0.365138 0.016567 0.011217
0 0.546142 0.797047 0.020554 0.014954
0 0.464106 0.796591 0.054612 0.014538
0 0.517964 0.368027 0.015650 0.010906
0 0.513801 0.797214 0.031564 0.014541
0 0.551165 0.813652 0.010546 0.007645
0 0.647919 0.791720 0.023583 0.006297
0 0.669102 0.791787 0.013881 0.006448
0 0.815231 0.872667 0.043244 0.014815