0 0.747026 0.520030 0.005198 0.003709
0 0.813800 0.520030 0.004969 0.003760
0 0.931845 0.722595 0.033300 0.011879
0 0.917889 0.736261 0.009758 0.006782
0 0.240514 0.561045 0.005287 0.003646
0 0.335385 0.560981 0.005076 0.003814
0 0.452122 0.722608 0.033379 0.011927
0 0.438155 0.736253 0.009710 0.006993
0 0.265886 0.424319 0.007935 0.003637
0 0.209661 0.424333 0.007959 0.003717
0 0.205739 0.492936 0.005499 0.003854
0 0.268252 0.492829 0.005253 0.003760
0 0.335345 0.492865 0.005055 0.003740
0 0.198618 0.560965 0.007741 0.003617
0 0.674843 0.520113 0.005370 0.003646