0 0.344959 0.578774 0.016616 0.007258
0 0.239933 0.332330 0.009875 0.007426
0 0.219553 0.488988 0.009871 0.007229
0 0.281433 0.575334 0.023188 0.007258
0 0.228530 0.376435 0.012219 0.007198
0 0.285189 0.616834 0.014784 0.007255
0 0.292317 0.352105 0.009623 0.007255
0 0.211223 0.539759 0.009621 0.007255
0 0.288120 0.422052 0.009621 0.007258
0 0.325967 0.401217 0.014784 0.007258
0 0.343212 0.500335 0.014784 0.007255
0 0.269019 0.802970 0.032926 0.011842
0 0.302776 0.802982 0.024972 0.011642
0 0.172990 0.314538 0.016419 0.007623
0 0.203942 0.592205 0.014784 0.007255
0 0.826654 0.578731 0.016616 0.007258
0 0.721583 0.332088 0.009873 0.007426
0 0.701223 0.488988 0.009871 0.007229
0 0.710045 0.376435 0.012219 0.007198
0 0.782623 0.802982 0.024972 0.011642
0 0.773922 0.351988 0.009621 0.007255
0 0.654636 0.314611 0.016419 0.007625
0 0.773956 0.420114 0.009621 0.007258
0 0.692929 0.539759 0.009623 0.007255
0 0.748865 0.802970 0.032926 0.011842
0 0.772327 0.512570 0.011675 0.007255
0 0.762996 0.575334 0.023186 0.007258
0 0.290688 0.512658 0.011675 0.007255