0 0.421926 0.571931 0.011967 0.008982
0 0.435476 0.500221 0.011967 0.008982
0 0.551213 0.341739 0.017706 0.008113
0 0.496755 0.342238 0.011510 0.009111
0 0.521671 0.764714 0.017706 0.008116
0 0.433528 0.766652 0.017706 0.008116
0 0.836941 0.917054 0.031330 0.013674
0 0.798573 0.917315 0.040020 0.014886
0 0.444674 0.428207 0.015465 0.008512
0 0.602429 0.580931 0.017706 0.008116
0 0.412673 0.664329 0.011510 0.009113
0 0.529724 0.467154 0.011510 0.009113
0 0.389801 0.827623 0.023231 0.008814
0 0.520095 0.660834 0.016182 0.008207
0 0.392618 0.554497 0.022665 0.008515
0 0.828506 0.931455 0.011901 0.008116
0 0.540032 0.568994 0.026124 0.009333
0 0.402699 0.313817 0.017904 0.009111
0 0.420189 0.313817 0.013401 0.009111