0 0.386408 0.339002 0.020480 0.009350
0 0.353115 0.425557 0.016027 0.009507
0 0.296127 0.588602 0.016027 0.009507
0 0.438974 0.588491 0.015662 0.009507
0 0.564177 0.623599 0.016025 0.009507
0 0.656280 0.623787 0.016027 0.009507
0 0.456398 0.435395 0.036247 0.009712
0 0.633036 0.451230 0.016735 0.009507
0 0.685214 0.514577 0.028121 0.010356
0 0.277514 0.400570 0.028520 0.009299
0 0.209670 0.450955 0.028520 0.009835
0 0.210315 0.588569 0.029178 0.010034
0 0.208439 0.715221 0.028004 0.009461
0 0.438176 0.715030 0.020480 0.009347