0 0.789271 0.421988 0.005807 0.004226
0 0.637649 0.510379 0.005807 0.004189
0 0.707715 0.428733 0.008966 0.004357
0 0.628639 0.450781 0.005769 0.004172
0 0.656699 0.429563 0.007634 0.004226
0 0.695096 0.387377 0.008862 0.004357
0 0.743608 0.389527 0.013925 0.004280
0 0.812969 0.396701 0.012245 0.004226
0 0.733819 0.510480 0.007453 0.004374
0 0.799691 0.486788 0.005809 0.004189
0 0.680298 0.510409 0.005835 0.004249
0 0.279056 0.405808 0.013937 0.004263
0 0.238239 0.428735 0.008809 0.004446
0 0.187150 0.429772 0.007647 0.004206
0 0.344047 0.539521 0.012124 0.004412
0 0.344431 0.422220 0.012110 0.004189
0 0.319762 0.422048 0.005851 0.004203
0 0.159236 0.451195 0.005795 0.004135
0 0.332639 0.371738 0.008900 0.004355
0 0.229187 0.389456 0.008900 0.004355
0 0.261222 0.546178 0.008900 0.004355
0 0.263115 0.503708 0.007387 0.004394
0 0.330219 0.486864 0.005821 0.004209
0 0.210817 0.503628 0.005809 0.004206
0 0.168156 0.503615 0.005730 0.004209
0 0.730902 0.711308 0.027497 0.009991
0 0.759992 0.711225 0.022551 0.009991
0 0.261299 0.711633 0.027497 0.009991
0 0.291020 0.711545 0.021507 0.009991
0 0.314097 0.723343 0.006180 0.004782
0 0.783654 0.723460 0.006180 0.004782
0 0.816085 0.539387 0.012263 0.004907
0 0.784824 0.545238 0.008978 0.004639