0 0.447102 0.741906 0.016754 0.008891
0 0.278337 0.388706 0.004197 0.002942
0 0.283280 0.388729 0.004296 0.002771
0 0.185191 0.417536 0.006917 0.003783
0 0.193011 0.529068 0.005289 0.003769
0 0.238999 0.466006 0.005807 0.003746
0 0.191567 0.582882 0.006917 0.003774
0 0.311879 0.538273 0.004423 0.003791
0 0.367746 0.499005 0.002396 0.003763
0 0.291154 0.582855 0.006917 0.003777
0 0.096864 0.532851 0.006917 0.003774
0 0.101572 0.409454 0.006871 0.003720
0 0.464492 0.751569 0.005507 0.004649
0 0.266567 0.464658 0.004542 0.003746
0 0.964363 0.751576 0.005571 0.004880
0 0.904077 0.741899 0.011676 0.009350
0 0.773809 0.510218 0.005785 0.004005
0 0.310696 0.492175 0.005652 0.003786
0 0.923663 0.741899 0.022785 0.009401
0 0.946213 0.741874 0.017282 0.009256
0 0.112682 0.472491 0.004542 0.003746
0 0.255478 0.538337 0.004423 0.003794
0 0.130795 0.522781 0.004350 0.003697
0 0.424461 0.741876 0.022462 0.008831