0 0.571999 0.198136 0.009563 0.003351
0 0.331830 0.290507 0.005396 0.003494
0 0.294680 0.695073 0.010621 0.003522
0 0.360065 0.755023 0.005402 0.003508
0 0.254669 0.769500 0.005505 0.003508
0 0.375864 0.807578 0.014521 0.003209
0 0.375769 0.802521 0.009510 0.003411
0 0.376229 0.686630 0.009597 0.003406
0 0.293572 0.658213 0.006798 0.003397
0 0.305770 0.763917 0.006329 0.003394
0 0.248326 0.701623 0.005472 0.003508
0 0.197950 0.668860 0.006772 0.003329
0 0.225571 0.768861 0.008797 0.003337
0 0.193065 0.768810 0.005404 0.003508
0 0.364391 0.655654 0.006051 0.003403
0 0.650372 0.655956 0.006861 0.003311
0 0.641229 0.800150 0.006871 0.003314
0 0.628381 0.698158 0.008880 0.003354
0 0.666484 0.698508 0.010578 0.003502
0 0.717990 0.665701 0.005583 0.003480
0 0.665919 0.753569 0.006276 0.003354
0 0.707248 0.753482 0.005356 0.003500
0 0.617616 0.758586 0.005460 0.003471
0 0.582412 0.758591 0.005396 0.003485
0 0.584479 0.703843 0.006488 0.003366
0 0.603046 0.678661 0.005462 0.003289
0 0.581066 0.657223 0.009494 0.003337
0 0.580255 0.663360 0.014489 0.003237
0 0.707057 0.701968 0.005354 0.003309
0 0.728950 0.707677 0.006766 0.003329
0 0.201111 0.706214 0.006466 0.003343
0 0.286747 0.806231 0.006772 0.003331
0 0.220549 0.683351 0.005382 0.003323
0 0.321769 0.709198 0.006992 0.003337
0 0.349371 0.701525 0.005481 0.003363
0 0.194734 0.218398 0.005362 0.003494
0 0.306779 0.225258 0.006498 0.003323
0 0.252589 0.290943 0.010627 0.003494
0 0.642456 0.268578 0.006278 0.003374
0 0.208978 0.152881 0.005364 0.003494
0 0.202616 0.275665 0.006297 0.003340
0 0.671676 0.217438 0.006927 0.003334
0 0.636772 0.197070 0.010594 0.003534
0 0.669237 0.173789 0.006941 0.003292
0 0.600845 0.298416 0.006784 0.003380
0 0.576249 0.298126 0.014493 0.003337
0 0.576258 0.293024 0.009486 0.003357
0 0.177055 0.180809 0.006800 0.003351
0 0.699209 0.216711 0.006486 0.003351
0 0.245041 0.146845 0.009591 0.003380
0 0.718544 0.281587 0.005382 0.003448
0 0.683521 0.281563 0.005475 0.003514
0 0.584854 0.252881 0.005392 0.003511
0 0.589595 0.212474 0.005315 0.003380
0 0.596933 0.190892 0.008886 0.003294
0 0.725658 0.211056 0.005380 0.003377
0 0.177552 0.139600 0.014181 0.003326
0 0.177592 0.134585 0.009522 0.003323
0 0.227093 0.332789 0.006800 0.003354
0 0.248566 0.203666 0.005374 0.003354
0 0.270421 0.198559 0.005513 0.003394
0 0.355025 0.208017 0.005364 0.003494
0 0.275761 0.431577 0.018912 0.006227
0 0.294872 0.431647 0.013907 0.006936
0 0.302842 0.439820 0.002992 0.002730
0 0.648717 0.431656 0.018553 0.006879
0 0.667998 0.431508 0.013897 0.006783
0 0.675850 0.439714 0.003335 0.002950
0 0.648820 0.931523 0.018483 0.007076
0 0.667885 0.931500 0.014207 0.006540
0 0.675808 0.939644 0.003178 0.002616
0 0.275688 0.931567 0.018646 0.006800
0 0.294855 0.931485 0.014014 0.006634
0 0.302875 0.939511 0.003184 0.002864