0 0.344118 0.404466 0.016366 0.008025
0 0.213464 0.571934 0.011830 0.007084
0 0.244237 0.611294 0.015266 0.007566
0 0.271321 0.572162 0.009301 0.007124
0 0.782032 0.336525 0.009756 0.007144
0 0.834458 0.531834 0.014829 0.007403
0 0.816268 0.379743 0.014829 0.007400
0 0.710104 0.319270 0.009893 0.007326
0 0.666684 0.508969 0.020603 0.007329
0 0.671560 0.464629 0.020721 0.007229
0 0.711640 0.403885 0.012152 0.007206
0 0.214255 0.327322 0.014786 0.008156
0 0.669807 0.332148 0.016227 0.007318
0 0.789042 0.498807 0.023166 0.007283
0 0.769868 0.596579 0.011634 0.007326
0 0.682751 0.584250 0.009754 0.007144
0 0.750902 0.803033 0.032888 0.011938
0 0.694215 0.507842 0.009893 0.007326
0 0.724049 0.645529 0.014829 0.007403
0 0.836693 0.640275 0.020270 0.007198
0 0.782002 0.427825 0.009756 0.007144
0 0.270198 0.803432 0.033075 0.011933
0 0.304143 0.802560 0.024639 0.011745
0 0.202662 0.457617 0.022938 0.008221
0 0.327984 0.571779 0.009950 0.006973
0 0.337307 0.493351 0.010151 0.007563
0 0.289865 0.481765 0.010073 0.007674
0 0.266517 0.400784 0.011997 0.007497
0 0.204057 0.369069 0.009815 0.007489
0 0.253413 0.342855 0.020179 0.007506
0 0.784604 0.802886 0.025040 0.011690