0 0.682742 0.164508 0.006779 0.003230
0 0.744252 0.294048 0.004586 0.003369
0 0.576119 0.182882 0.009379 0.003375
0 0.603327 0.151173 0.009770 0.003372
0 0.598130 0.200922 0.004562 0.003281
0 0.588220 0.266103 0.005471 0.003158
0 0.751466 0.236867 0.004570 0.003284
0 0.638227 0.588512 0.004574 0.003318
0 0.637815 0.652192 0.004612 0.003352
0 0.638624 0.697654 0.006972 0.003284
0 0.700026 0.625550 0.005580 0.003227
0 0.695137 0.672668 0.004562 0.003347
0 0.701453 0.737684 0.004572 0.003213
0 0.632838 0.751388 0.010687 0.003381
0 0.598948 0.793456 0.006809 0.003355
0 0.650878 0.810811 0.005340 0.003355
0 0.603870 0.829863 0.009365 0.003312
0 0.703853 0.862108 0.006807 0.003349
0 0.730939 0.867239 0.009704 0.003321
0 0.714962 0.803194 0.005477 0.003213
0 0.726831 0.729072 0.009458 0.003384
0 0.277769 0.810832 0.005434 0.003341
0 0.271256 0.588469 0.004596 0.003352
0 0.322077 0.672644 0.004437 0.003327
0 0.274221 0.746306 0.010659 0.003369
0 0.328355 0.737662 0.004564 0.003255
0 0.326912 0.625507 0.005559 0.003284
0 0.293510 0.859527 0.006916 0.003341
0 0.357839 0.864387 0.009716 0.003341
0 0.341848 0.803207 0.005499 0.003216
0 0.353704 0.729051 0.009524 0.003312
0 0.270862 0.652171 0.004598 0.003310
0 0.271647 0.697668 0.006962 0.003312
0 0.223825 0.760063 0.006807 0.003312
0 0.230758 0.829885 0.009405 0.003355
0 0.649227 0.172360 0.010693 0.003324
0 0.717511 0.207831 0.005563 0.003198
0 0.328597 0.283529 0.004644 0.003341
0 0.225012 0.200986 0.004533 0.003295
0 0.371160 0.283515 0.004602 0.003312
0 0.202259 0.151183 0.006904 0.003381
0 0.230280 0.151202 0.009776 0.003275
0 0.284724 0.147194 0.006799 0.003401
0 0.215107 0.266099 0.005469 0.003207
0 0.202996 0.190383 0.009407 0.003355
0 0.274968 0.279685 0.005428 0.003355
0 0.196374 0.321860 0.009349 0.003315
0 0.275020 0.193097 0.010730 0.003355
0 0.291071 0.321735 0.006787 0.003367
0 0.344431 0.207838 0.005580 0.003184
0 0.378357 0.236874 0.004519 0.003355
0 0.595806 0.321755 0.006799 0.003270
0 0.648066 0.285093 0.005396 0.003310
0 0.569484 0.321954 0.009434 0.003270
0 0.701672 0.294032 0.004618 0.003344
0 0.656604 0.942724 0.020645 0.007255
0 0.677527 0.942851 0.015799 0.007252
0 0.283739 0.942698 0.020645 0.007255
0 0.283324 0.436662 0.020645 0.007252
0 0.656243 0.436596 0.020645 0.007252
0 0.304350 0.942698 0.015799 0.007255
0 0.303712 0.436718 0.015797 0.007255
0 0.676872 0.436495 0.015799 0.007255
0 0.377422 0.170497 0.006914 0.003372
0 0.750435 0.170516 0.006914 0.003369
0 0.726912 0.574480 0.006914 0.003372
0 0.353971 0.574540 0.006914 0.003372