0 0.761449 0.397698 0.008531 0.004205
0 0.190862 0.592373 0.012330 0.004188
0 0.253081 0.578193 0.006743 0.004168
0 0.312502 0.361757 0.007103 0.004125
0 0.328168 0.563290 0.006870 0.004025
0 0.348201 0.630420 0.011871 0.004170
0 0.309305 0.421475 0.005757 0.004165
0 0.234966 0.344534 0.005819 0.004113
0 0.234956 0.418597 0.005896 0.004168
0 0.348907 0.294775 0.017214 0.003472
0 0.708997 0.414508 0.013487 0.004188
0 0.343252 0.460616 0.011899 0.004151
0 0.313478 0.485057 0.005735 0.004042
0 0.203967 0.495355 0.013473 0.004205
0 0.949309 0.569463 0.005838 0.004205
0 0.190107 0.539905 0.008527 0.004170
0 0.857273 0.392322 0.017198 0.003469
0 0.656064 0.385148 0.012294 0.004151
0 0.620809 0.421968 0.011802 0.004188
0 0.652123 0.446303 0.005652 0.004208
0 0.635515 0.528016 0.006882 0.004008
0 0.610447 0.598395 0.011852 0.004133
0 0.645327 0.599316 0.008541 0.004185
0 0.716572 0.559568 0.006662 0.004170
0 0.785969 0.569552 0.005850 0.004276
0 0.842910 0.569463 0.005755 0.004170
0 0.851279 0.489314 0.005743 0.004188
0 0.810415 0.454873 0.007031 0.004045
0 0.314986 0.629923 0.008766 0.004487
0 0.958786 0.659233 0.025622 0.007303
0 0.498748 0.511112 0.025967 0.006967
0 0.553797 0.375593 0.025965 0.006967
0 0.727100 0.748995 0.025622 0.008566
0 0.752993 0.749064 0.019754 0.008566
0 0.258120 0.749212 0.025622 0.008566
0 0.284317 0.748952 0.019716 0.008566
0 0.917142 0.658599 0.025624 0.007660