0 0.609492 0.497459 0.014181 0.008951
0 0.577502 0.445566 0.023063 0.009062
0 0.500976 0.446881 0.011991 0.008700
0 0.278925 0.495228 0.022891 0.008632
0 0.449195 0.627201 0.011551 0.008817
0 0.275448 0.595486 0.011465 0.008817
0 0.346073 0.467931 0.011465 0.008817
0 0.294066 0.420228 0.022668 0.008567
0 0.299170 0.683327 0.016893 0.008649
0 0.668761 0.518290 0.022583 0.009062
0 0.651266 0.629578 0.011467 0.008817
0 0.355843 0.634957 0.023647 0.008695
0 0.557196 0.629718 0.011467 0.008817
0 0.453651 0.902233 0.040351 0.014058
0 0.493572 0.901946 0.031070 0.014055