0 0.374185 0.365867 0.006669 0.009208
0 0.636248 0.257546 0.006669 0.009208
0 0.312448 0.727017 0.016417 0.009256
0 0.367383 0.257788 0.019714 0.009282
0 0.804635 0.917426 0.017225 0.011967
0 0.671225 0.727293 0.016417 0.009256
0 0.636540 0.614695 0.006669 0.009208
0 0.662341 0.483476 0.016647 0.009210
0 0.512446 0.591063 0.016276 0.009322
0 0.376523 0.607762 0.016859 0.009173
0 0.515412 0.725911 0.019254 0.009267
0 0.474186 0.383741 0.017213 0.009210
0 0.541845 0.279145 0.017117 0.009481
0 0.844788 0.893330 0.068432 0.021038