0 0.435786 0.393230 0.023230 0.008626
0 0.535420 0.441939 0.016055 0.008752
0 0.661141 0.252915 0.017866 0.008983
0 0.657902 0.479250 0.021374 0.009176
0 0.635566 0.606414 0.010117 0.008678
0 0.545171 0.606280 0.010439 0.008524
0 0.599065 0.439957 0.010461 0.008401
0 0.301752 0.548881 0.010314 0.008775
0 0.431738 0.606355 0.010274 0.008510
0 0.334598 0.327732 0.020987 0.008829
0 0.532695 0.330553 0.021211 0.008669
0 0.276492 0.384585 0.021612 0.008720
0 0.511144 0.922965 0.009466 0.008558
0 0.506680 0.905142 0.025043 0.014052
0 0.474049 0.905473 0.032035 0.014052
0 0.273938 0.656368 0.016754 0.008034
0 0.331606 0.419014 0.021124 0.009416
0 0.338198 0.655621 0.016754 0.008877