0 0.277527 0.629936 0.011858 0.004146
0 0.262761 0.657525 0.005660 0.004243
0 0.314568 0.672244 0.007133 0.004067
0 0.182850 0.707803 0.008614 0.004206
0 0.261985 0.814498 0.008507 0.004209
0 0.217374 0.737204 0.006663 0.004166
0 0.262543 0.746785 0.013367 0.004332
0 0.308021 0.743333 0.005569 0.004215
0 0.637102 0.822008 0.006679 0.004192
0 0.589918 0.750533 0.005736 0.004206
0 0.646994 0.655806 0.005610 0.004158
0 0.592964 0.687868 0.006980 0.004075
0 0.646643 0.870455 0.008459 0.004141
0 0.565657 0.865494 0.011801 0.004172
0 0.572981 0.811858 0.006768 0.004098
0 0.567315 0.731106 0.012079 0.004172
0 0.221031 0.644922 0.006768 0.004058
0 0.184237 0.627100 0.011900 0.004209
0 0.314635 0.275712 0.005603 0.004272
0 0.356563 0.275704 0.005561 0.004272
0 0.356646 0.196083 0.007099 0.004124
0 0.213342 0.196577 0.005640 0.004178
0 0.318514 0.202821 0.005640 0.004218
0 0.574450 0.105140 0.011854 0.004283
0 0.301018 0.156679 0.008515 0.004192
0 0.217100 0.305378 0.008404 0.004195
0 0.261862 0.204478 0.013331 0.004346
0 0.651795 0.324915 0.005638 0.004317
0 0.683509 0.157622 0.005636 0.004146
0 0.605261 0.257997 0.008870 0.004320
0 0.721381 0.157072 0.005636 0.004146
0 0.612557 0.313957 0.006960 0.004260
0 0.653084 0.292649 0.012063 0.004295
0 0.693614 0.235110 0.006929 0.004275
0 0.659233 0.234691 0.005612 0.004315
0 0.674786 0.445222 0.022903 0.008558
0 0.697102 0.444962 0.016718 0.008168
0 0.303267 0.429283 0.022903 0.008558
0 0.289745 0.929516 0.022903 0.008561
0 0.763289 0.929266 0.022903 0.008558
0 0.785590 0.929014 0.016718 0.008168
0 0.312060 0.929265 0.016718 0.008168
0 0.325290 0.429246 0.016718 0.008165
0 0.326588 0.437722 0.005015 0.003839
0 0.786808 0.937794 0.005013 0.003836
0 0.313271 0.937719 0.005015 0.003839
0 0.359277 0.696582 0.005674 0.004620
0 0.205625 0.808492 0.011850 0.004902
0 0.597952 0.629856 0.005656 0.004654
0 0.646953 0.598343 0.005694 0.004608
0 0.588536 0.568454 0.012011 0.004506
0 0.636691 0.750523 0.013321 0.004893
0 0.635149 0.565375 0.008763 0.004332
0 0.355108 0.743225 0.005569 0.004488
0 0.572395 0.305124 0.008582 0.004366
0 0.573794 0.343230 0.011775 0.004295
0 0.597718 0.183433 0.006732 0.004295
0 0.219605 0.150113 0.011832 0.004209
0 0.205318 0.252629 0.006881 0.004095
0 0.188546 0.305648 0.011930 0.004320
0 0.261745 0.264761 0.006690 0.004203
0 0.193344 0.177952 0.012116 0.004238
0 0.608145 0.105856 0.008549 0.004263
0 0.638049 0.149117 0.013409 0.004429