0 0.198871 0.682376 0.009357 0.003287
0 0.223764 0.695621 0.004457 0.003290
0 0.275020 0.193097 0.010730 0.003355
0 0.274968 0.279685 0.005428 0.003355
0 0.202996 0.190383 0.009407 0.003355
0 0.215107 0.266099 0.005469 0.003207
0 0.284724 0.147194 0.006799 0.003401
0 0.230280 0.151202 0.009776 0.003275
0 0.202259 0.151183 0.006904 0.003381
0 0.371160 0.283515 0.004602 0.003312
0 0.225012 0.200986 0.004533 0.003295
0 0.328597 0.283529 0.004644 0.003341
0 0.670856 0.341782 0.006892 0.003324
0 0.604791 0.311720 0.009615 0.003498
0 0.645374 0.114917 0.004596 0.003352
0 0.724620 0.207141 0.009538 0.003352
0 0.700935 0.226581 0.004564 0.003275
0 0.697609 0.176089 0.004483 0.003290
0 0.700177 0.128649 0.005636 0.003227
0 0.645383 0.173774 0.004554 0.003312
0 0.712650 0.288726 0.005477 0.003181
0 0.652980 0.295453 0.005356 0.003341
0 0.728554 0.342038 0.009387 0.003352
0 0.600106 0.243854 0.006924 0.003324
0 0.378357 0.236874 0.004519 0.003355
0 0.344431 0.207838 0.005580 0.003184
0 0.291071 0.321735 0.006787 0.003367
0 0.196374 0.321860 0.009349 0.003315
0 0.202162 0.650721 0.006876 0.003255
0 0.571667 0.798780 0.009369 0.003255
0 0.591588 0.742794 0.005487 0.003227
0 0.655990 0.762742 0.005348 0.003381
0 0.711087 0.764732 0.004642 0.003324
0 0.756431 0.764591 0.004650 0.003327
0 0.680869 0.807265 0.006809 0.003367
0 0.752743 0.691874 0.005531 0.003241
0 0.719399 0.683505 0.004560 0.003213
0 0.746356 0.637972 0.006870 0.003338
0 0.722619 0.630084 0.009597 0.003481
0 0.637424 0.627440 0.006942 0.003341
0 0.604834 0.677962 0.004564 0.003210
0 0.650602 0.679155 0.010677 0.003327
0 0.579839 0.667670 0.009506 0.003384
0 0.310734 0.657094 0.006962 0.003332
0 0.226867 0.647196 0.009690 0.003395
0 0.210574 0.760674 0.005446 0.003224
0 0.272202 0.692366 0.010677 0.003341
0 0.349491 0.702521 0.005569 0.003184
0 0.381916 0.729875 0.004457 0.003341
0 0.375356 0.781212 0.004612 0.003341
0 0.330084 0.781477 0.004602 0.003324
0 0.274922 0.781204 0.005378 0.003298
0 0.299930 0.824413 0.006876 0.003330
0 0.190641 0.816589 0.009357 0.003281
0 0.725309 0.075536 0.006531 0.002987
0 0.793568 0.694829 0.006737 0.003158
0 0.383094 0.653026 0.006599 0.003070
0 0.483888 0.727363 0.020250 0.005365
0 0.526752 0.621685 0.020252 0.005365
0 0.102460 0.747466 0.019752 0.005468
0 0.145793 0.639766 0.020250 0.005365
0 0.434534 0.864840 0.020252 0.005365
0 0.283170 0.436616 0.019913 0.006756
0 0.303887 0.436472 0.015366 0.006753
0 0.656917 0.436561 0.019913 0.006753
0 0.677735 0.436579 0.015382 0.006756
0 0.656917 0.936529 0.019913 0.006753
0 0.677724 0.936529 0.015364 0.006753
0 0.283083 0.936594 0.019913 0.006756
0 0.303859 0.936519 0.015301 0.006756
0 0.377323 0.170456 0.006531 0.002987