0 0.296735 0.681976 0.013268 0.004312
0 0.357895 0.744808 0.006853 0.003990
0 0.294713 0.756080 0.006629 0.004141
0 0.236826 0.763887 0.005543 0.004144
0 0.638049 0.648974 0.013409 0.004429
0 0.214016 0.688529 0.006939 0.003990
0 0.651795 0.824772 0.005638 0.004317
0 0.572395 0.804981 0.008582 0.004366
0 0.573794 0.843088 0.011775 0.004295
0 0.597718 0.683290 0.006732 0.004295
0 0.605261 0.757854 0.008870 0.004320
0 0.653084 0.792506 0.012063 0.004295
0 0.190121 0.763901 0.005545 0.004144
0 0.683509 0.657479 0.005636 0.004146
0 0.721381 0.656929 0.005636 0.004146
0 0.612557 0.813814 0.006960 0.004260
0 0.659233 0.734548 0.005612 0.004315
0 0.574450 0.604997 0.011854 0.004283
0 0.608145 0.605714 0.008549 0.004263
0 0.693614 0.734967 0.006929 0.004275
0 0.186355 0.718716 0.005614 0.004135
0 0.345639 0.690742 0.005612 0.004135
0 0.254799 0.640174 0.008336 0.004132
0 0.374363 0.801954 0.011854 0.004175
0 0.346261 0.803381 0.008444 0.004135
0 0.262543 0.246928 0.013367 0.004332
0 0.308021 0.243475 0.005569 0.004215
0 0.355108 0.243504 0.005569 0.004215
0 0.184237 0.127243 0.011900 0.004209
0 0.637224 0.157633 0.005636 0.004135
0 0.733763 0.196871 0.005636 0.004155
0 0.689050 0.172334 0.007014 0.004007
0 0.636909 0.238836 0.013294 0.004317
0 0.682474 0.243427 0.005529 0.004135
0 0.558638 0.127219 0.011751 0.004166
0 0.729580 0.243438 0.005567 0.004135
0 0.557316 0.169232 0.008346 0.004175
0 0.607595 0.302144 0.008449 0.004175
0 0.580019 0.308917 0.011749 0.004121
0 0.591727 0.237321 0.006637 0.004109
0 0.595450 0.145067 0.006810 0.004007
0 0.639998 0.130097 0.011944 0.004178
0 0.221031 0.145064 0.006768 0.004058
0 0.277527 0.130078 0.011858 0.004146
0 0.262761 0.157667 0.005660 0.004243
0 0.359277 0.196902 0.005674 0.004263
0 0.314568 0.172387 0.007133 0.004067
0 0.182850 0.207945 0.008614 0.004206
0 0.261985 0.314641 0.008507 0.004209
0 0.217374 0.237347 0.006663 0.004166
0 0.205625 0.309000 0.011850 0.004172
0 0.342983 0.628081 0.011753 0.004175
0 0.371517 0.664168 0.011956 0.004711
0 0.289784 0.429337 0.022728 0.008695
0 0.312037 0.429087 0.017514 0.008695
0 0.676294 0.429417 0.022730 0.008695
0 0.698313 0.429350 0.016633 0.008692
0 0.674848 0.944832 0.022728 0.008695
0 0.697222 0.944430 0.017483 0.008695
0 0.303484 0.929178 0.022728 0.008695
0 0.325843 0.929178 0.016982 0.008695
0 0.326621 0.937424 0.005231 0.004263
0 0.313297 0.437922 0.005229 0.004263
0 0.699622 0.437922 0.005229 0.004263
0 0.421724 0.660541 0.020546 0.005962