0 0.762098 0.569575 0.008962 0.007820
0 0.589991 0.545665 0.009263 0.007774
0 0.682643 0.403458 0.014006 0.007629
0 0.428908 0.579724 0.015043 0.007524
0 0.430287 0.486884 0.009710 0.007162
0 0.255192 0.363115 0.009768 0.007865
0 0.262293 0.437469 0.019569 0.007677
0 0.785551 0.322777 0.019589 0.007629
0 0.316474 0.347132 0.019819 0.007885
0 0.385444 0.363669 0.019121 0.008113
0 0.600251 0.434645 0.009710 0.007888
0 0.588282 0.347162 0.009500 0.007860
0 0.687334 0.569494 0.008962 0.007817
0 0.272473 0.549315 0.008964 0.007817
0 0.740923 0.409396 0.009297 0.007512
0 0.469730 0.416904 0.008962 0.007817
0 0.302291 0.427425 0.009913 0.007703
0 0.394619 0.428672 0.014006 0.007632
0 0.513415 0.341503 0.019121 0.008113
0 0.179996 0.482685 0.015043 0.007524
0 0.770740 0.466471 0.009911 0.007703
0 0.563269 0.893093 0.008303 0.006689
0 0.512105 0.881442 0.031624 0.012551
0 0.542512 0.881371 0.024789 0.012551