0 0.725240 0.365529 0.018476 0.007397
0 0.690306 0.441100 0.012140 0.007144
0 0.767538 0.343954 0.022920 0.007189
0 0.651862 0.478506 0.009835 0.007235
0 0.643333 0.601551 0.013519 0.007452
0 0.737832 0.653639 0.015187 0.007323
0 0.831233 0.328097 0.020794 0.007295
0 0.795988 0.549411 0.009601 0.007255
0 0.830201 0.451290 0.009603 0.007255
0 0.733326 0.537215 0.011522 0.007258
0 0.661600 0.546107 0.009601 0.007255
0 0.244584 0.376924 0.023279 0.007446
0 0.309885 0.802996 0.024970 0.011819
0 0.244679 0.485205 0.011719 0.007338
0 0.264451 0.593940 0.015302 0.007377
0 0.392168 0.528954 0.013507 0.007275
0 0.314478 0.480840 0.009609 0.007261
0 0.276108 0.802908 0.032950 0.011916
0 0.370483 0.450430 0.009643 0.007355
0 0.166036 0.397138 0.009879 0.007263
0 0.345421 0.397855 0.009879 0.007261
0 0.174752 0.461864 0.009637 0.007263
0 0.315708 0.396608 0.012291 0.007138
0 0.726598 0.400523 0.015091 0.007238
0 0.829900 0.370121 0.009837 0.007238