0 0.784077 0.449959 0.010125 0.005868
0 0.828818 0.446151 0.006877 0.005714
0 0.863941 0.478993 0.013915 0.006027
0 0.673494 0.336724 0.013907 0.005617
0 0.678002 0.394860 0.013647 0.005537
0 0.840457 0.328796 0.011743 0.005708
0 0.731533 0.399476 0.015551 0.006007
0 0.649826 0.449216 0.013776 0.005899
0 0.630580 0.517226 0.006577 0.005720
0 0.791662 0.559687 0.006577 0.005722
0 0.850598 0.559644 0.006577 0.005722
0 0.723630 0.533166 0.006655 0.005848
0 0.653999 0.591676 0.010185 0.005768
0 0.339850 0.480346 0.014127 0.006352
0 0.298418 0.412100 0.007165 0.006099
0 0.272524 0.330631 0.007167 0.006096
0 0.179454 0.675201 0.008833 0.004092
0 0.220663 0.674612 0.010993 0.006404
0 0.284479 0.630606 0.007097 0.006347
0 0.214948 0.423346 0.006933 0.006042
0 0.216626 0.487368 0.014243 0.006398
0 0.197585 0.602736 0.007167 0.006099
0 0.347537 0.604664 0.014082 0.006386
0 0.151790 0.358106 0.012192 0.006386
0 0.301037 0.533562 0.015722 0.006270
0 0.291100 0.480952 0.010897 0.006828
0 0.737587 0.753551 0.021783 0.009627
0 0.758759 0.753229 0.015708 0.009627
0 0.761373 0.764149 0.005644 0.004731
0 0.440699 0.744977 0.021781 0.009624
0 0.462001 0.745266 0.015708 0.009627
0 0.464801 0.756860 0.005644 0.004731
0 0.211522 0.531469 0.014243 0.006398
0 0.174676 0.520514 0.014243 0.006398
0 0.610934 0.592397 0.009484 0.004035