0 0.163910 0.553108 0.005571 0.004449
0 0.178246 0.629099 0.010685 0.005865
0 0.237687 0.553150 0.005573 0.004449
0 0.238131 0.406131 0.011016 0.004620
0 0.152099 0.477843 0.004733 0.004412
0 0.165635 0.403859 0.010064 0.004377
0 0.355880 0.514793 0.004731 0.004412
0 0.148291 0.622180 0.014838 0.005808
0 0.291875 0.432605 0.007312 0.004400
0 0.345905 0.572288 0.005378 0.004400
0 0.299354 0.572182 0.005571 0.004449
0 0.327701 0.473699 0.005827 0.004406
0 0.866956 0.506935 0.011221 0.006523
0 0.700666 0.405457 0.007856 0.004964
0 0.834064 0.441300 0.004739 0.004645
0 0.650449 0.610289 0.011888 0.006438
0 0.639671 0.530818 0.006204 0.004782
0 0.698366 0.344658 0.010574 0.004882
0 0.669390 0.448058 0.006381 0.004830
0 0.751913 0.405597 0.012031 0.005654
0 0.631044 0.473591 0.004739 0.004645
0 0.810176 0.584249 0.011221 0.006526
0 0.821800 0.508363 0.006204 0.004785
0 0.811304 0.391858 0.010683 0.004816
0 0.686159 0.530868 0.006204 0.004785
0 0.840101 0.577102 0.015092 0.006703
0 0.700874 0.448943 0.007858 0.004964
0 0.752098 0.508595 0.006113 0.005004
0 0.295630 0.378963 0.009599 0.004412
0 0.576168 0.352200 0.009111 0.005078
0 0.729490 0.770291 0.019722 0.009222
0 0.749450 0.770121 0.015269 0.008661
0 0.226043 0.669538 0.008970 0.006207
0 0.240218 0.770212 0.015176 0.009373
0 0.259866 0.770352 0.019615 0.009094
0 0.279878 0.770164 0.015110 0.008906