0 0.700334 0.595643 0.010711 0.005301
0 0.644168 0.498327 0.008388 0.005244
0 0.629375 0.588542 0.014918 0.005252
0 0.701038 0.510389 0.016829 0.005452
0 0.176081 0.385133 0.014878 0.005284
0 0.817582 0.506079 0.007012 0.005306
0 0.602447 0.359699 0.014985 0.005298
0 0.168172 0.443611 0.007157 0.005278
0 0.140090 0.383693 0.010681 0.005266
0 0.221977 0.376332 0.010594 0.005266
0 0.229301 0.580979 0.010570 0.005269
0 0.758297 0.506043 0.007012 0.005304
0 0.325890 0.533236 0.007012 0.005304
0 0.300675 0.451637 0.007173 0.005349
0 0.144187 0.422647 0.015144 0.005284
0 0.158065 0.514145 0.008674 0.005133
0 0.229121 0.529453 0.008394 0.005278
0 0.229199 0.453491 0.016782 0.005500
0 0.648771 0.382139 0.008523 0.005110
0 0.719904 0.363272 0.014928 0.005221
0 0.701315 0.398007 0.007127 0.005343
0 0.822831 0.447407 0.007145 0.005369
0 0.766539 0.416540 0.008980 0.005118
0 0.600700 0.461308 0.010846 0.005295
0 0.136922 0.580938 0.015001 0.005335
0 0.735061 0.740261 0.028080 0.010832
0 0.266035 0.740332 0.028080 0.010832
0 0.294406 0.740127 0.022174 0.010730
0 0.763368 0.740033 0.022174 0.010730
0 0.764903 0.750866 0.006740 0.005323
0 0.295121 0.750852 0.006740 0.005323
0 0.348500 0.442683 0.009109 0.005685