0 0.356448 0.556966 0.012392 0.008837
0 0.327570 0.649399 0.024973 0.008498
0 0.499234 0.649253 0.018017 0.008498
0 0.458578 0.584121 0.012200 0.008498
0 0.591978 0.471904 0.012543 0.008202
0 0.333657 0.433880 0.025610 0.008849
0 0.349400 0.385872 0.025610 0.008746
0 0.367812 0.470168 0.012069 0.008538
0 0.548786 0.584168 0.011890 0.008780
0 0.619680 0.584054 0.011888 0.008780
0 0.635555 0.514816 0.012025 0.008766
0 0.436755 0.453212 0.028928 0.008698
0 0.447744 0.374873 0.018015 0.008498
0 0.521860 0.472140 0.018622 0.008584