0 0.235343 0.590020 0.005700 0.003968
0 0.660011 0.407003 0.007550 0.005607
0 0.628000 0.417591 0.016053 0.005325
0 0.620759 0.486686 0.007969 0.005704
0 0.735645 0.403248 0.007425 0.005459
0 0.709123 0.522047 0.012019 0.005564
0 0.631034 0.548865 0.011558 0.005462
0 0.232777 0.429641 0.005694 0.004316
0 0.643300 0.493908 0.014507 0.004800
0 0.803954 0.433513 0.007425 0.005459
0 0.707692 0.486880 0.007425 0.005459
0 0.684599 0.401253 0.011560 0.005419
0 0.691588 0.654952 0.011747 0.005661
0 0.187919 0.654962 0.013141 0.006052
0 0.146181 0.371461 0.011209 0.004096
0 0.168622 0.355334 0.005497 0.004282
0 0.195638 0.372563 0.011606 0.004019
0 0.222458 0.384718 0.005497 0.004042
0 0.235277 0.364048 0.005497 0.004202
0 0.273809 0.383208 0.005676 0.004193
0 0.285349 0.390634 0.005676 0.003025
0 0.316018 0.391039 0.008843 0.004125
0 0.232188 0.456314 0.005501 0.004019
0 0.207980 0.443448 0.005720 0.004068
0 0.155119 0.438368 0.006023 0.004136
0 0.156733 0.487376 0.005696 0.004125
0 0.185860 0.498811 0.005652 0.004259
0 0.213423 0.517672 0.005392 0.004022
0 0.167013 0.546224 0.005507 0.004102
0 0.229217 0.540639 0.005660 0.003917