0 0.686819 0.751736 0.005495 0.003494
0 0.228172 0.646741 0.009623 0.003445
0 0.160273 0.680677 0.006800 0.003354
0 0.545885 0.702636 0.005370 0.003329
0 0.634833 0.769423 0.006264 0.003394
0 0.602681 0.709062 0.006925 0.003363
0 0.554509 0.771503 0.005404 0.003508
0 0.575546 0.711187 0.006498 0.003366
0 0.589757 0.771496 0.005394 0.003465
0 0.235747 0.790993 0.010723 0.003497
0 0.160668 0.639457 0.014183 0.003326
0 0.160882 0.634443 0.009520 0.003323
0 0.231724 0.703552 0.005511 0.003406
0 0.210791 0.833112 0.006800 0.003351
0 0.637132 0.701170 0.010673 0.003485
0 0.675835 0.679364 0.008833 0.003340
0 0.698650 0.692291 0.009365 0.003374
0 0.602559 0.658628 0.006685 0.003423
0 0.671360 0.707204 0.005485 0.003340
0 0.671977 0.797543 0.006855 0.003357
0 0.192112 0.652756 0.005412 0.003494
0 0.253537 0.698460 0.005515 0.003394
0 0.338191 0.710170 0.005525 0.003525
0 0.185752 0.775720 0.006297 0.003346
0 0.196273 0.272022 0.006297 0.003337
0 0.160663 0.139648 0.014181 0.003286
0 0.160827 0.134632 0.009520 0.003360
0 0.193938 0.312960 0.006800 0.003417
0 0.314984 0.790569 0.005535 0.003531
0 0.177856 0.718249 0.005400 0.003537
0 0.289876 0.725296 0.006498 0.003371
0 0.336876 0.199775 0.005523 0.003522
0 0.314926 0.279225 0.005396 0.003494
0 0.188001 0.216252 0.005396 0.003494
0 0.289080 0.226294 0.006498 0.003411
0 0.239418 0.300527 0.010615 0.003511
0 0.316119 0.326143 0.006879 0.003326
0 0.278164 0.281607 0.006758 0.003272
0 0.253538 0.198557 0.005493 0.003394
0 0.348293 0.239179 0.006798 0.003380
0 0.159082 0.225154 0.006800 0.003354
0 0.228182 0.146867 0.009625 0.003383
0 0.193412 0.149769 0.005402 0.003494
0 0.759354 0.307053 0.006865 0.003380
0 0.651871 0.306201 0.006865 0.003380
0 0.662993 0.153940 0.006768 0.003383
0 0.593569 0.153805 0.006768 0.003380
0 0.756638 0.206649 0.005684 0.003323
0 0.734708 0.279942 0.007002 0.003337
0 0.594242 0.306577 0.009480 0.003197
0 0.671683 0.253391 0.005495 0.003340
0 0.665702 0.198062 0.010586 0.003511
0 0.779397 0.204501 0.005374 0.003326
0 0.615991 0.189290 0.005374 0.003323
0 0.594252 0.188173 0.009460 0.003397
0 0.770508 0.266801 0.005493 0.003508
0 0.593956 0.300816 0.014534 0.003383
0 0.603678 0.255459 0.005495 0.003497
0 0.675782 0.939564 0.003266 0.002263
0 0.648696 0.931429 0.019214 0.007646
0 0.667784 0.931566 0.014423 0.007646
0 0.275676 0.931626 0.019214 0.007646
0 0.275682 0.431498 0.019214 0.007646
0 0.649768 0.431758 0.019214 0.007649
0 0.295004 0.931555 0.014421 0.007646
0 0.294878 0.431557 0.014423 0.007646
0 0.669031 0.431689 0.014423 0.007646
0 0.302955 0.939873 0.003359 0.002613
0 0.302938 0.439833 0.003313 0.002693
0 0.681709 0.439714 0.003313 0.002693
0 0.502955 0.306278 0.009847 0.003802
0 0.502565 0.300643 0.014536 0.003844
0 0.512524 0.255379 0.005539 0.003805
0 0.502945 0.188089 0.009839 0.003873
0 0.697694 0.796657 0.014687 0.003779
0 0.781270 0.796824 0.014687 0.003782
0 0.781075 0.791646 0.009722 0.003839
0 0.771523 0.751824 0.005694 0.004075
0 0.783229 0.692182 0.009899 0.003953
0 0.697567 0.791632 0.009722 0.003839
0 0.226253 0.221587 0.005386 0.003351