0 0.144290 0.370533 0.009587 0.003534
0 0.346970 0.226348 0.005839 0.003445
0 0.345024 0.301241 0.005499 0.003673
0 0.297900 0.301180 0.005690 0.003625
0 0.174660 0.290061 0.005585 0.003691
0 0.309107 0.258200 0.005561 0.003577
0 0.289498 0.232629 0.008914 0.003708
0 0.232610 0.168458 0.006913 0.003693
0 0.242767 0.225118 0.010899 0.003625
0 0.239790 0.290078 0.005730 0.003656
0 0.239099 0.341671 0.007113 0.003748
0 0.158326 0.263595 0.009805 0.003673
0 0.562313 0.143478 0.009768 0.003554
0 0.534852 0.195449 0.009885 0.003517
0 0.547654 0.297803 0.005519 0.003767
0 0.550269 0.263582 0.005527 0.003642
0 0.531292 0.263634 0.009873 0.003642
0 0.288872 0.196861 0.007105 0.003713
0 0.177258 0.263631 0.005589 0.003602
0 0.189329 0.143470 0.010018 0.003514
0 0.161845 0.206822 0.009899 0.003682
0 0.135524 0.181552 0.007131 0.003725
0 0.372553 0.164664 0.008309 0.003520
0 0.607422 0.811093 0.005736 0.003605
0 0.663662 0.819632 0.005543 0.003813
0 0.379405 0.685539 0.008356 0.003588
0 0.613848 0.755752 0.010582 0.003326
0 0.728384 0.680975 0.008168 0.003500
0 0.723246 0.746837 0.005674 0.003351
0 0.526139 0.784413 0.009861 0.003759
0 0.606696 0.854993 0.007121 0.003665
0 0.509120 0.891193 0.010048 0.003651
0 0.541527 0.811603 0.005521 0.003696
0 0.528657 0.722985 0.009863 0.003673
0 0.612813 0.297987 0.005646 0.003457
0 0.517291 0.370489 0.009625 0.003622
0 0.715633 0.314530 0.005607 0.003770
0 0.670904 0.314521 0.005644 0.003730
0 0.719964 0.226404 0.005771 0.003448
0 0.682070 0.258146 0.005475 0.003628
0 0.661230 0.221670 0.005648 0.003739
0 0.608717 0.188364 0.010776 0.003722
0 0.557930 0.341673 0.007010 0.003688
0 0.745626 0.163038 0.008003 0.003648
0 0.545860 0.784434 0.005519 0.003659
0 0.173771 0.797730 0.005370 0.003668
0 0.161641 0.632660 0.009887 0.003708
0 0.167554 0.763366 0.005573 0.003619
0 0.288260 0.803044 0.005628 0.003887
0 0.343289 0.803074 0.005664 0.003713
0 0.142094 0.736448 0.007179 0.003588
0 0.218420 0.666482 0.007084 0.003713
0 0.302961 0.761423 0.005644 0.003628
0 0.345705 0.721847 0.005789 0.003785
0 0.308198 0.640968 0.009879 0.003331
0 0.226829 0.723987 0.010820 0.003608
0 0.230061 0.797763 0.005805 0.003505
0 0.227445 0.841520 0.007209 0.003651
0 0.275406 0.722199 0.005545 0.003765
0 0.567758 0.664262 0.009625 0.003531
0 0.610828 0.701632 0.006947 0.003434
0 0.719154 0.819604 0.005626 0.003870
0 0.682565 0.778823 0.005549 0.003585
0 0.658555 0.754054 0.008991 0.003577
0 0.398517 0.091161 0.005787 0.003520
0 0.771455 0.091073 0.005787 0.003520
0 0.404554 0.636274 0.005787 0.003520
0 0.696760 0.582760 0.005787 0.003520
0 0.800439 0.942385 0.025033 0.008817
0 0.826051 0.942439 0.019267 0.008538
0 0.310866 0.942452 0.019267 0.008535
0 0.281281 0.442367 0.019267 0.008535
0 0.654332 0.442582 0.019267 0.008538
0 0.285206 0.942306 0.025035 0.008817
0 0.255677 0.442508 0.025035 0.008817
0 0.628726 0.442571 0.025035 0.008817