0 0.548446 0.565063 0.008660 0.008096
0 0.468879 0.544892 0.009010 0.008204
0 0.382331 0.572272 0.008307 0.008084
0 0.324252 0.647557 0.018865 0.008044
0 0.466458 0.637030 0.013304 0.007868
0 0.456508 0.871867 0.035160 0.015536
0 0.493224 0.872318 0.027287 0.015399
0 0.366500 0.485174 0.008569 0.008227
0 0.568853 0.464701 0.016666 0.008084
0 0.569837 0.510175 0.008281 0.007933
0 0.527103 0.460013 0.008728 0.008064
0 0.456484 0.465971 0.020949 0.007933
0 0.383400 0.452829 0.008678 0.008087
0 0.460093 0.379289 0.013348 0.007529