0 0.293510 0.859527 0.006916 0.003341
0 0.357839 0.864387 0.009716 0.003341
0 0.341848 0.803207 0.005499 0.003216
0 0.655955 0.267881 0.005376 0.003338
0 0.270862 0.652171 0.004598 0.003310
0 0.230758 0.829885 0.009405 0.003355
0 0.327061 0.128595 0.005644 0.003278
0 0.339506 0.288689 0.005459 0.003198
0 0.329119 0.341740 0.006793 0.003327
0 0.579877 0.158702 0.009405 0.003327
0 0.650062 0.152734 0.010712 0.003295
0 0.694910 0.136103 0.006906 0.003324
0 0.722640 0.130140 0.009698 0.003341
0 0.604854 0.177968 0.004584 0.003198
0 0.719378 0.183513 0.004582 0.003196
0 0.324521 0.176032 0.004572 0.003307
0 0.271647 0.697668 0.006962 0.003312
0 0.265461 0.173747 0.004685 0.003310
0 0.265468 0.114912 0.004622 0.003267
0 0.711122 0.275954 0.004634 0.003338
0 0.599402 0.299420 0.006803 0.003338
0 0.223825 0.760063 0.006807 0.003312
0 0.752745 0.191894 0.005567 0.003173
0 0.591588 0.242794 0.005446 0.003227
0 0.229833 0.270111 0.006773 0.003312
0 0.571641 0.298723 0.009401 0.003312
0 0.353704 0.729051 0.009524 0.003312
0 0.756427 0.275684 0.004678 0.003341
0 0.355420 0.342017 0.009430 0.003310
0 0.351489 0.207125 0.009452 0.003298
0 0.327836 0.226541 0.004558 0.003213
0 0.240844 0.234721 0.010701 0.003341
0 0.230432 0.311792 0.009794 0.003327
0 0.279858 0.300527 0.005356 0.003312
0 0.638227 0.588512 0.004574 0.003318
0 0.637815 0.652192 0.004612 0.003352
0 0.638624 0.697654 0.006972 0.003284
0 0.700026 0.625550 0.005580 0.003227
0 0.695137 0.672668 0.004562 0.003347
0 0.701453 0.737684 0.004572 0.003213
0 0.632838 0.751388 0.010687 0.003381
0 0.598948 0.793456 0.006809 0.003355
0 0.650878 0.810811 0.005340 0.003355
0 0.603870 0.829863 0.009365 0.003312
0 0.703853 0.862108 0.006807 0.003349
0 0.730939 0.867239 0.009704 0.003321
0 0.714962 0.803194 0.005477 0.003213
0 0.726831 0.729072 0.009458 0.003384
0 0.277769 0.810832 0.005434 0.003341
0 0.271256 0.588469 0.004596 0.003352
0 0.322077 0.672644 0.004437 0.003327
0 0.274221 0.746306 0.010659 0.003369
0 0.656671 0.942828 0.020619 0.007332
0 0.677419 0.942822 0.016055 0.007332
0 0.283591 0.943120 0.020619 0.007335
0 0.284021 0.436460 0.020621 0.007332
0 0.656975 0.436368 0.020619 0.007332
0 0.304530 0.942876 0.016055 0.007332
0 0.304668 0.436554 0.016053 0.007332
0 0.677820 0.436460 0.016055 0.007332
0 0.483899 0.227309 0.020308 0.005872
0 0.526802 0.121810 0.020308 0.005872
0 0.352449 0.075641 0.006954 0.003404
0 0.353804 0.574418 0.006954 0.003404
0 0.726837 0.574404 0.006954 0.003404
0 0.793419 0.194735 0.006954 0.003404
0 0.328355 0.737662 0.004564 0.003255
0 0.326912 0.625507 0.005559 0.003284