0 0.606508 0.502471 0.018514 0.009515
0 0.536176 0.728304 0.018512 0.009515
0 0.618872 0.675252 0.024908 0.009758
0 0.543294 0.644513 0.012098 0.009458
0 0.556920 0.332117 0.011812 0.009256
0 0.371871 0.393884 0.023467 0.008937
0 0.428362 0.561415 0.025739 0.009216
0 0.434223 0.643522 0.011812 0.009256
0 0.556447 0.452868 0.011814 0.009259
0 0.465567 0.404400 0.012546 0.008925
0 0.477519 0.476039 0.018234 0.009438
0 0.460862 0.546442 0.012201 0.009054
0 0.489050 0.300133 0.012201 0.009199
0 0.556528 0.525321 0.028730 0.009535
0 0.469900 0.349902 0.014886 0.009096
0 0.577460 0.901635 0.046708 0.022791
0 0.514453 0.901914 0.061399 0.023076
0 0.620086 0.923553 0.010306 0.009855
0 0.412225 0.464062 0.011453 0.005941