0 0.752683 0.617802 0.015496 0.007035
0 0.631601 0.351735 0.017007 0.007688
0 0.669985 0.345895 0.016443 0.007349
0 0.656630 0.413958 0.009686 0.007232
0 0.188564 0.407738 0.016100 0.007295
0 0.305453 0.802799 0.024942 0.011631
0 0.189865 0.472707 0.009827 0.007261
0 0.722897 0.386109 0.022239 0.007235
0 0.324837 0.347597 0.020193 0.007087
0 0.331372 0.566231 0.009633 0.007412
0 0.627122 0.413227 0.020516 0.007081
0 0.220121 0.483912 0.012056 0.007078
0 0.198152 0.566207 0.009633 0.007414
0 0.331495 0.450301 0.009633 0.007414
0 0.725916 0.491913 0.011949 0.007218
0 0.860358 0.514853 0.009623 0.007124
0 0.265052 0.555854 0.011685 0.006918
0 0.871882 0.420469 0.009847 0.006850
0 0.621931 0.559438 0.020089 0.007486
0 0.790270 0.803488 0.024506 0.014205
0 0.756359 0.803225 0.032703 0.011947
0 0.645239 0.474758 0.009688 0.007041
0 0.335018 0.490182 0.009827 0.007263
0 0.799703 0.514605 0.009623 0.006941
0 0.274726 0.384126 0.023071 0.007477
0 0.835918 0.409822 0.012114 0.007460
0 0.271652 0.802929 0.032646 0.011839