0 0.360722 0.696728 0.005636 0.004155
0 0.184277 0.669089 0.008348 0.004175
0 0.185597 0.627076 0.011751 0.004166
0 0.559396 0.718716 0.005614 0.004135
0 0.718679 0.690742 0.005612 0.004135
0 0.627839 0.640174 0.008336 0.004132
0 0.719302 0.803381 0.008444 0.004135
0 0.747404 0.801954 0.011854 0.004175
0 0.716024 0.628081 0.011753 0.004175
0 0.669775 0.681976 0.013268 0.004312
0 0.730935 0.744808 0.006855 0.003990
0 0.667753 0.756080 0.006629 0.004141
0 0.609866 0.763887 0.005543 0.004144
0 0.563161 0.763901 0.005545 0.004144
0 0.744558 0.664450 0.011956 0.004146
0 0.587056 0.688529 0.006939 0.003990
0 0.356539 0.743296 0.005567 0.004135
0 0.309434 0.743284 0.005529 0.004135
0 0.263870 0.738693 0.013292 0.004317
0 0.316009 0.672192 0.007014 0.004007
0 0.264184 0.657491 0.005636 0.004135
0 0.266957 0.629954 0.011944 0.004178
0 0.222411 0.644924 0.006812 0.004007
0 0.218686 0.737179 0.006637 0.004109
0 0.206979 0.808775 0.011749 0.004121
0 0.234555 0.802002 0.008449 0.004175
0 0.221031 0.145064 0.006768 0.004058
0 0.184237 0.127243 0.011900 0.004209
0 0.355108 0.243504 0.005569 0.004215
0 0.691309 0.119624 0.008565 0.004298
0 0.623876 0.149119 0.013308 0.004406
0 0.598340 0.313960 0.006851 0.004260
0 0.669243 0.157623 0.005644 0.004178
0 0.707127 0.157063 0.005646 0.004175
0 0.679408 0.235128 0.007060 0.004249
0 0.645003 0.234705 0.005747 0.004246
0 0.637536 0.324902 0.005654 0.004303
0 0.638929 0.292652 0.012063 0.004232
0 0.559595 0.343236 0.011823 0.004278
0 0.593999 0.105858 0.008521 0.004243
0 0.560184 0.105150 0.011870 0.004258
0 0.540147 0.192784 0.008575 0.004263
0 0.591112 0.258001 0.008858 0.004289
0 0.559135 0.262690 0.008549 0.004229
0 0.583458 0.183431 0.006919 0.004155
0 0.308021 0.243475 0.005569 0.004215
0 0.262543 0.246928 0.013367 0.004332
0 0.205625 0.309000 0.011850 0.004172
0 0.217374 0.237347 0.006663 0.004166
0 0.261985 0.314641 0.008507 0.004209
0 0.182850 0.207945 0.008614 0.004206
0 0.314568 0.172387 0.007133 0.004067
0 0.359277 0.196902 0.005674 0.004263
0 0.262761 0.157667 0.005660 0.004243
0 0.277527 0.130078 0.011858 0.004146
0 0.699591 0.937653 0.004945 0.004135
0 0.676429 0.929084 0.022291 0.008347
0 0.698808 0.929115 0.016891 0.008347
0 0.303185 0.929054 0.022291 0.008344
0 0.289746 0.429399 0.022289 0.008344
0 0.661413 0.444608 0.022291 0.008344
0 0.325264 0.929296 0.016891 0.008344
0 0.312058 0.429355 0.016891 0.008347
0 0.683649 0.444681 0.016893 0.008347
0 0.326718 0.937519 0.004945 0.004135
0 0.313276 0.437989 0.004945 0.004135
0 0.794736 0.660722 0.020401 0.006056
0 0.835810 0.767804 0.020401 0.006056