0 0.744291 0.396721 0.008561 0.004221
0 0.634012 0.417278 0.008555 0.004218
0 0.668028 0.430011 0.006752 0.004166
0 0.637993 0.462512 0.008181 0.004203
0 0.816937 0.452519 0.011973 0.004206
0 0.634382 0.526478 0.006754 0.004400
0 0.678762 0.526488 0.006792 0.004380
0 0.738910 0.457449 0.013480 0.004383
0 0.318047 0.532838 0.011217 0.004292
0 0.353971 0.532578 0.006951 0.004471
0 0.738764 0.514772 0.007929 0.004238
0 0.401119 0.532948 0.006945 0.004471
0 0.801113 0.514682 0.006905 0.004417
0 0.410037 0.455732 0.006784 0.004221
0 0.179531 0.438729 0.012126 0.004258
0 0.266629 0.521955 0.007955 0.004275
0 0.383676 0.462002 0.008195 0.004255
0 0.328578 0.463510 0.006804 0.004471
0 0.177858 0.390785 0.008547 0.004221
0 0.195429 0.521837 0.006816 0.004454
0 0.179433 0.580757 0.011975 0.004255
0 0.179324 0.587206 0.018249 0.004295
0 0.332664 0.404618 0.008547 0.004221
0 0.293505 0.582904 0.008690 0.004241
0 0.259166 0.396736 0.008547 0.004221
0 0.274014 0.441359 0.013480 0.004417
0 0.206507 0.438715 0.006917 0.004258
0 0.791508 0.451798 0.006841 0.004166
0 0.696345 0.457562 0.011078 0.004203
0 0.712848 0.574858 0.008650 0.004255
0 0.814856 0.564993 0.011856 0.004144
0 0.814948 0.571319 0.018374 0.004218
0 0.063004 0.390685 0.008547 0.004221
0 0.064566 0.436540 0.012126 0.004258
0 0.081135 0.523321 0.006816 0.004454
0 0.063364 0.576818 0.011975 0.004255
0 0.063245 0.583102 0.018249 0.004295
0 0.247981 0.743042 0.023163 0.008028
0 0.271896 0.743083 0.017719 0.008270
0 0.282126 0.753354 0.003667 0.003209
0 0.751646 0.753245 0.003961 0.003440
0 0.717598 0.743074 0.023417 0.008256
0 0.741675 0.743074 0.018068 0.008256