0 0.220329 0.736989 0.006466 0.004813
0 0.575140 0.599008 0.014528 0.004349
0 0.671200 0.649275 0.007860 0.004768
0 0.727161 0.645244 0.007967 0.004537
0 0.716510 0.718659 0.006391 0.004899
0 0.761983 0.698676 0.006577 0.004990
0 0.573777 0.640088 0.010266 0.004810
0 0.602399 0.718896 0.008130 0.004967
0 0.651138 0.783045 0.010369 0.004813
0 0.372809 0.675158 0.008132 0.004987
0 0.203392 0.620467 0.014348 0.004035
0 0.206448 0.663880 0.014064 0.004540
0 0.225925 0.675420 0.007651 0.004885
0 0.696256 0.400098 0.045408 0.008695
0 0.323626 0.386381 0.047852 0.008698
0 0.323040 0.899558 0.045408 0.008698
0 0.696387 0.899600 0.045408 0.008695
0 0.700182 0.906925 0.004955 0.003933
0 0.327053 0.907370 0.004955 0.003933
0 0.330587 0.393534 0.004955 0.003933
0 0.699922 0.407102 0.004955 0.003933
0 0.230893 0.624966 0.010268 0.004768
0 0.271303 0.669374 0.018628 0.005167
0 0.686007 0.612180 0.007933 0.005107
0 0.209710 0.791620 0.010320 0.004842
0 0.240116 0.792050 0.013957 0.004614
0 0.285188 0.736978 0.008084 0.005554
0 0.341507 0.755187 0.007161 0.005118
0 0.386235 0.755386 0.006550 0.005170
0 0.394025 0.702307 0.008066 0.005041
0 0.664543 0.718745 0.018567 0.004887
0 0.650586 0.610326 0.013992 0.004916
0 0.611293 0.623529 0.006534 0.004677
0 0.384769 0.244124 0.006395 0.004742
0 0.392398 0.196887 0.007576 0.004568
0 0.671200 0.149417 0.007860 0.004768
0 0.335774 0.115705 0.014388 0.004463
0 0.573777 0.140231 0.010266 0.004810
0 0.602399 0.219038 0.008130 0.004967
0 0.651138 0.283188 0.010369 0.004813
0 0.575140 0.099151 0.014528 0.004349
0 0.664543 0.218887 0.018567 0.004887
0 0.611293 0.123672 0.006534 0.004677
0 0.650586 0.110469 0.013992 0.004916
0 0.686007 0.112323 0.007933 0.005107
0 0.370886 0.172702 0.007872 0.004412
0 0.727161 0.145386 0.007967 0.004537
0 0.761983 0.198819 0.006577 0.004990
0 0.283752 0.178903 0.018489 0.004742
0 0.236044 0.172536 0.007808 0.004685
0 0.212537 0.183598 0.014221 0.004466
0 0.225235 0.237334 0.006460 0.004602
0 0.213400 0.286329 0.010339 0.004600
0 0.243641 0.286919 0.013963 0.004571
0 0.288621 0.246928 0.007969 0.004668
0 0.339564 0.244615 0.006446 0.004631
0 0.716280 0.218591 0.006851 0.005321