0 0.225214 0.446832 0.023226 0.018235
0 0.225658 0.466813 0.022305 0.018689
0 0.311889 0.448957 0.045499 0.018005
0 0.522618 0.576080 0.023012 0.019116
0 0.409335 0.420794 0.022253 0.018418
0 0.700746 0.526784 0.021950 0.018837
0 0.304863 0.226083 0.032821 0.019236
0 0.293882 0.708981 0.032821 0.019233
0 0.388974 0.709218 0.032819 0.019233
0 0.497468 0.690439 0.032821 0.019236
0 0.309783 0.311716 0.022629 0.018575
0 0.410746 0.276326 0.022631 0.018575
0 0.262994 0.572729 0.022631 0.018572
0 0.388233 0.596655 0.022631 0.018572
0 0.478732 0.214671 0.023226 0.018235
0 0.478389 0.235466 0.023226 0.018235
0 0.522025 0.555378 0.038698 0.018743
0 0.624208 0.706365 0.032821 0.019236
0 0.771482 0.636876 0.032821 0.019236