0 0.617986 0.538344 0.007522 0.005808
0 0.639247 0.424873 0.007360 0.005523
0 0.544079 0.425378 0.014667 0.005734
0 0.538144 0.475560 0.014910 0.006429
0 0.543930 0.546895 0.007425 0.005885
0 0.784611 0.461945 0.014578 0.006033
0 0.819371 0.457860 0.014415 0.005238
0 0.856647 0.499175 0.007423 0.005885
0 0.718094 0.458165 0.008854 0.005734
0 0.847733 0.451354 0.014294 0.005882
0 0.870134 0.451127 0.014933 0.006033
0 0.145795 0.458245 0.007362 0.005523
0 0.378058 0.451354 0.014294 0.005882
0 0.763477 0.543850 0.007425 0.005882
0 0.400458 0.451127 0.014933 0.006033
0 0.217480 0.426106 0.014800 0.005908
0 0.198884 0.461855 0.014576 0.006036
0 0.074293 0.433454 0.014667 0.005734
0 0.808780 0.543783 0.007425 0.005885
0 0.248418 0.458165 0.008854 0.005734
0 0.068469 0.475560 0.014910 0.006429
0 0.073134 0.536636 0.007425 0.005885
0 0.079346 0.580584 0.011036 0.005500
0 0.314936 0.461945 0.014578 0.006033
0 0.293493 0.537958 0.007425 0.005885
0 0.338883 0.538283 0.007425 0.005885
0 0.386343 0.485955 0.007423 0.005885
0 0.158568 0.580296 0.011036 0.005500
0 0.316282 0.580465 0.011034 0.005500
0 0.387900 0.521161 0.011034 0.005503
0 0.349230 0.452266 0.011034 0.005500
0 0.151277 0.406915 0.011034 0.005503
0 0.070274 0.406291 0.011034 0.005503
0 0.144310 0.534875 0.007520 0.005805
0 0.687156 0.426106 0.014800 0.005908
0 0.668559 0.461855 0.014576 0.006036
0 0.250313 0.743233 0.025346 0.009288
0 0.275663 0.743024 0.019377 0.009137
0 0.720061 0.743333 0.025346 0.009288
0 0.745312 0.743163 0.019377 0.009137