0 0.486161 0.476028 0.012716 0.004769
0 0.486147 0.349608 0.012716 0.004769
0 0.486134 0.408288 0.012719 0.004769
0 0.218467 0.340953 0.018752 0.004977
0 0.218441 0.408852 0.018752 0.004977
0 0.218572 0.476544 0.018752 0.004977
0 0.218438 0.544421 0.018752 0.004977
0 0.292979 0.597211 0.013300 0.004977
0 0.293017 0.544436 0.013283 0.004902
0 0.292930 0.476538 0.013303 0.004977
0 0.292951 0.408807 0.013300 0.004977
0 0.292917 0.350179 0.013300 0.004941
0 0.363179 0.350175 0.026164 0.005070
0 0.363289 0.408771 0.026059 0.005070
0 0.363202 0.476552 0.026164 0.005070
0 0.363252 0.544459 0.026161 0.005070
0 0.363153 0.597198 0.026164 0.004959
0 0.414518 0.597323 0.012913 0.004789
0 0.414478 0.544569 0.012913 0.004789
0 0.414478 0.476610 0.012913 0.004789
0 0.414467 0.408979 0.013015 0.004789
0 0.414578 0.350255 0.012913 0.004789
0 0.565712 0.349681 0.013232 0.004769
0 0.565674 0.408269 0.013423 0.004860
0 0.565631 0.476191 0.013280 0.004781
0 0.565636 0.543918 0.013232 0.004769
0 0.565698 0.596707 0.013232 0.004769
0 0.486147 0.596777 0.012716 0.004769
0 0.486228 0.543926 0.012719 0.004769
0 0.162060 0.466547 0.006959 0.008827