0 0.807050 0.418616 0.013439 0.004979
0 0.793772 0.482347 0.006593 0.004870
0 0.800785 0.543333 0.010371 0.004716
0 0.324096 0.482347 0.006593 0.004870
0 0.254087 0.376986 0.009754 0.004540
0 0.331109 0.543333 0.010371 0.004716
0 0.255096 0.436958 0.016256 0.004984
0 0.155871 0.499617 0.006754 0.004517
0 0.217295 0.475085 0.009891 0.004979
0 0.164843 0.548638 0.006687 0.004788
0 0.228044 0.540673 0.007036 0.004873
0 0.337375 0.418616 0.013439 0.004979
0 0.286511 0.548665 0.006333 0.005030
0 0.285945 0.603635 0.010028 0.004716
0 0.213317 0.603963 0.009913 0.004716
0 0.190102 0.470457 0.006623 0.004711
0 0.305706 0.421328 0.006714 0.004657
0 0.337004 0.374429 0.020185 0.004611
0 0.659777 0.470457 0.006623 0.004711
0 0.625547 0.499617 0.006754 0.004517
0 0.634732 0.555199 0.006687 0.004791
0 0.697719 0.555155 0.007036 0.004873
0 0.756231 0.555077 0.006333 0.005030
0 0.686971 0.475085 0.009891 0.004979
0 0.724771 0.436958 0.016256 0.004984
0 0.723763 0.376986 0.009754 0.004540
0 0.775382 0.421328 0.006714 0.004657
0 0.777210 0.374597 0.013095 0.005135
0 0.806679 0.374429 0.020185 0.004611
0 0.700478 0.742719 0.022394 0.008093
0 0.723525 0.743061 0.016984 0.008093
0 0.230812 0.742724 0.022394 0.008093
0 0.253777 0.743095 0.016984 0.008093