0 0.672509 0.656394 0.009103 0.005588
0 0.241560 0.487237 0.008056 0.005651
0 0.193805 0.544524 0.018080 0.005759
0 0.284722 0.568054 0.016033 0.005563
0 0.260759 0.582727 0.007594 0.005614
0 0.269025 0.634926 0.007524 0.005634
0 0.690477 0.402233 0.007594 0.005571
0 0.187093 0.478173 0.007497 0.005791
0 0.202827 0.638502 0.009144 0.005600
0 0.253408 0.691094 0.011443 0.005580
0 0.186448 0.407977 0.007499 0.005591
0 0.711273 0.487220 0.008003 0.005617
0 0.154767 0.446101 0.011433 0.005614
0 0.220802 0.402256 0.007637 0.005668
0 0.294571 0.358876 0.014050 0.005794
0 0.343004 0.290215 0.014048 0.005759
0 0.738700 0.656254 0.007524 0.005617
0 0.764245 0.358866 0.014072 0.005774
0 0.812690 0.290192 0.014100 0.005714
0 0.642723 0.408024 0.007473 0.005651
0 0.642718 0.482740 0.007508 0.005600
0 0.730431 0.582717 0.007600 0.005634
0 0.754383 0.568061 0.016045 0.005617
0 0.656259 0.544516 0.018132 0.005742
0 0.622996 0.636894 0.011545 0.005597
0 0.012730 0.325596 0.010598 0.005566
0 0.012876 0.407247 0.010600 0.005563
0 0.013240 0.500683 0.010598 0.005566
0 0.012134 0.608155 0.010598 0.005566
0 0.036577 0.705061 0.010598 0.005563
0 0.005797 0.705020 0.006984 0.005862
0 0.020183 0.705114 0.018227 0.005839
0 0.328926 0.359791 0.006867 0.003816
0 0.328823 0.421294 0.006790 0.003819
0 0.482712 0.325584 0.010598 0.005566
0 0.482331 0.407384 0.010598 0.005563
0 0.482460 0.500436 0.010598 0.005563
0 0.482104 0.608175 0.010598 0.005566
0 0.475468 0.705107 0.006984 0.006087
0 0.489576 0.705151 0.018471 0.005862
0 0.506232 0.705026 0.010788 0.005566
0 0.798268 0.359781 0.006869 0.003819
0 0.798403 0.421372 0.006869 0.003816
0 0.616236 0.730447 0.015684 0.006190
0 0.616230 0.739630 0.015454 0.003899
0 0.146125 0.732790 0.015454 0.003899
0 0.932188 0.406969 0.010788 0.005566
0 0.932946 0.515154 0.010788 0.005566
0 0.941376 0.643049 0.013359 0.007717
0 0.956881 0.642881 0.013359 0.007717
0 0.970447 0.643109 0.008854 0.007717
0 0.922449 0.331781 0.011922 0.007717
0 0.423539 0.741493 0.030133 0.011114
0 0.453934 0.741567 0.022134 0.011114
0 0.847367 0.741644 0.025315 0.011114
0 0.872822 0.741530 0.019216 0.011114