0 0.598458 0.620560 0.022190 0.019849
0 0.343329 0.603335 0.021777 0.018381
0 0.305306 0.756290 0.022190 0.019849
0 0.325849 0.406960 0.022188 0.019849
0 0.539834 0.381534 0.031842 0.018512
0 0.366672 0.285083 0.031842 0.018512
0 0.252522 0.600792 0.031842 0.018512
0 0.539811 0.464294 0.022188 0.019849
0 0.404535 0.752452 0.031842 0.018512
0 0.597567 0.683213 0.031842 0.018512
0 0.422198 0.342657 0.020621 0.015758
0 0.429256 0.639105 0.020754 0.017685
0 0.422571 0.360231 0.020621 0.015758
0 0.429416 0.657184 0.020754 0.017685