0 0.273955 0.598568 0.005610 0.004158
0 0.273953 0.655806 0.005610 0.004158
0 0.224908 0.630081 0.005666 0.004203
0 0.216879 0.750533 0.005734 0.004206
0 0.264061 0.822008 0.006679 0.004192
0 0.569531 0.868025 0.011888 0.004246
0 0.580117 0.816127 0.006798 0.004041
0 0.661611 0.833785 0.006696 0.004189
0 0.320833 0.195688 0.005628 0.004166
0 0.658934 0.754895 0.013298 0.004420
0 0.594027 0.749836 0.005672 0.004226
0 0.572383 0.731074 0.012063 0.004246
0 0.599249 0.687273 0.007099 0.004109
0 0.652651 0.593431 0.005595 0.004246
0 0.648414 0.660093 0.005569 0.004243
0 0.593457 0.568433 0.011809 0.004201
0 0.688031 0.712207 0.008471 0.004198
0 0.599747 0.866207 0.008517 0.004195
0 0.599879 0.634266 0.005674 0.004218
0 0.194170 0.169981 0.012063 0.004146
0 0.566384 0.177952 0.012116 0.004238
0 0.219923 0.687868 0.006980 0.004075
0 0.561587 0.305648 0.011930 0.004320
0 0.634785 0.264761 0.006690 0.004203
0 0.578357 0.252629 0.006881 0.004095
0 0.634902 0.204478 0.013331 0.004346
0 0.590140 0.305378 0.008404 0.004195
0 0.674058 0.156679 0.008515 0.004192
0 0.592645 0.150113 0.011834 0.004209
0 0.691555 0.202821 0.005640 0.004218
0 0.586382 0.196577 0.005640 0.004178
0 0.729687 0.196083 0.007099 0.004124
0 0.729603 0.275704 0.005561 0.004272
0 0.687676 0.275712 0.005603 0.004272
0 0.214268 0.193840 0.005626 0.004135
0 0.262763 0.201741 0.013292 0.004246
0 0.215609 0.568611 0.011789 0.004192
0 0.301956 0.153954 0.008459 0.004192
0 0.218030 0.302686 0.008372 0.004129
0 0.189462 0.302947 0.011848 0.004144
0 0.206225 0.249902 0.006833 0.003970
0 0.262672 0.262049 0.006649 0.004149
0 0.341982 0.265040 0.005535 0.004192
0 0.357590 0.193361 0.007040 0.004021
0 0.220546 0.147392 0.011735 0.004149
0 0.192616 0.865494 0.011801 0.004172
0 0.194275 0.731106 0.012079 0.004172
0 0.199941 0.811858 0.006768 0.004098
0 0.262260 0.565469 0.008461 0.004144
0 0.263650 0.750797 0.013321 0.004346
0 0.273604 0.870455 0.008461 0.004141
0 0.303508 0.429265 0.021975 0.008407
0 0.325885 0.429292 0.016875 0.008353
0 0.326575 0.437726 0.004755 0.003636
0 0.699524 0.437776 0.004755 0.003634
0 0.413871 0.937593 0.004755 0.003634
0 0.800232 0.937626 0.004755 0.003636
0 0.698336 0.429223 0.016873 0.008353
0 0.412509 0.929161 0.016873 0.008353
0 0.799028 0.929152 0.016875 0.008353
0 0.676164 0.429028 0.021975 0.008407
0 0.390233 0.928914 0.021973 0.008407
0 0.776744 0.929145 0.021975 0.008407