0 0.253537 0.698460 0.005515 0.003394
0 0.338191 0.710170 0.005525 0.003525
0 0.185752 0.775720 0.006297 0.003346
0 0.314984 0.790569 0.005535 0.003531
0 0.177856 0.718249 0.005400 0.003537
0 0.289876 0.725296 0.006498 0.003371
0 0.228172 0.646741 0.009623 0.003445
0 0.235747 0.790993 0.010723 0.003497
0 0.160668 0.639457 0.014183 0.003326
0 0.160882 0.634443 0.009520 0.003323
0 0.210791 0.833112 0.006800 0.003351
0 0.231724 0.703552 0.005511 0.003406
0 0.160273 0.680677 0.006800 0.003354
0 0.582427 0.776064 0.005370 0.003539
0 0.631113 0.701584 0.008755 0.003334
0 0.615242 0.776066 0.005370 0.003520
0 0.665271 0.699347 0.010586 0.003522
0 0.662606 0.760962 0.006305 0.003400
0 0.727343 0.692781 0.009617 0.003357
0 0.606677 0.682972 0.005472 0.003346
0 0.316119 0.326143 0.006879 0.003326
0 0.275683 0.431653 0.018721 0.006720
0 0.294972 0.431711 0.014409 0.006723
0 0.302899 0.439820 0.003067 0.002548
0 0.648771 0.431537 0.018719 0.006723
0 0.667903 0.431600 0.014304 0.006848
0 0.675830 0.439763 0.003286 0.002548
0 0.648627 0.931528 0.018721 0.006720
0 0.667857 0.931422 0.014397 0.006748
0 0.675763 0.939649 0.003300 0.002605
0 0.275735 0.931736 0.018721 0.006720
0 0.294873 0.931653 0.014364 0.006720
0 0.302939 0.939722 0.003270 0.002345
0 0.631855 0.204970 0.008799 0.003340
0 0.707439 0.200392 0.005432 0.003309
0 0.196273 0.272022 0.006297 0.003337
0 0.160663 0.139648 0.014181 0.003286
0 0.160827 0.134632 0.009520 0.003360
0 0.193938 0.312960 0.006800 0.003417
0 0.336876 0.199775 0.005523 0.003522
0 0.314926 0.279225 0.005396 0.003494
0 0.188001 0.216252 0.005396 0.003494
0 0.289080 0.226294 0.006498 0.003411
0 0.239418 0.300527 0.010615 0.003511
0 0.586499 0.708391 0.006442 0.003360
0 0.707044 0.699739 0.005400 0.003326
0 0.725721 0.795175 0.014445 0.003351
0 0.725576 0.790177 0.009460 0.003408
0 0.699091 0.796650 0.006822 0.003360
0 0.714633 0.750228 0.005475 0.003517
0 0.690641 0.664182 0.006923 0.003337
0 0.192112 0.652756 0.005412 0.003494
0 0.226253 0.221587 0.005386 0.003351
0 0.278164 0.281607 0.006758 0.003272
0 0.253538 0.198557 0.005493 0.003394
0 0.348293 0.239179 0.006798 0.003380
0 0.726056 0.295321 0.014594 0.003351
0 0.665547 0.250409 0.006299 0.003366
0 0.715067 0.250338 0.005485 0.003508
0 0.582642 0.259706 0.005364 0.003494
0 0.727637 0.200963 0.009510 0.003340
0 0.585510 0.208901 0.006498 0.003337
0 0.609365 0.183086 0.005364 0.003311
0 0.582347 0.172975 0.006794 0.003351
0 0.669937 0.156646 0.006800 0.003351
0 0.617889 0.259714 0.005394 0.003480
0 0.665663 0.204880 0.010705 0.003480
0 0.159082 0.225154 0.006800 0.003354
0 0.228182 0.146867 0.009625 0.003383
0 0.193412 0.149769 0.005402 0.003494
0 0.725983 0.290296 0.009416 0.003289
0 0.644963 0.298132 0.006871 0.003383