0 0.254799 0.640174 0.008336 0.004132
0 0.346261 0.803381 0.008444 0.004135
0 0.374363 0.801954 0.011854 0.004175
0 0.342983 0.628081 0.011753 0.004175
0 0.296735 0.681976 0.013268 0.004312
0 0.357895 0.744808 0.006853 0.003990
0 0.294713 0.756080 0.006629 0.004141
0 0.236826 0.763887 0.005543 0.004144
0 0.190121 0.763901 0.005545 0.004144
0 0.214016 0.688529 0.006939 0.003990
0 0.599879 0.634266 0.005674 0.004218
0 0.371517 0.664450 0.011956 0.004146
0 0.599747 0.866207 0.008517 0.004195
0 0.688031 0.712207 0.008471 0.004198
0 0.593457 0.568433 0.011809 0.004201
0 0.648414 0.660093 0.005569 0.004243
0 0.652651 0.593431 0.005595 0.004246
0 0.599249 0.687273 0.007099 0.004109
0 0.572383 0.731074 0.012063 0.004246
0 0.594027 0.749836 0.005672 0.004226
0 0.658934 0.754895 0.013298 0.004420
0 0.661611 0.833785 0.006696 0.004189
0 0.580117 0.816127 0.006798 0.004041
0 0.186355 0.718716 0.005614 0.004135
0 0.569531 0.868025 0.011888 0.004246
0 0.320833 0.195688 0.005628 0.004166
0 0.262763 0.201741 0.013292 0.004246
0 0.301956 0.153954 0.008459 0.004192
0 0.218030 0.302686 0.008372 0.004129
0 0.189462 0.302947 0.011848 0.004144
0 0.206225 0.249902 0.006833 0.003970
0 0.262672 0.262049 0.006649 0.004149
0 0.341982 0.265040 0.005535 0.004192
0 0.357590 0.193361 0.007040 0.004021
0 0.220546 0.147392 0.011735 0.004149
0 0.194170 0.169981 0.012063 0.004146
0 0.721381 0.157072 0.005636 0.004146
0 0.612557 0.313957 0.006960 0.004260
0 0.683509 0.157622 0.005636 0.004146
0 0.638049 0.149117 0.013409 0.004429
0 0.608145 0.105856 0.008549 0.004263
0 0.574450 0.105140 0.011854 0.004283
0 0.659233 0.234691 0.005612 0.004315
0 0.693614 0.235110 0.006929 0.004275
0 0.653084 0.292649 0.012063 0.004295
0 0.605261 0.257997 0.008870 0.004320
0 0.597718 0.183433 0.006732 0.004295
0 0.573794 0.343230 0.011775 0.004295
0 0.572395 0.305124 0.008582 0.004366
0 0.651795 0.324915 0.005638 0.004317
0 0.214268 0.193840 0.005626 0.004135
0 0.345639 0.690742 0.005612 0.004135
0 0.674763 0.444994 0.022869 0.008843
0 0.697088 0.444662 0.017469 0.008846
0 0.303727 0.429305 0.022871 0.008846
0 0.325837 0.429041 0.016833 0.008723
0 0.303279 0.929353 0.022871 0.008846
0 0.325778 0.929350 0.017274 0.008840
0 0.776355 0.928978 0.022869 0.008843
0 0.799086 0.928849 0.016456 0.008846
0 0.800184 0.937533 0.005273 0.004956
0 0.326727 0.938197 0.005273 0.004956
0 0.326398 0.438195 0.005273 0.004956
0 0.421601 0.660831 0.020671 0.006523