0 0.592964 0.188011 0.006980 0.004075
0 0.646996 0.098710 0.005610 0.004158
0 0.646994 0.155949 0.005610 0.004158
0 0.597948 0.130224 0.005664 0.004203
0 0.589918 0.250675 0.005736 0.004206
0 0.637102 0.322150 0.006679 0.004192
0 0.357892 0.244357 0.006839 0.004007
0 0.374372 0.301409 0.011872 0.004175
0 0.294709 0.255648 0.006641 0.004121
0 0.236812 0.263480 0.005545 0.004189
0 0.190099 0.263463 0.005545 0.004121
0 0.215372 0.187961 0.007040 0.003964
0 0.296724 0.181361 0.013250 0.004152
0 0.369107 0.167874 0.012009 0.004155
0 0.342985 0.125970 0.011745 0.004132
0 0.371443 0.125975 0.008447 0.004175
0 0.294620 0.308659 0.008447 0.004175
0 0.299938 0.122834 0.008447 0.004175
0 0.345640 0.190305 0.005630 0.004138
0 0.188752 0.215553 0.005628 0.004141
0 0.572383 0.731074 0.012063 0.004246
0 0.594027 0.749836 0.005672 0.004226
0 0.658934 0.754895 0.013298 0.004420
0 0.661611 0.833785 0.006696 0.004189
0 0.569531 0.868025 0.011888 0.004246
0 0.580117 0.816127 0.006798 0.004041
0 0.264061 0.822008 0.006679 0.004192
0 0.216879 0.750533 0.005734 0.004206
0 0.224908 0.630081 0.005666 0.004203
0 0.273953 0.655806 0.005610 0.004158
0 0.273955 0.598568 0.005610 0.004158
0 0.219923 0.687868 0.006980 0.004075
0 0.599879 0.634266 0.005674 0.004218
0 0.599747 0.866207 0.008517 0.004195
0 0.688031 0.712207 0.008471 0.004198
0 0.593457 0.568433 0.011809 0.004201
0 0.648414 0.660093 0.005569 0.004243
0 0.652651 0.593431 0.005595 0.004246
0 0.215609 0.568611 0.011789 0.004192
0 0.273604 0.870455 0.008461 0.004141
0 0.263650 0.750797 0.013321 0.004346
0 0.262260 0.565469 0.008461 0.004144
0 0.199941 0.811858 0.006768 0.004098
0 0.194275 0.731106 0.012079 0.004172
0 0.192616 0.865494 0.011801 0.004172
0 0.599249 0.687273 0.007099 0.004109
0 0.567315 0.231248 0.012079 0.004172
0 0.572981 0.312001 0.006768 0.004098
0 0.565657 0.365637 0.011801 0.004172
0 0.635300 0.065611 0.008461 0.004144
0 0.636691 0.250939 0.013321 0.004346
0 0.646643 0.370597 0.008459 0.004141
0 0.588647 0.068753 0.011789 0.004192
0 0.421766 0.160882 0.020260 0.005680
0 0.290100 0.429350 0.021735 0.008213
0 0.312430 0.429337 0.016567 0.008216
0 0.313296 0.437707 0.004477 0.003810
0 0.763319 0.429444 0.021737 0.008213
0 0.785549 0.429467 0.016812 0.008213
0 0.786863 0.437843 0.004433 0.003824
0 0.776719 0.929278 0.021735 0.008216
0 0.799171 0.929164 0.016569 0.008216
0 0.800209 0.937612 0.004499 0.003659
0 0.390313 0.929266 0.021735 0.008216
0 0.412710 0.929201 0.016530 0.008216
0 0.413877 0.937647 0.004646 0.003816