0 0.306972 0.582845 0.012119 0.009316
0 0.419037 0.518076 0.026610 0.010086
0 0.470409 0.488769 0.015553 0.008655
0 0.507806 0.536726 0.015043 0.008173
0 0.736301 0.920291 0.049813 0.016442
0 0.785367 0.920308 0.036716 0.016442
0 0.301680 0.503017 0.018297 0.008013
0 0.497362 0.632249 0.012117 0.009316
0 0.408946 0.641197 0.016368 0.009618
0 0.543636 0.300871 0.022016 0.010351
0 0.408778 0.769725 0.017565 0.009216
0 0.322195 0.695282 0.017218 0.008694
0 0.276980 0.715489 0.024310 0.008646
0 0.651463 0.934578 0.011445 0.007298