0 0.602959 0.340194 0.020050 0.009829
0 0.491836 0.264712 0.024724 0.009196
0 0.507890 0.335681 0.014696 0.009185
0 0.431369 0.296829 0.012025 0.009176
0 0.429661 0.405309 0.028102 0.010071
0 0.583193 0.545170 0.012191 0.008543
0 0.594614 0.449088 0.012437 0.009265
0 0.536493 0.434893 0.012342 0.009399
0 0.512398 0.828968 0.040520 0.014618
0 0.553986 0.827901 0.030185 0.014387
0 0.480595 0.593580 0.018702 0.009265
0 0.513776 0.545639 0.011393 0.008729
0 0.442895 0.545359 0.014492 0.008677
0 0.443863 0.245683 0.018114 0.009991