0 0.136682 0.575513 0.020111 0.007212
0 0.276136 0.632879 0.015258 0.007258
0 0.166802 0.482972 0.009686 0.007226
0 0.329441 0.517088 0.009688 0.007226
0 0.620992 0.402848 0.020705 0.007429
0 0.147432 0.336260 0.020766 0.007292
0 0.148165 0.391183 0.020768 0.007252
0 0.180164 0.386839 0.009800 0.007286
0 0.894648 0.571735 0.020312 0.007380
0 0.743675 0.634635 0.015270 0.007292
0 0.731393 0.498191 0.011596 0.007209
0 0.803958 0.501569 0.009565 0.007141
0 0.639804 0.486847 0.009567 0.007144
0 0.866315 0.489051 0.009567 0.007144
0 0.876310 0.430448 0.009754 0.007320
0 0.650133 0.402620 0.009754 0.007320
0 0.366836 0.364956 0.012173 0.007095
0 0.625812 0.337655 0.020838 0.007238
0 0.667546 0.333806 0.020191 0.007326
0 0.796050 0.334584 0.020931 0.007263
0 0.841639 0.348104 0.012074 0.007144
0 0.794117 0.802992 0.024853 0.011582
0 0.760255 0.802923 0.032848 0.011856
0 0.722758 0.361247 0.023001 0.007614
0 0.394233 0.417745 0.009800 0.007286
0 0.281041 0.802859 0.032715 0.011938
0 0.322359 0.408133 0.015081 0.007252
0 0.259976 0.374374 0.023293 0.007346
0 0.324333 0.329580 0.021040 0.007318
0 0.380917 0.517252 0.009686 0.007229
0 0.259487 0.497648 0.011667 0.007480
0 0.314882 0.803107 0.024911 0.011944
0 0.187491 0.330403 0.020069 0.007215