0 0.980069 0.704313 0.007483 0.004356
0 0.977959 0.691906 0.044062 0.008486
0 0.480817 0.691823 0.036895 0.007551
0 0.481499 0.704369 0.007395 0.004359
0 0.461823 0.710666 0.013452 0.004746
0 0.234532 0.412107 0.008370 0.004675
0 0.183757 0.447231 0.003298 0.004723
0 0.286080 0.376870 0.010282 0.004709
0 0.165162 0.601250 0.003304 0.004969
0 0.185084 0.389742 0.007306 0.004952
0 0.195168 0.421022 0.006319 0.004877
0 0.174157 0.421234 0.006391 0.005137
0 0.282116 0.430267 0.003288 0.004746