0 0.479392 0.754391 0.049424 0.018144
0 0.529924 0.754384 0.037857 0.017993
0 0.332770 0.431662 0.012417 0.009892
0 0.340790 0.530294 0.012518 0.009607
0 0.469938 0.603532 0.018746 0.010091
0 0.506271 0.516149 0.014856 0.009949
0 0.614586 0.516314 0.013122 0.009493
0 0.640544 0.603444 0.026124 0.010063
0 0.515461 0.400413 0.029248 0.010120
0 0.588778 0.391021 0.026414 0.009715
0 0.383259 0.382794 0.012941 0.009208
0 0.420911 0.530356 0.012518 0.009607
0 0.625589 0.402463 0.012721 0.009669
0 0.534644 0.311762 0.018746 0.010091