0 0.206225 0.249902 0.006833 0.003970
0 0.262672 0.262049 0.006649 0.004149
0 0.341982 0.265040 0.005535 0.004192
0 0.357590 0.193361 0.007040 0.004021
0 0.220546 0.147392 0.011735 0.004149
0 0.217773 0.649952 0.011898 0.004206
0 0.211543 0.696465 0.005654 0.004232
0 0.192432 0.679684 0.012122 0.004172
0 0.354773 0.695945 0.007068 0.004064
0 0.189207 0.648829 0.008408 0.004195
0 0.634902 0.704336 0.013331 0.004346
0 0.260017 0.805549 0.008408 0.004195
0 0.186687 0.805527 0.011840 0.004300
0 0.311721 0.768896 0.005573 0.004221
0 0.320833 0.195688 0.005628 0.004166
0 0.687676 0.775570 0.005603 0.004272
0 0.729603 0.775561 0.005561 0.004272
0 0.729687 0.695940 0.007099 0.004124
0 0.586382 0.696435 0.005640 0.004178
0 0.254435 0.642323 0.008539 0.004195
0 0.578357 0.752486 0.006881 0.004095
0 0.561587 0.805506 0.011930 0.004320
0 0.634785 0.764618 0.006690 0.004203
0 0.566384 0.677810 0.012116 0.004238
0 0.262763 0.201741 0.013292 0.004246
0 0.592645 0.649970 0.011834 0.004209
0 0.674058 0.656536 0.008515 0.004192
0 0.590140 0.805235 0.008404 0.004195
0 0.691555 0.702679 0.005640 0.004218
0 0.203432 0.752489 0.006784 0.004021
0 0.353601 0.768909 0.005573 0.004218
0 0.259967 0.704298 0.013244 0.004349
0 0.316696 0.702679 0.005654 0.004161
0 0.259943 0.764583 0.006675 0.004206
0 0.194170 0.169981 0.012063 0.004146
0 0.566384 0.177952 0.012116 0.004238
0 0.634785 0.264761 0.006690 0.004203
0 0.561587 0.305648 0.011930 0.004320
0 0.578357 0.252629 0.006881 0.004095
0 0.634902 0.204478 0.013331 0.004346
0 0.590140 0.305378 0.008404 0.004195
0 0.674058 0.156679 0.008515 0.004192
0 0.592645 0.150113 0.011834 0.004209
0 0.691555 0.202821 0.005640 0.004218
0 0.586382 0.196577 0.005640 0.004178
0 0.729687 0.196083 0.007099 0.004124
0 0.214268 0.193840 0.005626 0.004135
0 0.729603 0.275704 0.005561 0.004272
0 0.687676 0.275712 0.005603 0.004272
0 0.301956 0.153954 0.008459 0.004192
0 0.218030 0.302686 0.008372 0.004129
0 0.189462 0.302947 0.011848 0.004144
0 0.303520 0.429360 0.021890 0.008125
0 0.326002 0.429101 0.016502 0.008125
0 0.326674 0.437915 0.004600 0.003793
0 0.676224 0.429352 0.021890 0.008125
0 0.698270 0.429352 0.016718 0.008125
0 0.699636 0.437834 0.004959 0.004013
0 0.676203 0.929272 0.021888 0.008125
0 0.698349 0.929212 0.016762 0.008125
0 0.699575 0.937749 0.004638 0.003728
0 0.289762 0.929229 0.021890 0.008125
0 0.311957 0.929156 0.016706 0.008122
0 0.313208 0.937727 0.004614 0.003599