0 0.185597 0.627076 0.011751 0.004166
0 0.184277 0.669089 0.008348 0.004175
0 0.667749 0.255648 0.006641 0.004121
0 0.355659 0.193381 0.007074 0.004055
0 0.317594 0.200264 0.005698 0.004249
0 0.193303 0.177240 0.012027 0.004198
0 0.204326 0.249912 0.006891 0.004075
0 0.260763 0.262069 0.006667 0.004195
0 0.260825 0.201736 0.013329 0.004372
0 0.212354 0.193889 0.005684 0.004192
0 0.190049 0.146300 0.008485 0.004181
0 0.255088 0.140452 0.008414 0.004181
0 0.260906 0.302992 0.008396 0.004184
0 0.747413 0.301409 0.011872 0.004175
0 0.187534 0.302960 0.011916 0.004238
0 0.218635 0.147442 0.011817 0.004198
0 0.730933 0.244357 0.006839 0.004007
0 0.337621 0.265073 0.005567 0.004212
0 0.561792 0.215553 0.005628 0.004141
0 0.718680 0.190305 0.005630 0.004138
0 0.672978 0.122834 0.008447 0.004175
0 0.667660 0.308659 0.008444 0.004175
0 0.744483 0.125975 0.008447 0.004175
0 0.716026 0.125970 0.011745 0.004132
0 0.742147 0.167874 0.012007 0.004155
0 0.588412 0.187961 0.007040 0.003964
0 0.669764 0.181361 0.013250 0.004152
0 0.563139 0.263463 0.005545 0.004121
0 0.609853 0.263480 0.005545 0.004189
0 0.234555 0.802002 0.008449 0.004175
0 0.206979 0.808775 0.011749 0.004121
0 0.218686 0.737179 0.006637 0.004109
0 0.222411 0.644924 0.006812 0.004007
0 0.266957 0.629954 0.011944 0.004178
0 0.264184 0.657491 0.005636 0.004135
0 0.360722 0.696728 0.005636 0.004155
0 0.316009 0.672192 0.007014 0.004007
0 0.263870 0.738693 0.013292 0.004317
0 0.309434 0.743284 0.005529 0.004135
0 0.356539 0.743296 0.005567 0.004135
0 0.612557 0.813814 0.006960 0.004260
0 0.683509 0.657479 0.005636 0.004146
0 0.721381 0.656929 0.005636 0.004146
0 0.638049 0.648974 0.013409 0.004429
0 0.608145 0.605714 0.008549 0.004263
0 0.574450 0.604997 0.011854 0.004283
0 0.659233 0.734548 0.005612 0.004315
0 0.693614 0.734967 0.006929 0.004275
0 0.653084 0.792506 0.012063 0.004295
0 0.605261 0.757854 0.008870 0.004320
0 0.290067 0.429416 0.022444 0.008538
0 0.312253 0.429370 0.017163 0.008538
0 0.663074 0.429290 0.022444 0.008538
0 0.685362 0.429373 0.016905 0.008538
0 0.303111 0.929176 0.022442 0.008538
0 0.325399 0.929256 0.016903 0.008538
0 0.674909 0.944924 0.022444 0.008538
0 0.697006 0.944645 0.017715 0.008538
0 0.326688 0.937623 0.005015 0.004434
0 0.313281 0.437967 0.005015 0.004437
0 0.686328 0.437903 0.005015 0.004434
0 0.794809 0.160919 0.020417 0.006461
0 0.835744 0.267645 0.020417 0.006461
0 0.597718 0.683290 0.006732 0.004295
0 0.573794 0.843088 0.011775 0.004295
0 0.572395 0.804981 0.008582 0.004366
0 0.651795 0.824772 0.005638 0.004317