0 0.410040 0.281767 0.011465 0.006811
0 0.499820 0.281579 0.017330 0.007068
0 0.557092 0.281750 0.007254 0.006925
0 0.557086 0.543086 0.007254 0.006925
0 0.557086 0.455953 0.007254 0.006925
0 0.557042 0.368683 0.007254 0.006925
0 0.499800 0.368757 0.017330 0.007068
0 0.499862 0.455663 0.017330 0.007068
0 0.499890 0.543092 0.017330 0.007068
0 0.410071 0.368760 0.011465 0.006811
0 0.410087 0.455859 0.011465 0.006811
0 0.410079 0.542818 0.011465 0.006811
0 0.500010 0.207595 0.008845 0.006925
0 0.608380 0.281795 0.006976 0.006925
0 0.608361 0.368700 0.007014 0.006857
0 0.608327 0.543149 0.007014 0.006857
0 0.608342 0.455906 0.007012 0.006860
0 0.358584 0.282331 0.010941 0.006954
0 0.358622 0.368675 0.010941 0.006954
0 0.358602 0.455959 0.010941 0.006954
0 0.358586 0.544574 0.010941 0.006954
0 0.649696 0.542744 0.011106 0.006954
0 0.649704 0.455919 0.011106 0.006954
0 0.649690 0.368783 0.011106 0.006954
0 0.649712 0.281884 0.011106 0.006954
0 0.794628 0.923460 0.036289 0.015417
0 0.767183 0.945245 0.008680 0.008398