0 0.260825 0.201736 0.013329 0.004372
0 0.317594 0.200264 0.005698 0.004249
0 0.193303 0.177240 0.012027 0.004198
0 0.204326 0.249912 0.006891 0.004075
0 0.260763 0.262069 0.006667 0.004195
0 0.190049 0.146300 0.008485 0.004181
0 0.255088 0.140452 0.008414 0.004181
0 0.260906 0.302992 0.008396 0.004184
0 0.187534 0.302960 0.011916 0.004238
0 0.337621 0.265073 0.005567 0.004212
0 0.561792 0.215553 0.005628 0.004141
0 0.718680 0.190305 0.005630 0.004138
0 0.672978 0.122834 0.008447 0.004175
0 0.218635 0.147442 0.011817 0.004198
0 0.667660 0.308659 0.008444 0.004175
0 0.744483 0.125975 0.008447 0.004175
0 0.716026 0.125970 0.011745 0.004132
0 0.742147 0.167874 0.012007 0.004155
0 0.669764 0.181361 0.013250 0.004152
0 0.588412 0.187961 0.007040 0.003964
0 0.794781 0.160761 0.020230 0.005637
0 0.835753 0.267885 0.020230 0.005637
0 0.290058 0.429262 0.021781 0.008116
0 0.312416 0.429282 0.016877 0.008116
0 0.313295 0.437733 0.004560 0.003759
0 0.663015 0.429325 0.021783 0.008116
0 0.685380 0.429233 0.016667 0.008116
0 0.686260 0.437827 0.004671 0.003685
0 0.776698 0.929185 0.021781 0.008116
0 0.799095 0.929119 0.016720 0.008116
0 0.800190 0.937572 0.004576 0.003454
0 0.303491 0.929156 0.021783 0.008116
0 0.325866 0.929158 0.016492 0.008119
0 0.326658 0.937559 0.004471 0.003480
0 0.667749 0.255648 0.006641 0.004121
0 0.730933 0.244357 0.006839 0.004007
0 0.747413 0.301409 0.011872 0.004175
0 0.355659 0.193381 0.007074 0.004055
0 0.563139 0.263463 0.005545 0.004121
0 0.609853 0.263480 0.005545 0.004189
0 0.212354 0.193889 0.005684 0.004192
0 0.262763 0.701599 0.013292 0.004246
0 0.320833 0.695546 0.005628 0.004166
0 0.301956 0.653812 0.008459 0.004192
0 0.218030 0.802543 0.008372 0.004129
0 0.189462 0.802804 0.011848 0.004144
0 0.206225 0.749759 0.006833 0.003970
0 0.262672 0.761907 0.006649 0.004149
0 0.341982 0.764897 0.005535 0.004192
0 0.357590 0.693219 0.007040 0.004021
0 0.220546 0.647250 0.011735 0.004149
0 0.194170 0.669839 0.012063 0.004146
0 0.599879 0.634266 0.005674 0.004218
0 0.599747 0.866207 0.008517 0.004195
0 0.688031 0.712207 0.008471 0.004198
0 0.593457 0.568433 0.011809 0.004201
0 0.648414 0.660093 0.005569 0.004243
0 0.652651 0.593431 0.005595 0.004246
0 0.599249 0.687273 0.007099 0.004109
0 0.572383 0.731074 0.012063 0.004246
0 0.594027 0.749836 0.005672 0.004226
0 0.658934 0.754895 0.013298 0.004420
0 0.661611 0.833785 0.006696 0.004189
0 0.580117 0.816127 0.006798 0.004041
0 0.569531 0.868025 0.011888 0.004246
0 0.214268 0.693698 0.005626 0.004135