0 0.415031 0.219822 0.022145 0.009159
0 0.294950 0.309064 0.020986 0.008897
0 0.624325 0.566562 0.013435 0.009236
0 0.574675 0.429272 0.023155 0.009074
0 0.522418 0.923860 0.035096 0.017566
0 0.634427 0.443513 0.022504 0.008595
0 0.214462 0.454122 0.013560 0.008540
0 0.474035 0.923699 0.047059 0.018532
0 0.102282 0.819969 0.019415 0.006608
0 0.574355 0.354900 0.022465 0.008261
0 0.503448 0.570895 0.013100 0.008552
0 0.713664 0.685430 0.023187 0.008717
0 0.371393 0.586843 0.013070 0.009153
0 0.286776 0.586169 0.013810 0.009863
0 0.635089 0.756598 0.016257 0.010168
0 0.303026 0.430918 0.013582 0.008301
0 0.457570 0.381036 0.025162 0.007722
0 0.378233 0.423774 0.010351 0.006984
0 0.099372 0.914552 0.024062 0.012571
0 0.126981 0.914681 0.024062 0.012571
0 0.150523 0.914507 0.015624 0.012571
0 0.205773 0.571813 0.025745 0.006716