0 0.428503 0.486049 0.009182 0.007360
0 0.511733 0.904175 0.033572 0.015624
0 0.468258 0.904404 0.043431 0.015986
0 0.386747 0.518677 0.009099 0.006665
0 0.361038 0.400609 0.018246 0.007443
0 0.355686 0.323559 0.010982 0.005733
0 0.492487 0.471957 0.020911 0.006884
0 0.610920 0.474766 0.008879 0.006340
0 0.593474 0.611186 0.008456 0.006420
0 0.563598 0.467757 0.008502 0.006790
0 0.577069 0.693204 0.013409 0.006636
0 0.547804 0.921807 0.009371 0.007640
0 0.402022 0.611142 0.008454 0.006280
0 0.487183 0.681367 0.013419 0.006536
0 0.492617 0.611298 0.009041 0.006822
0 0.622381 0.693208 0.018774 0.006514
0 0.608435 0.530086 0.018647 0.006762
0 0.516066 0.390720 0.013624 0.006645