0 0.419669 0.847597 0.035896 0.014504
0 0.605931 0.540640 0.004138 0.014245
0 0.610190 0.545388 0.003888 0.024059
0 0.610203 0.524930 0.004162 0.009433
0 0.527568 0.575782 0.013084 0.007625
0 0.390463 0.533508 0.017555 0.006987
0 0.463369 0.465935 0.011217 0.007355
0 0.379494 0.484840 0.017670 0.007514
0 0.518948 0.378515 0.010603 0.007395
0 0.452417 0.371638 0.010627 0.007352
0 0.427426 0.474759 0.017319 0.007329
0 0.455169 0.847732 0.026646 0.014530
0 0.320620 0.516008 0.010645 0.007044
0 0.309284 0.380111 0.010651 0.007446
0 0.264511 0.507275 0.012808 0.007212
0 0.378865 0.319237 0.021286 0.009923
0 0.614322 0.592486 0.005059 0.008985
0 0.615539 0.528503 0.005059 0.008985