0 0.366726 0.660241 0.011175 0.006637
0 0.590792 0.677364 0.011122 0.007079
0 0.373478 0.440500 0.013762 0.006586
0 0.287205 0.365499 0.018872 0.006848
0 0.469284 0.545809 0.017745 0.006586
0 0.243150 0.606831 0.010778 0.006708
0 0.517552 0.595641 0.010639 0.006324
0 0.598919 0.531037 0.011382 0.006720
0 0.609226 0.398907 0.016389 0.007025
0 0.379451 0.548923 0.021231 0.006674
0 0.479567 0.677364 0.010752 0.007079
0 0.208731 0.483453 0.019194 0.006877
0 0.234456 0.661084 0.011100 0.006848
0 0.169390 0.821231 0.019369 0.006321
0 0.365373 0.748608 0.013945 0.006825
0 0.203401 0.606854 0.019194 0.006805
0 0.545830 0.201934 0.011946 0.007025
0 0.754163 0.923984 0.050409 0.017749
0 0.805237 0.923977 0.038811 0.017751
0 0.684456 0.943987 0.010052 0.007552
0 0.895880 0.041482 0.019404 0.009199
0 0.915170 0.071530 0.020113 0.009518
0 0.941974 0.071704 0.027800 0.009518
0 0.911883 0.555863 0.015928 0.006027
0 0.911921 0.588802 0.015928 0.006027
0 0.891784 0.576693 0.015928 0.006027
0 0.891853 0.609534 0.015928 0.006027
0 0.891579 0.642278 0.015928 0.006027
0 0.911784 0.622030 0.015928 0.006027
0 0.911853 0.655066 0.015928 0.006027
0 0.909524 0.581247 0.011134 0.006027
0 0.909386 0.614088 0.011136 0.006027
0 0.909523 0.647120 0.011136 0.006027
0 0.909318 0.680058 0.011136 0.006027
0 0.891579 0.675408 0.015928 0.006027
0 0.896061 0.690425 0.021741 0.008720
0 0.896805 0.748193 0.020615 0.009399
0 0.896024 0.775685 0.020615 0.009399
0 0.896177 0.802729 0.020615 0.009402
0 0.895752 0.829245 0.020615 0.009399
0 0.895752 0.855560 0.020615 0.009399
0 0.926855 0.866905 0.048164 0.009991
0 0.896039 0.883977 0.019770 0.010416
0 0.896462 0.911604 0.019770 0.010419
0 0.897103 0.939929 0.021326 0.010419