0 0.347803 0.461396 0.006752 0.004400
0 0.770359 0.406388 0.008721 0.004203
0 0.800567 0.514724 0.006893 0.004426
0 0.780996 0.573172 0.008590 0.004229
0 0.814344 0.565023 0.011912 0.004295
0 0.814525 0.571315 0.018187 0.004221
0 0.634111 0.547254 0.006760 0.004454
0 0.639238 0.462050 0.008112 0.004232
0 0.664644 0.430048 0.006891 0.004212
0 0.816569 0.442397 0.012110 0.004229
0 0.735062 0.528237 0.007937 0.004278
0 0.738417 0.450663 0.013329 0.004437
0 0.675429 0.547256 0.006760 0.004434
0 0.791011 0.451156 0.006798 0.004186
0 0.241281 0.449490 0.006943 0.004275
0 0.213765 0.455920 0.006764 0.004221
0 0.186731 0.618492 0.008561 0.004223
0 0.124406 0.368944 0.011987 0.004186
0 0.124355 0.375258 0.017854 0.004184
0 0.155913 0.546573 0.007929 0.004203
0 0.163923 0.391981 0.006754 0.004400
0 0.209326 0.384380 0.012075 0.004258
0 0.123729 0.427143 0.008561 0.004221
0 0.218829 0.565808 0.013379 0.004400
0 0.287058 0.483106 0.008181 0.004184
0 0.145987 0.474469 0.006752 0.004400
0 0.318597 0.565258 0.006792 0.004400
0 0.695411 0.453478 0.011024 0.004198
0 0.247871 0.743178 0.023351 0.008652
0 0.272067 0.743105 0.017824 0.008655
0 0.281918 0.753376 0.003603 0.002796
0 0.717633 0.743142 0.023246 0.008387
0 0.741775 0.743138 0.017961 0.008652
0 0.751617 0.753356 0.003637 0.002893