0 0.358966 0.541850 0.014407 0.008521
0 0.340701 0.378484 0.028692 0.008834
0 0.517951 0.673188 0.017977 0.008729
0 0.624904 0.480906 0.014749 0.008321
0 0.619142 0.538031 0.025468 0.008749
0 0.683347 0.491579 0.026496 0.008749
0 0.406495 0.347818 0.017987 0.008324
0 0.572285 0.673682 0.025448 0.008749
0 0.624266 0.599587 0.011433 0.008692
0 0.482269 0.403235 0.012009 0.008692
0 0.443777 0.556292 0.011942 0.008703
0 0.557274 0.421710 0.011868 0.008652
0 0.541013 0.575624 0.014487 0.008569
0 0.463506 0.898292 0.040427 0.014645
0 0.505069 0.898165 0.031693 0.013873
0 0.399375 0.432032 0.019101 0.008777