0 0.386206 0.598320 0.011119 0.008384
0 0.627219 0.619004 0.010875 0.008190
0 0.690049 0.637625 0.023626 0.007862
0 0.363609 0.775921 0.020482 0.007355
0 0.541023 0.917560 0.041320 0.016380
0 0.582901 0.917861 0.031409 0.015721
0 0.414094 0.447380 0.011304 0.007862
0 0.415310 0.512527 0.010665 0.008492
0 0.609468 0.512292 0.011042 0.007970
0 0.511904 0.587206 0.012044 0.007862
0 0.514028 0.432816 0.026868 0.008079
0 0.662438 0.416394 0.010992 0.008341
0 0.441386 0.776529 0.014979 0.006662
0 0.612022 0.937286 0.009417 0.007412
0 0.596043 0.452323 0.015815 0.007970
0 0.598766 0.242503 0.017827 0.009122
0 0.233702 0.237905 0.017015 0.008569