0 0.121394 0.347137 0.020516 0.007015
0 0.118385 0.337534 0.014912 0.007178
0 0.138840 0.347090 0.010056 0.006864
0 0.113556 0.318491 0.004941 0.007027
0 0.118231 0.308941 0.014999 0.007352
0 0.959772 0.634225 0.015458 0.007144
0 0.935016 0.634299 0.010737 0.007024
0 0.621173 0.467573 0.020693 0.007517
0 0.616326 0.476970 0.010113 0.007383
0 0.616011 0.439138 0.010137 0.007221
0 0.613646 0.448502 0.005080 0.007483
0 0.618400 0.458079 0.015100 0.007320
0 0.116262 0.327869 0.010272 0.006947
0 0.460774 0.713855 0.015366 0.006975
0 0.435713 0.713586 0.010596 0.007041