0 0.376722 0.499468 0.010954 0.006993
0 0.364420 0.330913 0.021866 0.007623
0 0.273214 0.352027 0.008986 0.007381
0 0.577972 0.499335 0.009226 0.007260
0 0.292234 0.230127 0.019812 0.006897
0 0.226808 0.227102 0.013907 0.006897
0 0.454840 0.340290 0.009705 0.007018
0 0.233825 0.302117 0.019384 0.007018
0 0.487120 0.499316 0.009414 0.007054
0 0.351378 0.598645 0.013907 0.006897
0 0.385503 0.241246 0.013907 0.006897
0 0.252995 0.499335 0.009713 0.007139
0 0.550021 0.320932 0.011724 0.006897
0 0.217330 0.598760 0.018828 0.006957
0 0.496224 0.924359 0.009623 0.008161
0 0.488731 0.907260 0.035605 0.018270
0 0.442599 0.906860 0.045481 0.018270