0 0.828850 0.427143 0.011318 0.005258
0 0.839505 0.473367 0.008013 0.005133
0 0.686255 0.419704 0.016133 0.005437
0 0.171439 0.584738 0.015672 0.005332
0 0.337351 0.467944 0.007872 0.005252
0 0.294644 0.467897 0.011308 0.005335
0 0.310306 0.553269 0.007463 0.005512
0 0.293209 0.430021 0.011306 0.005332
0 0.804217 0.473494 0.007475 0.005346
0 0.354788 0.553373 0.007461 0.005509
0 0.175108 0.438871 0.016071 0.005551
0 0.196694 0.472254 0.007576 0.005358
0 0.359986 0.502694 0.007443 0.005503
0 0.252940 0.425594 0.017997 0.005460
0 0.777848 0.473475 0.011703 0.005309
0 0.196516 0.584627 0.011308 0.005332
0 0.202497 0.419390 0.016073 0.005489
0 0.189562 0.526728 0.007776 0.005546
0 0.253659 0.553227 0.007657 0.005332
0 0.674203 0.526827 0.007765 0.005492
0 0.738153 0.543743 0.007812 0.005304
0 0.794873 0.543792 0.007522 0.005509
0 0.894855 0.429909 0.003778 0.015549
0 0.839301 0.543812 0.007387 0.005469
0 0.763618 0.584705 0.011334 0.005312
0 0.656018 0.584704 0.015803 0.005275
0 0.724469 0.461698 0.017981 0.005472
0 0.681272 0.472251 0.007534 0.005437
0 0.731417 0.412447 0.011165 0.005247