0 0.476348 0.652643 0.017827 0.043837
0 0.573189 0.384721 0.020943 0.095239
0 0.626504 0.223441 0.017309 0.065353
0 0.576591 0.682392 0.017827 0.043837
0 0.271606 0.489088 0.016616 0.040633
0 0.408951 0.639674 0.017164 0.043241
0 0.418209 0.401792 0.016616 0.040630
0 0.810906 0.451380 0.017309 0.065353
0 0.804326 0.653979 0.017307 0.065353
0 0.271605 0.349414 0.017307 0.065356
0 0.413580 0.270847 0.017307 0.065353
0 0.700618 0.436710 0.021981 0.046015
0 0.684687 0.705566 0.019315 0.050522
0 0.726342 0.260757 0.018539 0.044547
0 0.748580 0.260740 0.020558 0.044547