0 0.827827 0.487879 0.009605 0.007138
0 0.843375 0.527737 0.011997 0.006819
0 0.829005 0.590550 0.009643 0.007041
0 0.734269 0.645135 0.014710 0.007483
0 0.761862 0.573917 0.011624 0.007566
0 0.678813 0.573910 0.009436 0.007135
0 0.291172 0.610562 0.014823 0.007184
0 0.188564 0.407739 0.016100 0.007298
0 0.265859 0.555931 0.011685 0.006918
0 0.271652 0.802928 0.032646 0.011842
0 0.305452 0.802799 0.024940 0.011631
0 0.332463 0.450301 0.009633 0.007414
0 0.190715 0.472707 0.009827 0.007261
0 0.275487 0.384252 0.023073 0.007477
0 0.220921 0.484058 0.012056 0.007078
0 0.325536 0.347597 0.020193 0.007087
0 0.695309 0.488197 0.009752 0.006713
0 0.294157 0.356958 0.014823 0.007184
0 0.327274 0.408124 0.014823 0.007184
0 0.332535 0.566048 0.009633 0.007414
0 0.335766 0.490214 0.009827 0.007263
0 0.198539 0.566207 0.009633 0.007414
0 0.839880 0.374237 0.014746 0.007386
0 0.660075 0.378248 0.020278 0.006668
0 0.722610 0.391699 0.014724 0.007400
0 0.785551 0.802744 0.024412 0.012055
0 0.663798 0.471404 0.020772 0.007004
0 0.751904 0.803006 0.032934 0.011947
0 0.820050 0.424361 0.009956 0.007611