0 0.336876 0.199775 0.005523 0.003522
0 0.289876 0.725296 0.006498 0.003371
0 0.228172 0.646741 0.009623 0.003445
0 0.553550 0.771318 0.006299 0.003366
0 0.607173 0.705543 0.006520 0.003306
0 0.541355 0.271845 0.006780 0.003366
0 0.497266 0.261240 0.005412 0.003522
0 0.601613 0.308246 0.006780 0.003354
0 0.550401 0.206926 0.006778 0.003366
0 0.576200 0.214463 0.006778 0.003380
0 0.755829 0.183658 0.006919 0.003383
0 0.761176 0.321086 0.006893 0.003380
0 0.508409 0.179248 0.005382 0.003351
0 0.810718 0.326945 0.009492 0.003323
0 0.677959 0.294278 0.006984 0.003368
0 0.485013 0.212760 0.009631 0.003394
0 0.580446 0.269819 0.005430 0.003525
0 0.478870 0.176909 0.006790 0.003508
0 0.800604 0.279433 0.005404 0.003522
0 0.560329 0.691406 0.010596 0.003497
0 0.656458 0.711358 0.005384 0.003081
0 0.780819 0.674152 0.005470 0.003368
0 0.734984 0.665617 0.007030 0.003351
0 0.720180 0.709520 0.006889 0.003377
0 0.752595 0.797606 0.007101 0.003351
0 0.623600 0.784949 0.007030 0.003354
0 0.483532 0.690596 0.009329 0.003351
0 0.508655 0.673537 0.006881 0.003351
0 0.812632 0.708349 0.009601 0.003354
0 0.675395 0.781734 0.005462 0.003480
0 0.494654 0.750195 0.005392 0.003480
0 0.714409 0.781728 0.005416 0.003571
0 0.796796 0.771238 0.005537 0.003525
0 0.486760 0.787221 0.009531 0.003408
0 0.486962 0.792371 0.014499 0.003254
0 0.510006 0.792400 0.006770 0.003254
0 0.506994 0.710946 0.005384 0.003368
0 0.235747 0.790993 0.010723 0.003497
0 0.160668 0.639457 0.014183 0.003326
0 0.160882 0.634443 0.009520 0.003323
0 0.210791 0.833112 0.006800 0.003351
0 0.231724 0.703552 0.005511 0.003406
0 0.160273 0.680677 0.006800 0.003354
0 0.192112 0.652756 0.005412 0.003494
0 0.253537 0.698460 0.005515 0.003394
0 0.338191 0.710170 0.005525 0.003525
0 0.185752 0.775720 0.006297 0.003346
0 0.314984 0.790569 0.005535 0.003531
0 0.619956 0.269782 0.005481 0.003525
0 0.644234 0.214530 0.005112 0.003235
0 0.789098 0.230778 0.005487 0.003391
0 0.817557 0.228266 0.009601 0.003394
0 0.695488 0.213069 0.006458 0.003380
0 0.743426 0.224705 0.010750 0.003494
0 0.745408 0.278376 0.006278 0.003380
0 0.810760 0.321840 0.014612 0.003320
0 0.159082 0.225154 0.006800 0.003354
0 0.228182 0.146867 0.009625 0.003383
0 0.193412 0.149769 0.005402 0.003494
0 0.196273 0.272022 0.006297 0.003337
0 0.160663 0.139648 0.014181 0.003286
0 0.160827 0.134632 0.009520 0.003360
0 0.193938 0.312960 0.006800 0.003417
0 0.177856 0.718249 0.005400 0.003537
0 0.314926 0.279225 0.005396 0.003494
0 0.188001 0.216252 0.005396 0.003494
0 0.289080 0.226294 0.006498 0.003411
0 0.239418 0.300527 0.010615 0.003511
0 0.316119 0.326143 0.006879 0.003326
0 0.226253 0.221587 0.005386 0.003351
0 0.278164 0.281607 0.006758 0.003272
0 0.253538 0.198557 0.005493 0.003394
0 0.348293 0.239179 0.006798 0.003380
0 0.568268 0.177083 0.006994 0.003366
0 0.545089 0.304652 0.007010 0.003411
0 0.496650 0.312911 0.006780 0.003383
0 0.275713 0.431881 0.018523 0.007176
0 0.294879 0.431798 0.014030 0.007176
0 0.302874 0.439726 0.003359 0.002508
0 0.648708 0.431855 0.018521 0.007176
0 0.667828 0.431716 0.014092 0.007176
0 0.675846 0.439812 0.003294 0.002508
0 0.648747 0.931493 0.018521 0.007176
0 0.667827 0.931661 0.014094 0.007176
0 0.675672 0.939685 0.003240 0.002533
0 0.275827 0.931944 0.018521 0.007176
0 0.302918 0.939796 0.003151 0.002254
0 0.294940 0.931885 0.014312 0.007173