0 0.739233 0.595754 0.006853 0.004611
0 0.854950 0.647038 0.012100 0.004716
0 0.210213 0.446955 0.013325 0.004198
0 0.313110 0.561134 0.005656 0.004423
0 0.335789 0.470258 0.005747 0.004266
0 0.381885 0.479443 0.005841 0.004466
0 0.151558 0.612045 0.008551 0.004226
0 0.113287 0.612029 0.011971 0.004212
0 0.149267 0.459716 0.005747 0.004266
0 0.232218 0.561270 0.006766 0.004164
0 0.433445 0.500027 0.014423 0.003337
0 0.117559 0.403324 0.011934 0.004249
0 0.157492 0.378487 0.012051 0.004206
0 0.137199 0.540618 0.005610 0.004491
0 0.371718 0.561174 0.005676 0.004292
0 0.263695 0.443548 0.013327 0.004195
0 0.637186 0.350131 0.007272 0.003824
0 0.248530 0.754444 0.027179 0.009835
0 0.276519 0.754718 0.021614 0.009835
0 0.294383 0.763779 0.006317 0.005130
0 0.718913 0.754561 0.027179 0.009835
0 0.746763 0.754575 0.021566 0.009835
0 0.764058 0.763940 0.006359 0.004865
0 0.599062 0.347461 0.007272 0.003824
0 0.815066 0.647043 0.009041 0.004557
0 0.748090 0.477800 0.013488 0.004759
0 0.849498 0.453817 0.011977 0.004363
0 0.819126 0.577313 0.005678 0.004622
0 0.816692 0.505576 0.005896 0.004426
0 0.807639 0.442742 0.009003 0.004657
0 0.335587 0.412817 0.012218 0.004192
0 0.601074 0.505513 0.005968 0.004409
0 0.612064 0.595680 0.005990 0.004890
0 0.669494 0.595769 0.005803 0.004927
0 0.637425 0.495985 0.005992 0.004400
0 0.677168 0.509553 0.008924 0.004474