0 0.214268 0.193840 0.005626 0.004135
0 0.262763 0.201741 0.013292 0.004246
0 0.301956 0.153954 0.008459 0.004192
0 0.218030 0.302686 0.008372 0.004129
0 0.189462 0.302947 0.011848 0.004144
0 0.206225 0.249902 0.006833 0.003970
0 0.729603 0.275704 0.005561 0.004272
0 0.687676 0.275712 0.005603 0.004272
0 0.303477 0.429394 0.021948 0.008302
0 0.325871 0.429339 0.016724 0.008304
0 0.326640 0.437878 0.004709 0.003753
0 0.676112 0.429256 0.021948 0.008304
0 0.698359 0.429393 0.016500 0.008304
0 0.699608 0.437890 0.004612 0.003616
0 0.661434 0.944799 0.021948 0.008304
0 0.683810 0.944886 0.016583 0.008433
0 0.390372 0.929122 0.021948 0.008304
0 0.412507 0.929243 0.016655 0.008427
0 0.413867 0.937623 0.004626 0.003864
0 0.357590 0.193361 0.007040 0.004021
0 0.220546 0.147392 0.011735 0.004149
0 0.540147 0.692642 0.008575 0.004263
0 0.194275 0.731106 0.012079 0.004172
0 0.199941 0.811858 0.006768 0.004098
0 0.192616 0.865494 0.011801 0.004172
0 0.691309 0.619481 0.008565 0.004298
0 0.623876 0.648977 0.013308 0.004406
0 0.598340 0.813817 0.006851 0.004260
0 0.669243 0.657481 0.005644 0.004178
0 0.707127 0.656921 0.005646 0.004175
0 0.679408 0.734986 0.007060 0.004249
0 0.262260 0.565469 0.008461 0.004144
0 0.637536 0.824759 0.005654 0.004303
0 0.320833 0.195688 0.005628 0.004166
0 0.638929 0.792509 0.012063 0.004232
0 0.559595 0.843093 0.011823 0.004278
0 0.560184 0.605007 0.011870 0.004258
0 0.645003 0.734563 0.005747 0.004246
0 0.263650 0.750797 0.013321 0.004346
0 0.341982 0.265040 0.005535 0.004192
0 0.273604 0.870455 0.008461 0.004141
0 0.215609 0.568611 0.011789 0.004192
0 0.219923 0.687868 0.006980 0.004075
0 0.273955 0.598568 0.005610 0.004158
0 0.273953 0.655806 0.005610 0.004158
0 0.224908 0.630081 0.005666 0.004203
0 0.216879 0.750533 0.005734 0.004206
0 0.264061 0.822008 0.006679 0.004192
0 0.593999 0.605715 0.008521 0.004243
0 0.591112 0.757858 0.008858 0.004289
0 0.262672 0.262049 0.006649 0.004149
0 0.559135 0.762548 0.008549 0.004229
0 0.583458 0.683289 0.006919 0.004155
0 0.194170 0.169981 0.012063 0.004146
0 0.566384 0.177952 0.012116 0.004238
0 0.634785 0.264761 0.006690 0.004203
0 0.561587 0.305648 0.011930 0.004320
0 0.578357 0.252629 0.006881 0.004095
0 0.634902 0.204478 0.013331 0.004346
0 0.590140 0.305378 0.008404 0.004195
0 0.674058 0.156679 0.008515 0.004192
0 0.592645 0.150113 0.011834 0.004209
0 0.691555 0.202821 0.005640 0.004218
0 0.586382 0.196577 0.005640 0.004178
0 0.729687 0.196083 0.007099 0.004124