0 0.403275 0.485640 0.010198 0.007454
0 0.463905 0.631906 0.015346 0.008178
0 0.369027 0.369632 0.013084 0.007235
0 0.572260 0.372965 0.010200 0.007452
0 0.463631 0.560680 0.014644 0.007261
0 0.612913 0.379062 0.020383 0.007155
0 0.592160 0.474102 0.011850 0.007326
0 0.494945 0.483478 0.012167 0.007235
0 0.335148 0.485690 0.009809 0.007452
0 0.496557 0.882791 0.042959 0.016271
0 0.420422 0.377566 0.015285 0.007087
0 0.497894 0.338974 0.023443 0.007651
0 0.537420 0.900269 0.012522 0.009381
0 0.538283 0.881940 0.031332 0.014712