0 0.918895 0.755664 0.017862 0.009361
0 0.686607 0.504800 0.006065 0.003974
0 0.137780 0.529339 0.006105 0.004065
0 0.215634 0.628625 0.007286 0.004068
0 0.170987 0.500419 0.004820 0.004065
0 0.224572 0.411700 0.007411 0.004068
0 0.436519 0.755688 0.023963 0.009165
0 0.271966 0.476276 0.004528 0.003914
0 0.297551 0.581790 0.004528 0.003917
0 0.128778 0.628472 0.007284 0.004065
0 0.229750 0.491266 0.006109 0.003894
0 0.287939 0.628498 0.007411 0.004065
0 0.210071 0.563352 0.005545 0.003991
0 0.313482 0.479247 0.004820 0.004065
0 0.132533 0.578629 0.004525 0.003917
0 0.938135 0.765700 0.006272 0.005601
0 0.318711 0.389387 0.004568 0.003096
0 0.323849 0.389407 0.004850 0.003096
0 0.100563 0.507347 0.007820 0.004290
0 0.109052 0.507309 0.007082 0.003740
0 0.874564 0.755525 0.012388 0.009761
0 0.895403 0.755413 0.024282 0.009356
0 0.104446 0.480127 0.002686 0.004399
0 0.109036 0.420708 0.002686 0.004399
0 0.086842 0.446994 0.002686 0.004399
0 0.145214 0.487099 0.002686 0.004399