0 0.489914 0.443203 0.012040 0.009598
0 0.446429 0.650544 0.017470 0.008261
0 0.521990 0.573237 0.012389 0.009615
0 0.486409 0.911504 0.042086 0.023327
0 0.432057 0.910606 0.059430 0.023925
0 0.335857 0.655549 0.024477 0.010676
0 0.364976 0.577691 0.012850 0.009373
0 0.447402 0.565693 0.013175 0.009014
0 0.528595 0.502338 0.013259 0.009977
0 0.436202 0.422020 0.027055 0.010014
0 0.346602 0.507242 0.012040 0.009598
0 0.354614 0.427909 0.012389 0.009615
0 0.431535 0.353901 0.017470 0.008264
0 0.336839 0.349414 0.024838 0.008275