0 0.761176 0.623090 0.011616 0.003848
0 0.845625 0.596182 0.011624 0.004193
0 0.812829 0.490458 0.014725 0.004108
0 0.671648 0.500115 0.011070 0.004798
0 0.713854 0.477510 0.005430 0.003908
0 0.824704 0.435537 0.002706 0.003857
0 0.706052 0.571881 0.002706 0.003854
0 0.770495 0.423186 0.008388 0.003942
0 0.847042 0.532376 0.011070 0.004798
0 0.298418 0.514374 0.017534 0.004347
0 0.902149 0.708586 0.008678 0.006488
0 0.803532 0.571508 0.007322 0.004019
0 0.931432 0.696703 0.025289 0.010356
0 0.429955 0.696565 0.025253 0.010599
0 0.402321 0.708606 0.008898 0.006220