0 0.650016 0.330252 0.019895 0.009205
0 0.555323 0.828234 0.030389 0.014216
0 0.513911 0.828464 0.040079 0.014128
0 0.626794 0.429655 0.011822 0.008734
0 0.391992 0.257805 0.024883 0.008734
0 0.397450 0.354495 0.025576 0.008797
0 0.445150 0.342158 0.011784 0.008717
0 0.396215 0.436928 0.025345 0.008988
0 0.429371 0.436995 0.011350 0.008791
0 0.513283 0.423387 0.028239 0.008962
0 0.585365 0.415929 0.014825 0.008723
0 0.526517 0.529771 0.014081 0.009193
0 0.525263 0.272376 0.024605 0.009011
0 0.421075 0.539163 0.011784 0.008714
0 0.611111 0.539605 0.011784 0.008714