0 0.791089 0.453755 0.006861 0.004659
0 0.818565 0.461026 0.008930 0.004594
0 0.719573 0.395913 0.008930 0.004583
0 0.708161 0.577429 0.009025 0.004959
0 0.739941 0.449543 0.013732 0.004876
0 0.691941 0.448920 0.011362 0.004639
0 0.739170 0.518763 0.008301 0.004708
0 0.791236 0.518836 0.007090 0.004848
0 0.678481 0.525105 0.007173 0.004791
0 0.634077 0.525081 0.006962 0.004554
0 0.636586 0.456091 0.008312 0.004545
0 0.660106 0.424466 0.007090 0.004588
0 0.631313 0.405221 0.018535 0.004491
0 0.632357 0.397619 0.012053 0.004363
0 0.220030 0.398373 0.009426 0.004850
0 0.281639 0.477298 0.006982 0.005050
0 0.143501 0.486110 0.006853 0.004696
0 0.220032 0.479383 0.007125 0.004756
0 0.233148 0.441663 0.008860 0.004677
0 0.273227 0.438095 0.009057 0.004631
0 0.218972 0.565768 0.009083 0.004742
0 0.804690 0.408296 0.007344 0.004782
0 0.394327 0.474716 0.006982 0.005050
0 0.241898 0.743257 0.023824 0.009068
0 0.265853 0.743416 0.018106 0.008820
0 0.282054 0.753401 0.004072 0.003554
0 0.717561 0.743041 0.023826 0.009068
0 0.741639 0.743054 0.018108 0.008820
0 0.751731 0.753350 0.004070 0.003554