0 0.777027 0.388769 0.004298 0.002771
0 0.772140 0.388826 0.004199 0.002942
0 0.759651 0.538739 0.004308 0.003788
0 0.766466 0.464658 0.004542 0.003746
0 0.964391 0.751569 0.005507 0.004649
0 0.630694 0.522781 0.004350 0.003697
0 0.596763 0.532851 0.006917 0.003774
0 0.691468 0.582882 0.006917 0.003774
0 0.791053 0.582853 0.006917 0.003774
0 0.685091 0.417536 0.006917 0.003783
0 0.947001 0.741906 0.016754 0.008891
0 0.924360 0.741876 0.022462 0.008831
0 0.601471 0.409454 0.006871 0.003720
0 0.612581 0.472491 0.004542 0.003746
0 0.868401 0.499001 0.001501 0.002523
0 0.811771 0.538804 0.004288 0.003788
0 0.697743 0.466059 0.005779 0.003680
0 0.813566 0.492147 0.005654 0.003786
0 0.464518 0.751628 0.005454 0.004590
0 0.226417 0.509578 0.005726 0.003774
0 0.446522 0.741933 0.016796 0.009036
0 0.691670 0.536331 0.005291 0.003769
0 0.423803 0.741696 0.022521 0.009065
0 0.404374 0.741822 0.011811 0.009065
0 0.107295 0.509048 0.006788 0.003358
0 0.830840 0.494728 0.002168 0.003726
0 0.852966 0.544862 0.002168 0.003726
0 0.846732 0.562936 0.002164 0.003945