0 0.663562 0.520969 0.014024 0.005460
0 0.618537 0.361653 0.011630 0.005569
0 0.675057 0.598274 0.006605 0.005668
0 0.729560 0.667395 0.010113 0.005774
0 0.818029 0.544195 0.010119 0.005774
0 0.756512 0.448539 0.006544 0.005668
0 0.765460 0.521700 0.015503 0.005748
0 0.752780 0.598388 0.006486 0.005794
0 0.687235 0.521006 0.013840 0.005683
0 0.691801 0.442478 0.006839 0.005617
0 0.794324 0.417628 0.010212 0.005777
0 0.756701 0.370348 0.006655 0.005671
0 0.715503 0.357059 0.013726 0.005831
0 0.292673 0.445151 0.010101 0.005851
0 0.233391 0.430869 0.015567 0.006002
0 0.140895 0.582045 0.008692 0.003765
0 0.267854 0.752999 0.020862 0.009168
0 0.289080 0.752972 0.015839 0.008897
0 0.291534 0.764471 0.005253 0.004771
0 0.935325 0.756872 0.005255 0.004773
0 0.932855 0.745118 0.015837 0.008897
0 0.911892 0.745379 0.020862 0.009168
0 0.373143 0.356465 0.011703 0.005600
0 0.171673 0.438330 0.013728 0.005797
0 0.141273 0.446258 0.014028 0.005814
0 0.139243 0.400182 0.013857 0.005825
0 0.236466 0.523213 0.006629 0.005834
0 0.363726 0.536637 0.006577 0.005665
0 0.307211 0.536603 0.006605 0.005665
0 0.158819 0.515788 0.006577 0.005665
0 0.246598 0.586562 0.010153 0.005885
0 0.226219 0.363773 0.010153 0.005888
0 0.370351 0.476797 0.013899 0.005979
0 0.337474 0.440618 0.006812 0.005648
0 0.819134 0.627174 0.008692 0.003765