0 0.226707 0.866207 0.008517 0.004195
0 0.226839 0.634266 0.005674 0.004218
0 0.608145 0.605714 0.008549 0.004263
0 0.638049 0.648974 0.013409 0.004429
0 0.721381 0.656929 0.005636 0.004146
0 0.693614 0.734967 0.006929 0.004275
0 0.651795 0.824772 0.005638 0.004317
0 0.572395 0.804981 0.008582 0.004366
0 0.573794 0.843088 0.011775 0.004295
0 0.597718 0.683290 0.006732 0.004295
0 0.605261 0.757854 0.008870 0.004320
0 0.653084 0.792506 0.012063 0.004295
0 0.683509 0.657479 0.005636 0.004146
0 0.612557 0.813814 0.006960 0.004260
0 0.659233 0.734548 0.005612 0.004315
0 0.574450 0.604997 0.011854 0.004283
0 0.196490 0.868025 0.011888 0.004246
0 0.207076 0.816127 0.006798 0.004041
0 0.288570 0.833785 0.006696 0.004189
0 0.285894 0.754895 0.013298 0.004420
0 0.220987 0.749836 0.005674 0.004226
0 0.199342 0.731074 0.012063 0.004246
0 0.226210 0.687273 0.007101 0.004109
0 0.279610 0.593431 0.005595 0.004246
0 0.220416 0.568433 0.011809 0.004201
0 0.275376 0.660093 0.005569 0.004243
0 0.234555 0.302144 0.008449 0.004175
0 0.206979 0.308917 0.011749 0.004121
0 0.218686 0.237321 0.006637 0.004109
0 0.222411 0.145067 0.006812 0.004007
0 0.266957 0.130097 0.011944 0.004178
0 0.264184 0.157633 0.005636 0.004135
0 0.360722 0.196871 0.005636 0.004155
0 0.316009 0.172334 0.007014 0.004007
0 0.263870 0.238836 0.013292 0.004317
0 0.309434 0.243427 0.005529 0.004135
0 0.356539 0.243438 0.005567 0.004135
0 0.587056 0.188672 0.006939 0.003990
0 0.744558 0.164592 0.011956 0.004146
0 0.563161 0.264044 0.005545 0.004144
0 0.609866 0.264030 0.005543 0.004144
0 0.667753 0.256223 0.006629 0.004141
0 0.730935 0.244950 0.006855 0.003990
0 0.669775 0.182119 0.013268 0.004312
0 0.716024 0.128223 0.011753 0.004175
0 0.747404 0.302096 0.011854 0.004175
0 0.719302 0.303524 0.008444 0.004135
0 0.627839 0.140316 0.008336 0.004132
0 0.718679 0.190885 0.005612 0.004135
0 0.559396 0.218859 0.005614 0.004135
0 0.185597 0.127219 0.011751 0.004166
0 0.184277 0.169232 0.008348 0.004175
0 0.314991 0.712207 0.008471 0.004198
0 0.794709 0.160844 0.020214 0.005757
0 0.835683 0.267891 0.020433 0.005757
0 0.303028 0.429250 0.021838 0.008196
0 0.325417 0.429168 0.016504 0.008196
0 0.326661 0.437873 0.004505 0.003651
0 0.676496 0.429275 0.021701 0.008199
0 0.698793 0.429326 0.016559 0.008199
0 0.699511 0.437793 0.004483 0.003582
0 0.674846 0.944648 0.021838 0.008196
0 0.697124 0.944574 0.016714 0.008196
0 0.403724 0.929269 0.021688 0.008199
0 0.426081 0.929218 0.016667 0.008199
0 0.427229 0.937603 0.004376 0.003505