0 0.753524 0.287017 0.007637 0.005573
0 0.616917 0.479926 0.007637 0.005570
0 0.709165 0.480027 0.007639 0.005573
0 0.846150 0.379103 0.007637 0.005573
0 0.705010 0.466897 0.005128 0.005219
0 0.639747 0.323512 0.005128 0.005217
0 0.609045 0.335840 0.005130 0.005219
0 0.625395 0.373178 0.005128 0.005217
0 0.801749 0.571851 0.007637 0.005573
0 0.717977 0.372794 0.005130 0.005217
0 0.702202 0.335867 0.005130 0.005217
0 0.730885 0.324302 0.005130 0.005217
0 0.794503 0.427671 0.005130 0.005217
0 0.823552 0.416281 0.005130 0.005219
0 0.660808 0.287023 0.007637 0.005573
0 0.810788 0.465409 0.005130 0.005219
0 0.797675 0.558961 0.005130 0.005219
0 0.676900 0.347784 0.007884 0.004974
0 0.769641 0.347536 0.007886 0.004974
0 0.862020 0.439779 0.007884 0.004974
0 0.666764 0.385701 0.010006 0.005342
0 0.698231 0.389340 0.010147 0.005299
0 0.669976 0.416747 0.012609 0.005097
0 0.665110 0.467497 0.006371 0.005143
0 0.759412 0.385815 0.010006 0.005342
0 0.795464 0.377923 0.010147 0.005299
0 0.762786 0.416964 0.012607 0.005097
0 0.757479 0.467283 0.006371 0.005143
0 0.850125 0.559399 0.006371 0.005143
0 0.854428 0.509079 0.012607 0.005097
0 0.852132 0.477834 0.010006 0.005342
0 0.889277 0.481079 0.010147 0.005299
0 0.612728 0.467305 0.005130 0.005219
0 0.772589 0.807524 0.050469 0.020299
0 0.716156 0.831613 0.017804 0.014185