0 0.196528 0.772384 0.006774 0.004050
0 0.572395 0.804981 0.008582 0.004366
0 0.651795 0.824772 0.005638 0.004317
0 0.258603 0.713843 0.013421 0.004317
0 0.204107 0.715463 0.005664 0.004184
0 0.358467 0.709152 0.007088 0.004095
0 0.259960 0.775987 0.006637 0.004184
0 0.261120 0.622724 0.008366 0.004178
0 0.363049 0.783802 0.005569 0.004218
0 0.321424 0.712913 0.005664 0.004235
0 0.315847 0.783830 0.005569 0.004218
0 0.182753 0.678799 0.011979 0.004192
0 0.180295 0.822425 0.011930 0.004218
0 0.208719 0.663906 0.011880 0.004209
0 0.206978 0.822486 0.008442 0.004221
0 0.612557 0.813814 0.006960 0.004260
0 0.721381 0.656929 0.005636 0.004146
0 0.683509 0.657479 0.005636 0.004146
0 0.638049 0.648974 0.013409 0.004429
0 0.608145 0.605714 0.008549 0.004263
0 0.574450 0.604997 0.011854 0.004283
0 0.659233 0.734548 0.005612 0.004315
0 0.693614 0.734967 0.006929 0.004275
0 0.653084 0.792506 0.012063 0.004295
0 0.605261 0.757854 0.008870 0.004320
0 0.597718 0.683290 0.006732 0.004295
0 0.573794 0.843088 0.011775 0.004295
0 0.637102 0.322150 0.006679 0.004192
0 0.589918 0.250675 0.005736 0.004206
0 0.597948 0.130224 0.005664 0.004203
0 0.646994 0.155949 0.005610 0.004158
0 0.646996 0.098710 0.005610 0.004158
0 0.592964 0.188011 0.006980 0.004075
0 0.588647 0.068753 0.011789 0.004192
0 0.646643 0.370597 0.008459 0.004141
0 0.636691 0.250939 0.013321 0.004346
0 0.635300 0.065611 0.008461 0.004144
0 0.565657 0.365637 0.011801 0.004172
0 0.572981 0.312001 0.006768 0.004098
0 0.567315 0.231248 0.012079 0.004172
0 0.185945 0.194715 0.012116 0.004238
0 0.324234 0.213051 0.005716 0.004243
0 0.261594 0.329560 0.008414 0.004192
0 0.248638 0.162623 0.008414 0.004192
0 0.362503 0.209279 0.007113 0.004075
0 0.263279 0.276130 0.006675 0.004229
0 0.366370 0.283968 0.005591 0.004238
0 0.319236 0.283950 0.005585 0.004235
0 0.253988 0.208165 0.013222 0.004320
0 0.183678 0.322575 0.011773 0.004243
0 0.206805 0.215370 0.005624 0.004346
0 0.212276 0.156775 0.011793 0.004238
0 0.199887 0.272525 0.006923 0.004075
0 0.313198 0.437797 0.004937 0.003950
0 0.786882 0.437801 0.004939 0.003953
0 0.303543 0.929014 0.022279 0.008772
0 0.325905 0.929057 0.017060 0.008772
0 0.326628 0.937552 0.004939 0.003950
0 0.290090 0.429379 0.022279 0.008772
0 0.763396 0.429265 0.022279 0.008772
0 0.674869 0.944543 0.022279 0.008772
0 0.312525 0.429259 0.017058 0.008772
0 0.785506 0.429245 0.017060 0.008772
0 0.697161 0.944548 0.017058 0.008772