0 0.345421 0.397855 0.009879 0.007261
0 0.174752 0.461864 0.009637 0.007263
0 0.667739 0.432256 0.009871 0.007335
0 0.816212 0.494913 0.009756 0.007215
0 0.659116 0.553104 0.013400 0.007212
0 0.747396 0.495219 0.011588 0.007332
0 0.747816 0.605589 0.015306 0.007323
0 0.790423 0.802963 0.024998 0.011827
0 0.756735 0.802962 0.032801 0.011773
0 0.753172 0.367444 0.023192 0.007414
0 0.824436 0.365194 0.020943 0.007343
0 0.315708 0.396608 0.012291 0.007138
0 0.696273 0.396997 0.012255 0.007215
0 0.678118 0.494952 0.009754 0.007212
0 0.276108 0.802908 0.032950 0.011916
0 0.244584 0.376924 0.023279 0.007446
0 0.309885 0.802996 0.024970 0.011819
0 0.244679 0.485205 0.011719 0.007338
0 0.264451 0.593940 0.015302 0.007377
0 0.392168 0.528954 0.013507 0.007275
0 0.314478 0.480840 0.009609 0.007261
0 0.370483 0.450430 0.009643 0.007355
0 0.166036 0.397138 0.009879 0.007263
0 0.815172 0.422439 0.009873 0.007335