0 0.252085 0.815406 0.002760 0.002135
0 0.388573 0.901900 0.006287 0.004513
0 0.234683 0.693489 0.002752 0.002070
0 0.255038 0.744604 0.002883 0.002127
0 0.639033 0.736874 0.005819 0.002055
0 0.762651 0.893113 0.025559 0.007891
0 0.786438 0.893184 0.014777 0.007737
0 0.752689 0.901911 0.006264 0.004484
0 0.277750 0.655265 0.005793 0.002047
0 0.246379 0.654832 0.002809 0.001995
0 0.332617 0.658693 0.002789 0.002067
0 0.312801 0.693465 0.003570 0.002038
0 0.277978 0.753208 0.002944 0.001924
0 0.409424 0.893123 0.018376 0.007620
0 0.236365 0.230634 0.005702 0.002078
0 0.271506 0.329704 0.002875 0.002013
0 0.251895 0.170510 0.008541 0.002782
0 0.227176 0.274641 0.002875 0.002013
0 0.409030 0.393154 0.018451 0.007625
0 0.388549 0.401884 0.006226 0.004504
0 0.306759 0.197266 0.002730 0.002161
0 0.270126 0.243543 0.003580 0.001859
0 0.752689 0.401911 0.006264 0.004484
0 0.639033 0.236874 0.005819 0.002055
0 0.762651 0.393113 0.025559 0.007891
0 0.786438 0.393184 0.014777 0.007737
0 0.232241 0.318049 0.002732 0.002061
0 0.347680 0.644574 0.002968 0.002243