0 0.357418 0.405864 0.012333 0.006767
0 0.420289 0.372838 0.010169 0.006479
0 0.507281 0.439761 0.007534 0.006517
0 0.271466 0.645344 0.007534 0.006519
0 0.506775 0.720647 0.012333 0.006767
0 0.577218 0.337184 0.016992 0.006767
0 0.324885 0.500351 0.008021 0.006767
0 0.562048 0.465114 0.008021 0.006767
0 0.535584 0.635748 0.007534 0.006519
0 0.416264 0.460000 0.009913 0.006699
0 0.401129 0.635855 0.009230 0.006642
0 0.269581 0.482204 0.010163 0.006767
0 0.765962 0.925011 0.039883 0.015251
0 0.805612 0.924986 0.029643 0.015758
0 0.207532 0.445629 0.012420 0.007192
0 0.221749 0.445640 0.012247 0.006725
0 0.214293 0.403656 0.004669 0.006958
0 0.575130 0.301826 0.016325 0.005505
0 0.836982 0.942097 0.009668 0.008190