0 0.294188 0.591663 0.016454 0.010693
0 0.416861 0.635381 0.018144 0.009279
0 0.264542 0.703096 0.027795 0.008734
0 0.275175 0.421070 0.028238 0.009433
0 0.517263 0.635700 0.016021 0.009735
0 0.414706 0.702447 0.020695 0.009324
0 0.415761 0.444182 0.036356 0.010690
0 0.483160 0.444956 0.029730 0.010088
0 0.559090 0.487473 0.017232 0.010219
0 0.626672 0.536068 0.028051 0.009735
0 0.601562 0.635609 0.016307 0.009706
0 0.380230 0.348120 0.020375 0.009781
0 0.317229 0.464675 0.027888 0.010479