0 0.582427 0.776064 0.005370 0.003539
0 0.631113 0.701584 0.008755 0.003334
0 0.615242 0.776066 0.005370 0.003520
0 0.665271 0.699347 0.010586 0.003522
0 0.662606 0.760962 0.006305 0.003400
0 0.727343 0.692781 0.009617 0.003357
0 0.606677 0.682972 0.005472 0.003346
0 0.586499 0.708391 0.006442 0.003360
0 0.707044 0.699739 0.005400 0.003326
0 0.725721 0.795175 0.014445 0.003351
0 0.725576 0.790177 0.009460 0.003408
0 0.699091 0.796650 0.006822 0.003360
0 0.714633 0.750228 0.005475 0.003517
0 0.690641 0.664182 0.006923 0.003337
0 0.258720 0.664047 0.006760 0.003380
0 0.257857 0.708504 0.006917 0.003363
0 0.230330 0.712183 0.006508 0.003357
0 0.341671 0.751871 0.005394 0.003537
0 0.330683 0.672854 0.008890 0.003354
0 0.209386 0.771639 0.005394 0.003522
0 0.332703 0.707214 0.005470 0.003343
0 0.202074 0.705925 0.005354 0.003323
0 0.354537 0.690731 0.009593 0.003394
0 0.360065 0.255165 0.005402 0.003508
0 0.254669 0.269642 0.005505 0.003508
0 0.375864 0.307720 0.014521 0.003209
0 0.375769 0.302663 0.009510 0.003411
0 0.376229 0.186773 0.009597 0.003406
0 0.244604 0.771653 0.005485 0.003522
0 0.292251 0.701059 0.010623 0.003508
0 0.289584 0.769571 0.006317 0.003394
0 0.352681 0.797002 0.014509 0.003289
0 0.352664 0.792023 0.009502 0.003351
0 0.327856 0.796995 0.006871 0.003326
0 0.293572 0.158356 0.006798 0.003397
0 0.305770 0.264060 0.006329 0.003394
0 0.248326 0.201765 0.005472 0.003508
0 0.197950 0.169003 0.006772 0.003329
0 0.225571 0.269004 0.008797 0.003337
0 0.193065 0.268953 0.005404 0.003508
0 0.364391 0.155797 0.006051 0.003403
0 0.715067 0.250338 0.005485 0.003508
0 0.727637 0.200963 0.009510 0.003340
0 0.582642 0.259706 0.005364 0.003494
0 0.585510 0.208901 0.006498 0.003337
0 0.726056 0.295321 0.014594 0.003351
0 0.609365 0.183086 0.005364 0.003311
0 0.582347 0.172975 0.006794 0.003351
0 0.669937 0.156646 0.006800 0.003351
0 0.725983 0.290296 0.009416 0.003289
0 0.644963 0.298132 0.006871 0.003383
0 0.707439 0.200392 0.005432 0.003309
0 0.617889 0.259714 0.005394 0.003480
0 0.665547 0.250409 0.006299 0.003366
0 0.201111 0.206357 0.006466 0.003343
0 0.286747 0.306374 0.006772 0.003331
0 0.220549 0.183494 0.005382 0.003323
0 0.321769 0.209340 0.006992 0.003337
0 0.349371 0.201667 0.005481 0.003363
0 0.294680 0.195215 0.010621 0.003522
0 0.631855 0.204859 0.008799 0.003562
0 0.665663 0.204778 0.010705 0.003685
0 0.275754 0.431622 0.018914 0.007033
0 0.294699 0.431744 0.014390 0.007033
0 0.648645 0.431687 0.018914 0.007033
0 0.667822 0.431835 0.014709 0.007033
0 0.275650 0.931932 0.018916 0.007033
0 0.294749 0.931793 0.014532 0.007033
0 0.648661 0.931639 0.018914 0.007033
0 0.667833 0.931516 0.014969 0.007033
0 0.675793 0.439822 0.003441 0.002830
0 0.302698 0.439802 0.003441 0.002830
0 0.302795 0.940037 0.003441 0.002833
0 0.675591 0.939602 0.003441 0.002830
0 0.437154 0.791784 0.009794 0.003665
0 0.437370 0.796790 0.014804 0.003685
0 0.427766 0.751911 0.005394 0.003537
0 0.437366 0.690614 0.009593 0.003394
0 0.127498 0.771513 0.005394 0.003522
0 0.119174 0.705916 0.005658 0.003671