0 0.262237 0.504136 0.012723 0.007474
0 0.372322 0.265810 0.012735 0.007161
0 0.382161 0.334336 0.021165 0.009949
0 0.374783 0.529860 0.017335 0.007098
0 0.407096 0.551021 0.017349 0.007041
0 0.463334 0.465964 0.010966 0.007127
0 0.610210 0.524986 0.003850 0.009094
0 0.527535 0.575770 0.012820 0.007127
0 0.455244 0.847863 0.026634 0.014399
0 0.419742 0.847501 0.035561 0.013903
0 0.605926 0.540733 0.003971 0.014139
0 0.610300 0.545453 0.003790 0.023860
0 0.290118 0.405314 0.012931 0.006870
0 0.459453 0.343734 0.013165 0.007047
0 0.518994 0.391123 0.010494 0.007241
0 0.426171 0.474160 0.017349 0.007044
0 0.263622 0.405718 0.012889 0.007047
0 0.320794 0.516012 0.010482 0.007070
0 0.333860 0.380040 0.010401 0.007098
0 0.536891 0.847788 0.028049 0.014572
0 0.614563 0.592725 0.004183 0.009025