0 0.272608 0.432871 0.009420 0.003318
0 0.208915 0.339962 0.006857 0.003378
0 0.254567 0.331653 0.006857 0.003381
0 0.215890 0.724443 0.034431 0.010904
0 0.255673 0.724513 0.034530 0.011043
0 0.291404 0.724796 0.026121 0.011046
0 0.210510 0.408757 0.005722 0.003512
0 0.258904 0.383036 0.005722 0.003512
0 0.276305 0.614578 0.005722 0.003512
0 0.272769 0.657382 0.006857 0.003378
0 0.229507 0.654283 0.006857 0.003378
0 0.715790 0.724443 0.034429 0.010904
0 0.716818 0.591712 0.008334 0.003378
0 0.708622 0.403087 0.005722 0.003512
0 0.759181 0.386636 0.005720 0.003512
0 0.778497 0.616229 0.005722 0.003512
0 0.793031 0.334679 0.006913 0.003492
0 0.721713 0.514176 0.011009 0.003392
0 0.772400 0.438694 0.009418 0.003318
0 0.709167 0.337484 0.006857 0.003378
0 0.754343 0.337707 0.006857 0.003378
0 0.748902 0.655590 0.007109 0.003620
0 0.216918 0.591713 0.008336 0.003381
0 0.201833 0.660034 0.006913 0.003489
0 0.217375 0.522426 0.011009 0.003392
0 0.317763 0.736770 0.006085 0.004265
0 0.317820 0.741708 0.006141 0.004344
0 0.817750 0.736682 0.006087 0.004265
0 0.817750 0.741732 0.006087 0.004267
0 0.755573 0.724404 0.034528 0.010827
0 0.791304 0.724560 0.026121 0.010573