0 0.773214 0.384211 0.009357 0.006837
0 0.842030 0.358169 0.009246 0.006831
0 0.618184 0.649815 0.019934 0.006794
0 0.652879 0.649810 0.014068 0.006803
0 0.842040 0.277502 0.009226 0.006882
0 0.775745 0.509773 0.019706 0.006620
0 0.642047 0.576329 0.009780 0.006412
0 0.643605 0.499795 0.020218 0.006623
0 0.760399 0.618636 0.014862 0.006831
0 0.829164 0.618666 0.009398 0.006828
0 0.829423 0.453423 0.023262 0.006777
0 0.672604 0.499759 0.020175 0.006432
0 0.705202 0.603319 0.009188 0.006785
0 0.733141 0.499548 0.009905 0.006512
0 0.386638 0.542807 0.009428 0.006594
0 0.271957 0.385513 0.009887 0.006472
0 0.260554 0.553591 0.008926 0.006463
0 0.318054 0.553923 0.008926 0.006466
0 0.305227 0.321864 0.009188 0.006281
0 0.189786 0.534316 0.009531 0.006871
0 0.230444 0.459906 0.019780 0.006378
0 0.320029 0.449165 0.008924 0.006463
0 0.354482 0.391869 0.019676 0.006520
0 0.385024 0.449221 0.023161 0.007030
0 0.168218 0.460138 0.019772 0.006404
0 0.293068 0.707593 0.029387 0.010336
0 0.324958 0.707655 0.022501 0.010333
0 0.318361 0.719350 0.007042 0.005529