0 0.500751 0.901877 0.047085 0.022597
0 0.568685 0.422635 0.023542 0.009113
0 0.488798 0.478277 0.014866 0.009125
0 0.519489 0.598495 0.011842 0.009031
0 0.324103 0.593808 0.011842 0.009361
0 0.313536 0.425557 0.011844 0.009359
0 0.337390 0.518851 0.025463 0.009213
0 0.299276 0.486545 0.012155 0.009036
0 0.530496 0.511217 0.012155 0.009208
0 0.399802 0.456842 0.028740 0.009498
0 0.396573 0.362416 0.018194 0.009427
0 0.420385 0.685717 0.018194 0.009347
0 0.287142 0.685832 0.024451 0.009208
0 0.436925 0.901603 0.061478 0.022437
0 0.423321 0.587553 0.014483 0.009421
0 0.542448 0.924131 0.011052 0.010633
0 0.518312 0.348764 0.011754 0.006804