0 0.364391 0.655654 0.006051 0.003403
0 0.630094 0.699617 0.010697 0.003497
0 0.615480 0.659615 0.006780 0.003323
0 0.543085 0.760266 0.005372 0.003480
0 0.625282 0.758776 0.006256 0.003366
0 0.495561 0.275047 0.005424 0.003511
0 0.580659 0.284024 0.005424 0.003511
0 0.619048 0.284013 0.005507 0.003511
0 0.800010 0.279481 0.005424 0.003494
0 0.511631 0.180517 0.005350 0.003343
0 0.642658 0.212190 0.005513 0.003343
0 0.790649 0.233782 0.005396 0.003380
0 0.563673 0.172401 0.007012 0.003383
0 0.543884 0.303360 0.007010 0.003380
0 0.676502 0.293189 0.007105 0.003380
0 0.575508 0.214165 0.006768 0.003411
0 0.781317 0.324574 0.006792 0.003408
0 0.694895 0.213034 0.006498 0.003309
0 0.742195 0.208007 0.010705 0.003565
0 0.745600 0.286348 0.006289 0.003366
0 0.790651 0.197827 0.007020 0.003354
0 0.177055 0.180809 0.006800 0.003351
0 0.245041 0.146845 0.009591 0.003380
0 0.208978 0.152881 0.005364 0.003494
0 0.202616 0.275665 0.006297 0.003340
0 0.177552 0.139600 0.014181 0.003326
0 0.177592 0.134585 0.009522 0.003323
0 0.227093 0.332789 0.006800 0.003354
0 0.248566 0.203666 0.005374 0.003354
0 0.270421 0.198559 0.005513 0.003394
0 0.355025 0.208017 0.005364 0.003494
0 0.201111 0.706214 0.006466 0.003343
0 0.286747 0.806231 0.006772 0.003331
0 0.220549 0.683351 0.005382 0.003323
0 0.321769 0.709198 0.006992 0.003337
0 0.349371 0.701525 0.005481 0.003363
0 0.675577 0.752746 0.005501 0.003480
0 0.580519 0.760272 0.005374 0.003480
0 0.567316 0.700802 0.006488 0.003366
0 0.664998 0.704916 0.005337 0.003351
0 0.537549 0.702129 0.005337 0.003266
0 0.688924 0.798678 0.014624 0.003340
0 0.688854 0.793735 0.009462 0.003394
0 0.609040 0.795861 0.006804 0.003377
0 0.689908 0.703517 0.009641 0.003397
0 0.331830 0.290507 0.005396 0.003494
0 0.194734 0.218398 0.005362 0.003494
0 0.306779 0.225258 0.006498 0.003323
0 0.252589 0.290943 0.010627 0.003494
0 0.809929 0.327388 0.009422 0.003394
0 0.810081 0.321841 0.014463 0.003294
0 0.483456 0.205946 0.009269 0.003309
0 0.816800 0.228263 0.009301 0.003508
0 0.294680 0.695073 0.010621 0.003522
0 0.360065 0.755023 0.005402 0.003508
0 0.254669 0.769500 0.005505 0.003508
0 0.375864 0.807578 0.014521 0.003209
0 0.675754 0.939681 0.003250 0.002542
0 0.643886 0.931590 0.019063 0.007324
0 0.663055 0.931644 0.014773 0.007324
0 0.275721 0.931488 0.019063 0.007324
0 0.275644 0.431639 0.019065 0.007324
0 0.648681 0.431593 0.019063 0.007324
0 0.294846 0.931471 0.014773 0.007324
0 0.294852 0.431630 0.014773 0.007324
0 0.667921 0.431584 0.014773 0.007324
0 0.302850 0.939601 0.003250 0.002542
0 0.302857 0.439783 0.003252 0.002542
0 0.675754 0.439761 0.003250 0.002542
0 0.774453 0.799097 0.014624 0.003460
0 0.774553 0.794045 0.009670 0.003816
0 0.763080 0.759184 0.005656 0.003833
0 0.775284 0.703321 0.009641 0.003616
0 0.375769 0.802521 0.009510 0.003411
0 0.376229 0.686630 0.009597 0.003406
0 0.293572 0.658213 0.006798 0.003397
0 0.305770 0.763917 0.006329 0.003394
0 0.248326 0.701623 0.005472 0.003508
0 0.197950 0.668860 0.006772 0.003329
0 0.225571 0.768861 0.008797 0.003337
0 0.193065 0.768810 0.005404 0.003508