0 0.418001 0.596274 0.006565 0.005606
0 0.262538 0.635248 0.010250 0.005794
0 0.264139 0.537135 0.006802 0.005685
0 0.428950 0.504943 0.014169 0.005509
0 0.116503 0.623548 0.006563 0.005608
0 0.184802 0.623532 0.006601 0.005663
0 0.398368 0.654630 0.010155 0.005845
0 0.171467 0.539483 0.013915 0.005879
0 0.118034 0.555527 0.010109 0.005794
0 0.123171 0.418307 0.006565 0.005688
0 0.085733 0.438158 0.010274 0.005794
0 0.117918 0.485019 0.014046 0.005814
0 0.351773 0.501178 0.015652 0.006084
0 0.400572 0.482429 0.013778 0.005771
0 0.067256 0.610182 0.013778 0.005774
0 0.731456 0.548102 0.006881 0.005683
0 0.899311 0.542800 0.014169 0.005509
0 0.586226 0.634423 0.006565 0.005608
0 0.654446 0.634430 0.006603 0.005663
0 0.868014 0.665537 0.010157 0.005842
0 0.641142 0.550353 0.013915 0.005882
0 0.587710 0.566405 0.010109 0.005794
0 0.592879 0.429225 0.006565 0.005688
0 0.555409 0.449041 0.010274 0.005794
0 0.587579 0.495936 0.014046 0.005814
0 0.821432 0.512056 0.015593 0.006084
0 0.536953 0.621089 0.013778 0.005774
0 0.769623 0.506265 0.010123 0.005856
0 0.900718 0.495167 0.013599 0.005774
0 0.551508 0.507652 0.013643 0.005745
0 0.649762 0.518081 0.013786 0.005879
0 0.672932 0.560536 0.013766 0.005819
0 0.819568 0.618264 0.006583 0.005825
0 0.769507 0.553434 0.010121 0.005854
0 0.733961 0.583665 0.006887 0.005631
0 0.694864 0.429989 0.011711 0.005608
0 0.872781 0.542270 0.006532 0.005839
0 0.637196 0.463413 0.014062 0.005509
0 0.732213 0.646177 0.010250 0.005794
0 0.887676 0.607137 0.006567 0.005606
0 0.081833 0.496716 0.013643 0.005554
0 0.295789 0.485571 0.013488 0.005819
0 0.180087 0.507140 0.013786 0.005879
0 0.203228 0.549820 0.013766 0.005819
0 0.349884 0.607214 0.006583 0.005828
0 0.292915 0.540574 0.010121 0.005856
0 0.264268 0.572767 0.006887 0.005631
0 0.222825 0.434578 0.011711 0.005606
0 0.405369 0.531300 0.006534 0.005842
0 0.167494 0.452529 0.014062 0.005509
0 0.736034 0.380928 0.029609 0.005868
0 0.222520 0.303579 0.029432 0.005751
0 0.747437 0.773072 0.020657 0.009290
0 0.768543 0.772985 0.015942 0.009077
0 0.870125 0.493304 0.013484 0.005771
0 0.258613 0.302059 0.008521 0.004933
0 0.258665 0.366632 0.008521 0.004936
0 0.693414 0.321046 0.008521 0.004936
0 0.735108 0.321046 0.008523 0.004936
0 0.430547 0.649322 0.008843 0.003847
0 0.900235 0.660160 0.008843 0.003847
0 0.261856 0.773015 0.020657 0.009290
0 0.282915 0.772837 0.015944 0.009077