0 0.349347 0.362737 0.013403 0.008489
0 0.464419 0.796632 0.054592 0.013977
0 0.514237 0.796750 0.031985 0.014213
0 0.546891 0.796987 0.020931 0.014213
0 0.579963 0.796632 0.032821 0.013977
0 0.627545 0.409448 0.014671 0.006759
0 0.627849 0.481869 0.012571 0.008264
0 0.489065 0.457923 0.014076 0.008264
0 0.347960 0.491588 0.005656 0.008398
0 0.551613 0.813741 0.010133 0.007808
0 0.651696 0.786538 0.023347 0.006229
0 0.673047 0.786615 0.013971 0.006588
0 0.815777 0.877115 0.043321 0.015439