0 0.385974 0.544796 0.008569 0.006400
0 0.485511 0.900795 0.030304 0.015068
0 0.448740 0.901331 0.039754 0.014795
0 0.481158 0.641890 0.009802 0.006317
0 0.398188 0.638703 0.008361 0.006117
0 0.455038 0.720569 0.012165 0.006280
0 0.375740 0.721050 0.017200 0.006320
0 0.572171 0.720569 0.012453 0.006440
0 0.563385 0.667667 0.008468 0.006234
0 0.562629 0.656412 0.008220 0.005989
0 0.590200 0.602298 0.008768 0.006340
0 0.484520 0.501981 0.019123 0.006454
0 0.419296 0.507179 0.009754 0.006388