0 0.624981 0.829145 0.005569 0.003528
0 0.816807 0.757729 0.009690 0.003266
0 0.728065 0.177069 0.008021 0.003531
0 0.663762 0.329159 0.005468 0.003465
0 0.723199 0.246971 0.005761 0.003192
0 0.719293 0.329148 0.005569 0.003545
0 0.528722 0.223279 0.009581 0.003411
0 0.682862 0.279231 0.005571 0.003203
0 0.662694 0.230588 0.005561 0.003320
0 0.606618 0.218321 0.010544 0.003414
0 0.251922 0.821654 0.005662 0.003371
0 0.310380 0.862784 0.006849 0.003311
0 0.343349 0.314705 0.005384 0.003460
0 0.194805 0.746821 0.005543 0.003280
0 0.264604 0.667184 0.009543 0.003363
0 0.412235 0.888639 0.009655 0.003326
0 0.378283 0.811787 0.005384 0.003363
0 0.386098 0.778594 0.005337 0.003354
0 0.323573 0.757630 0.010600 0.003320
0 0.277634 0.754219 0.008688 0.003309
0 0.785330 0.888628 0.009537 0.003337
0 0.569461 0.829018 0.005458 0.003571
0 0.567806 0.746897 0.005601 0.003283
0 0.736118 0.862796 0.006901 0.003283
0 0.696747 0.082823 0.006103 0.003531
0 0.580784 0.615754 0.006033 0.003460
0 0.285411 0.442495 0.025422 0.009624
0 0.800793 0.442512 0.025422 0.009624
0 0.800599 0.942947 0.025422 0.009627
0 0.428036 0.942562 0.025422 0.009627
0 0.310622 0.442817 0.020336 0.008740
0 0.825906 0.442620 0.020339 0.008740
0 0.826323 0.942353 0.020339 0.008740
0 0.303017 0.261801 0.005442 0.003283
0 0.787621 0.819622 0.009448 0.003212
0 0.567697 0.164412 0.009357 0.003403
0 0.175255 0.341881 0.006790 0.003420
0 0.509090 0.391632 0.009593 0.003195
0 0.541602 0.311918 0.005348 0.003403
0 0.526143 0.284782 0.009655 0.003465
0 0.545886 0.284792 0.005392 0.003024
0 0.167574 0.263762 0.005335 0.003243
0 0.152075 0.234077 0.009607 0.003252
0 0.152063 0.201587 0.009506 0.003363
0 0.161469 0.132917 0.009377 0.003326
0 0.555560 0.665284 0.008046 0.003460
0 0.309016 0.707135 0.006962 0.003240
0 0.310853 0.815725 0.005374 0.003254
0 0.196334 0.821667 0.005329 0.003403
0 0.759347 0.778635 0.005388 0.003482
0 0.683889 0.815705 0.005493 0.003249
0 0.232868 0.785177 0.005753 0.003656
0 0.308270 0.141268 0.009569 0.003357
0 0.275434 0.214534 0.005352 0.003374
0 0.231659 0.224313 0.010548 0.003320
0 0.606960 0.319135 0.005372 0.003343
0 0.553327 0.362982 0.006931 0.003371
0 0.165098 0.298095 0.005348 0.003309
0 0.345773 0.222229 0.005569 0.003368
0 0.230049 0.298175 0.005446 0.003280
0 0.747031 0.811728 0.005386 0.003257
0 0.288241 0.314694 0.005614 0.003329
0 0.423081 0.797164 0.006964 0.003414
0 0.684391 0.718230 0.010584 0.003283
0 0.637355 0.667200 0.009492 0.003531
0 0.605801 0.785355 0.005493 0.003283
0 0.404542 0.136228 0.006150 0.003309
0 0.207672 0.615938 0.006095 0.003371
0 0.379460 0.185727 0.008096 0.003309
0 0.182573 0.664940 0.008140 0.003371