0 0.502554 0.420818 0.012159 0.007269
0 0.421354 0.373720 0.009657 0.008027
0 0.487562 0.338141 0.014757 0.007417
0 0.529717 0.343689 0.020127 0.007486
0 0.422487 0.575147 0.022778 0.007603
0 0.500490 0.581544 0.011498 0.007905
0 0.447355 0.890676 0.040585 0.014641
0 0.489270 0.890633 0.031215 0.014800
0 0.511454 0.909287 0.011963 0.008181
0 0.401673 0.461318 0.012054 0.007352
0 0.459346 0.659813 0.014757 0.007414
0 0.418349 0.512598 0.019887 0.008099
0 0.480839 0.510637 0.011699 0.007420
0 0.347158 0.504145 0.011792 0.006169