0 0.648470 0.613386 0.006583 0.005597
0 0.562113 0.607375 0.013969 0.005443
0 0.609071 0.519317 0.010264 0.005851
0 0.709347 0.537136 0.013754 0.006121
0 0.711732 0.476170 0.011616 0.005711
0 0.857532 0.491133 0.015616 0.006027
0 0.558588 0.436992 0.013838 0.005908
0 0.561884 0.528749 0.014024 0.005420
0 0.520853 0.587153 0.006591 0.005608
0 0.599946 0.625294 0.010131 0.005851
0 0.650879 0.530633 0.010066 0.005757
0 0.770085 0.562883 0.006802 0.005645
0 0.855722 0.597410 0.006552 0.005831
0 0.769951 0.527160 0.006901 0.005617
0 0.798690 0.530637 0.010115 0.005794
0 0.906476 0.472407 0.013488 0.005571
0 0.911561 0.521385 0.006510 0.005751
0 0.923872 0.586250 0.006522 0.005757
0 0.768345 0.625256 0.010242 0.005794
0 0.935162 0.492932 0.014092 0.005512
0 0.233523 0.431019 0.015045 0.005588
0 0.361938 0.547814 0.006552 0.005620
0 0.307149 0.547932 0.006762 0.005520
0 0.158889 0.515785 0.006679 0.005683
0 0.236429 0.547982 0.006655 0.005512
0 0.179679 0.583873 0.010214 0.005751
0 0.139263 0.400077 0.013593 0.005717
0 0.141176 0.446321 0.013998 0.005648
0 0.171668 0.438367 0.013681 0.005375
0 0.185266 0.376096 0.013671 0.005665
0 0.373106 0.356797 0.011709 0.005557
0 0.292773 0.445026 0.010397 0.005668
0 0.337430 0.440617 0.006776 0.005440
0 0.370334 0.476698 0.013842 0.005942
0 0.695491 0.613386 0.006492 0.005648
0 0.665638 0.416711 0.029349 0.005819
0 0.904097 0.644339 0.010411 0.006375
0 0.721293 0.773008 0.020925 0.009470
0 0.742337 0.773222 0.016111 0.009470
0 0.267791 0.753035 0.020925 0.009473
0 0.288966 0.752905 0.015982 0.009470
0 0.291435 0.764253 0.005888 0.005207
0 0.936220 0.638998 0.009567 0.004534
0 0.140437 0.581922 0.009567 0.004534
0 0.520859 0.526807 0.014417 0.006347
0 0.558110 0.478559 0.013580 0.006632
0 0.625633 0.415611 0.008779 0.005711
0 0.734741 0.406406 0.008781 0.005711
0 0.734665 0.354337 0.008781 0.005711
0 0.801461 0.475322 0.013580 0.006632
0 0.680809 0.530372 0.014417 0.006347