0 0.620387 0.575922 0.011836 0.004170
0 0.726527 0.537097 0.006769 0.004205
0 0.151146 0.421968 0.011802 0.004188
0 0.165852 0.528016 0.006882 0.004008
0 0.655335 0.576797 0.008565 0.004205
0 0.381616 0.489314 0.005743 0.004188
0 0.795972 0.547259 0.005831 0.004205
0 0.340752 0.454873 0.007031 0.004045
0 0.239334 0.414508 0.013487 0.004188
0 0.630755 0.399658 0.011838 0.004185
0 0.719107 0.392145 0.013485 0.004148
0 0.775563 0.371210 0.008692 0.004188
0 0.810471 0.363704 0.012209 0.004205
0 0.662198 0.423910 0.005771 0.004022
0 0.806366 0.430891 0.005769 0.004022
0 0.848368 0.441444 0.007009 0.003994
0 0.645498 0.505517 0.006855 0.004062
0 0.904135 0.444507 0.017744 0.004236
0 0.447581 0.658824 0.025942 0.006639
0 0.186401 0.385003 0.012294 0.004441
0 0.182282 0.446303 0.006007 0.004208
0 0.140784 0.598193 0.011852 0.004538
0 0.175663 0.599065 0.008541 0.004686
0 0.246839 0.559518 0.006801 0.004270
0 0.316085 0.569552 0.006289 0.004276
0 0.373352 0.569155 0.005967 0.004786
0 0.387431 0.392125 0.017555 0.003863
0 0.291646 0.397491 0.008811 0.004618
0 0.852918 0.546675 0.006057 0.004695
0 0.727867 0.749478 0.025580 0.009196
0 0.753966 0.749170 0.019825 0.009196
0 0.257071 0.749233 0.025580 0.009196
0 0.283071 0.748897 0.019667 0.009196
0 0.509889 0.485603 0.025942 0.006639
0 0.563993 0.352795 0.025942 0.006639
0 0.084080 0.375338 0.025942 0.006639
0 0.029345 0.511102 0.025084 0.006639