0 0.354359 0.275533 0.007614 0.007777
0 0.587659 0.384031 0.015861 0.007475
0 0.470959 0.771355 0.011630 0.006580
0 0.443042 0.298440 0.016448 0.006022
0 0.300944 0.576741 0.017508 0.008256
0 0.265037 0.637008 0.016071 0.005683
0 0.382124 0.711329 0.008035 0.006877
0 0.502126 0.667514 0.008241 0.006580
0 0.527851 0.553951 0.014211 0.006820
0 0.527885 0.497753 0.015013 0.007475
0 0.468908 0.423311 0.008035 0.007774
0 0.349539 0.389933 0.007612 0.008615
0 0.802401 0.933748 0.025865 0.009792
0 0.827924 0.933735 0.019148 0.008849
0 0.326386 0.484661 0.015936 0.007196
0 0.501207 0.309446 0.007097 0.006757
0 0.474108 0.534286 0.007097 0.006754