0 0.282422 0.508595 0.006113 0.005004
0 0.660428 0.465063 0.004600 0.004403
0 0.770827 0.384608 0.005313 0.004332
0 0.681280 0.550559 0.005398 0.004332
0 0.714566 0.462492 0.007217 0.004392
0 0.749601 0.770393 0.014644 0.008487
0 0.770776 0.318696 0.005557 0.004488
0 0.706668 0.308044 0.004705 0.003149
0 0.707654 0.388491 0.005668 0.004363
0 0.708466 0.493299 0.010085 0.004420
0 0.762192 0.550774 0.005404 0.004357
0 0.663227 0.611191 0.014658 0.005819
0 0.776528 0.462059 0.011130 0.004523
0 0.693107 0.618541 0.010486 0.005848
0 0.397281 0.506935 0.011221 0.006523
0 0.364388 0.441300 0.004739 0.004645
0 0.169995 0.530818 0.006204 0.004782
0 0.341628 0.391858 0.010683 0.004816
0 0.352125 0.508363 0.006204 0.004785
0 0.340501 0.584249 0.011221 0.006526
0 0.228690 0.344658 0.010574 0.004882
0 0.161368 0.473591 0.004739 0.004645
0 0.282081 0.391733 0.012029 0.005654
0 0.199180 0.448816 0.006383 0.004830
0 0.226536 0.398424 0.007858 0.004964
0 0.216483 0.530868 0.006204 0.004785
0 0.370425 0.577102 0.015092 0.006703
0 0.730070 0.770095 0.019784 0.009270
0 0.279678 0.770188 0.014644 0.008487
0 0.259933 0.769990 0.019784 0.009270
0 0.638014 0.394134 0.009645 0.005805