0 0.162483 0.432144 0.019805 0.006495
0 0.838067 0.549719 0.015061 0.006791
0 0.769568 0.523351 0.009500 0.006783
0 0.760881 0.422006 0.023248 0.006811
0 0.701368 0.421995 0.009087 0.006788
0 0.632076 0.407589 0.020147 0.006452
0 0.640490 0.523314 0.009756 0.006475
0 0.632257 0.443665 0.019750 0.006669
0 0.896753 0.448396 0.009214 0.006754
0 0.662731 0.392998 0.019821 0.006765
0 0.839421 0.448259 0.009851 0.006423
0 0.806327 0.453163 0.019686 0.006537
0 0.895396 0.549771 0.009087 0.006791
0 0.193125 0.381469 0.019621 0.006369
0 0.162510 0.396201 0.019917 0.006389
0 0.427169 0.436820 0.009265 0.006714
0 0.369761 0.436818 0.009553 0.006386
0 0.336726 0.441500 0.019734 0.006552
0 0.291163 0.410385 0.022930 0.006783
0 0.170904 0.511790 0.009379 0.006144
0 0.299884 0.511641 0.010504 0.006982
0 0.766825 0.707419 0.029398 0.009954
0 0.297191 0.707475 0.029192 0.009900
0 0.328864 0.707553 0.022708 0.009744
0 0.798541 0.707756 0.022543 0.009966
0 0.791953 0.719345 0.006865 0.005369
0 0.322294 0.719333 0.006913 0.005335
0 0.366853 0.538180 0.009466 0.007395
0 0.425660 0.538491 0.009611 0.007258
0 0.233895 0.537891 0.015039 0.006874