0 0.288570 0.833785 0.006696 0.004189
0 0.207076 0.816127 0.006798 0.004041
0 0.196490 0.868025 0.011888 0.004246
0 0.574450 0.604997 0.011854 0.004283
0 0.659233 0.734548 0.005612 0.004315
0 0.612557 0.813814 0.006960 0.004260
0 0.683509 0.657479 0.005636 0.004146
0 0.653084 0.792506 0.012063 0.004295
0 0.605261 0.757854 0.008870 0.004320
0 0.597718 0.683290 0.006732 0.004295
0 0.573794 0.843088 0.011775 0.004295
0 0.572395 0.804981 0.008582 0.004366
0 0.651795 0.824772 0.005638 0.004317
0 0.693614 0.734967 0.006929 0.004275
0 0.721381 0.656929 0.005636 0.004146
0 0.638049 0.648974 0.013409 0.004429
0 0.608145 0.605714 0.008549 0.004263
0 0.226839 0.634266 0.005674 0.004218
0 0.226707 0.866207 0.008517 0.004195
0 0.314991 0.712207 0.008471 0.004198
0 0.220416 0.568433 0.011809 0.004201
0 0.275376 0.660093 0.005569 0.004243
0 0.279610 0.593431 0.005595 0.004246
0 0.226210 0.687273 0.007101 0.004109
0 0.199342 0.731074 0.012063 0.004246
0 0.220987 0.749836 0.005674 0.004226
0 0.285894 0.754895 0.013298 0.004420
0 0.186355 0.218859 0.005614 0.004135
0 0.569531 0.368168 0.011888 0.004246
0 0.580117 0.316270 0.006798 0.004041
0 0.661611 0.333927 0.006696 0.004189
0 0.658934 0.255037 0.013298 0.004420
0 0.594027 0.249979 0.005672 0.004226
0 0.572383 0.231217 0.012063 0.004246
0 0.599249 0.187415 0.007099 0.004109
0 0.652651 0.093574 0.005595 0.004246
0 0.648414 0.160235 0.005569 0.004243
0 0.800277 0.437687 0.004785 0.003839
0 0.427277 0.937650 0.004785 0.003839
0 0.799254 0.429219 0.016796 0.008527
0 0.697183 0.944625 0.016796 0.008527
0 0.426124 0.929313 0.016798 0.008527
0 0.776474 0.429191 0.021950 0.008589
0 0.674753 0.944624 0.021950 0.008592
0 0.403812 0.929068 0.021950 0.008589
0 0.593457 0.068575 0.011809 0.004201
0 0.688031 0.212350 0.008471 0.004198
0 0.599747 0.366349 0.008517 0.004195
0 0.371517 0.164592 0.011956 0.004146
0 0.599879 0.134409 0.005674 0.004218
0 0.214016 0.188672 0.006939 0.003990
0 0.190121 0.264044 0.005545 0.004144
0 0.236826 0.264030 0.005543 0.004144
0 0.294713 0.256223 0.006629 0.004141
0 0.357895 0.244950 0.006853 0.003990
0 0.296735 0.182119 0.013268 0.004312
0 0.342983 0.128223 0.011753 0.004175
0 0.374363 0.302096 0.011854 0.004175
0 0.346261 0.303524 0.008444 0.004135
0 0.254799 0.140316 0.008336 0.004132
0 0.345639 0.190885 0.005612 0.004135
0 0.421811 0.160940 0.020363 0.005911
0 0.303542 0.429260 0.021950 0.008592
0 0.325816 0.429228 0.016798 0.008527
0 0.326529 0.437754 0.004785 0.003842