0 0.164707 0.526478 0.006754 0.004400
0 0.345199 0.571177 0.018567 0.004412
0 0.269027 0.514672 0.008052 0.004437
0 0.168261 0.462444 0.008293 0.004340
0 0.243089 0.574795 0.008886 0.004585
0 0.345228 0.564943 0.012144 0.004454
0 0.164326 0.417333 0.008966 0.004662
0 0.198353 0.429840 0.006752 0.004508
0 0.739232 0.518930 0.007902 0.004221
0 0.331438 0.514682 0.006905 0.004417
0 0.321833 0.451798 0.006841 0.004166
0 0.209086 0.526488 0.006792 0.004380
0 0.269234 0.457449 0.013480 0.004383
0 0.226669 0.457562 0.011078 0.004203
0 0.717580 0.743163 0.023554 0.008971
0 0.741747 0.743076 0.018138 0.008917
0 0.751614 0.753367 0.003844 0.002984
0 0.247951 0.743146 0.023554 0.008971
0 0.272108 0.743126 0.018138 0.008914
0 0.281965 0.753376 0.003844 0.002984
0 0.274615 0.396721 0.008561 0.004221
0 0.660072 0.424618 0.006877 0.004141
0 0.636696 0.456210 0.008168 0.004469
0 0.634094 0.525194 0.006794 0.004506
0 0.678389 0.525148 0.007074 0.004705
0 0.791267 0.518777 0.006746 0.004497
0 0.818639 0.461213 0.008904 0.004791
0 0.791008 0.453853 0.007062 0.004634
0 0.804870 0.408199 0.007387 0.004520
0 0.691982 0.449048 0.011483 0.004668
0 0.739963 0.449429 0.013607 0.004762
0 0.347262 0.452318 0.011973 0.004608
0 0.631309 0.405284 0.018382 0.004423
0 0.708127 0.577472 0.008771 0.004474
0 0.719669 0.396006 0.009061 0.004739
0 0.632433 0.397804 0.012023 0.004563