0 0.858606 0.552412 0.009067 0.005115
0 0.656379 0.567686 0.005980 0.004936
0 0.763625 0.417512 0.009067 0.005061
0 0.821402 0.549470 0.006008 0.004953
0 0.199166 0.482928 0.007387 0.004973
0 0.292831 0.599789 0.009055 0.005078
0 0.390630 0.603377 0.012696 0.005061
0 0.158966 0.436426 0.011711 0.004902
0 0.236420 0.467019 0.005968 0.004919
0 0.181905 0.558404 0.006019 0.004902
0 0.295651 0.552572 0.007131 0.005115
0 0.836716 0.489644 0.012557 0.005135
0 0.387817 0.469782 0.012660 0.005081
0 0.282448 0.444188 0.014084 0.005081
0 0.169822 0.508406 0.005652 0.005133
0 0.365523 0.540331 0.005980 0.004919
0 0.756728 0.552404 0.007133 0.005098
0 0.324034 0.421287 0.009067 0.005098
0 0.230350 0.558394 0.005994 0.004882
0 0.755039 0.605174 0.009067 0.005081
0 0.808258 0.488732 0.005994 0.005095
0 0.628237 0.454481 0.011711 0.004916
0 0.698875 0.567694 0.005994 0.004919
0 0.682126 0.496717 0.007423 0.004936
0 0.646269 0.520030 0.006019 0.005098
0 0.763992 0.464050 0.014100 0.005135
0 0.717956 0.478715 0.006019 0.005061
0 0.840193 0.618944 0.012710 0.005115
0 0.347946 0.478277 0.006031 0.005292
0 0.271646 0.715054 0.004755 0.004990
0 0.269211 0.703663 0.014457 0.008569
0 0.249884 0.703826 0.018906 0.008678
0 0.735767 0.743692 0.004755 0.004990
0 0.733252 0.732467 0.014459 0.008569
0 0.713934 0.732578 0.018906 0.008678
0 0.661687 0.387296 0.006458 0.003671
0 0.655256 0.393487 0.008166 0.004488
0 0.665703 0.393413 0.011298 0.004488
0 0.195318 0.369015 0.006458 0.003673
0 0.188969 0.375427 0.008166 0.004488
0 0.199434 0.375365 0.011296 0.004488