0 0.306779 0.225258 0.006498 0.003323
0 0.194734 0.218398 0.005362 0.003494
0 0.331830 0.290507 0.005396 0.003494
0 0.364391 0.655654 0.006051 0.003403
0 0.193065 0.768810 0.005404 0.003508
0 0.225571 0.768861 0.008797 0.003337
0 0.197950 0.668860 0.006772 0.003329
0 0.248326 0.701623 0.005472 0.003508
0 0.305770 0.763917 0.006329 0.003394
0 0.293572 0.658213 0.006798 0.003397
0 0.376229 0.686630 0.009597 0.003406
0 0.375769 0.802521 0.009510 0.003411
0 0.375864 0.807578 0.014521 0.003209
0 0.254669 0.769500 0.005505 0.003508
0 0.360065 0.755023 0.005402 0.003508
0 0.294680 0.695073 0.010621 0.003522
0 0.349371 0.701525 0.005481 0.003363
0 0.321769 0.709198 0.006992 0.003337
0 0.220549 0.683351 0.005382 0.003323
0 0.584060 0.764675 0.005412 0.003554
0 0.569079 0.667642 0.007020 0.003411
0 0.579142 0.708914 0.006839 0.003397
0 0.500309 0.760131 0.005414 0.003551
0 0.553818 0.701277 0.006806 0.003386
0 0.491009 0.706368 0.009269 0.003428
0 0.768701 0.802095 0.006913 0.003465
0 0.813700 0.802947 0.014513 0.003351
0 0.813505 0.798004 0.009541 0.003411
0 0.749120 0.760185 0.006297 0.003380
0 0.742584 0.708004 0.010746 0.003508
0 0.802256 0.760120 0.005487 0.003494
0 0.555956 0.760909 0.006810 0.003391
0 0.501190 0.808507 0.006825 0.003368
0 0.790014 0.708780 0.005460 0.003351
0 0.740035 0.662813 0.006792 0.003237
0 0.603935 0.801825 0.006786 0.003377
0 0.511144 0.674815 0.005404 0.003354
0 0.482398 0.669732 0.006766 0.003374
0 0.692760 0.704645 0.006488 0.003351
0 0.681462 0.792015 0.007010 0.003340
0 0.813277 0.703380 0.009633 0.003443
0 0.647375 0.708793 0.005501 0.003354
0 0.623485 0.764661 0.005523 0.003497
0 0.549320 0.798558 0.007058 0.003408
0 0.201111 0.706214 0.006466 0.003343
0 0.275742 0.431556 0.018976 0.006993
0 0.294979 0.431768 0.014354 0.006911
0 0.648622 0.431750 0.018976 0.006993
0 0.667854 0.431664 0.014725 0.006993
0 0.648714 0.931459 0.018976 0.006993
0 0.667880 0.931288 0.014471 0.006993
0 0.275674 0.931659 0.018976 0.006993
0 0.294733 0.931411 0.014685 0.006993
0 0.302835 0.939674 0.003196 0.002385
0 0.675734 0.939668 0.003196 0.002385
0 0.675734 0.439716 0.003196 0.002385
0 0.302760 0.439866 0.003196 0.002388
0 0.286747 0.806231 0.006772 0.003331
0 0.355025 0.208017 0.005364 0.003494
0 0.270421 0.198559 0.005513 0.003394
0 0.248566 0.203666 0.005374 0.003354
0 0.227093 0.332789 0.006800 0.003354
0 0.177592 0.134585 0.009522 0.003323
0 0.177552 0.139600 0.014181 0.003326
0 0.202616 0.275665 0.006297 0.003340
0 0.208978 0.152881 0.005364 0.003494
0 0.245041 0.146845 0.009591 0.003380
0 0.177055 0.180809 0.006800 0.003351
0 0.790651 0.197827 0.007020 0.003354
0 0.745600 0.286348 0.006289 0.003366
0 0.742195 0.208007 0.010705 0.003565
0 0.694895 0.213034 0.006498 0.003309
0 0.781317 0.324574 0.006792 0.003408
0 0.575508 0.214165 0.006768 0.003411
0 0.676502 0.293189 0.007105 0.003380
0 0.543884 0.303360 0.007010 0.003380
0 0.563673 0.172401 0.007012 0.003383
0 0.790649 0.233782 0.005396 0.003380
0 0.642658 0.212190 0.005513 0.003343
0 0.511631 0.180517 0.005350 0.003343
0 0.800010 0.279481 0.005424 0.003494
0 0.619048 0.284013 0.005507 0.003511
0 0.580659 0.284024 0.005424 0.003511
0 0.495561 0.275047 0.005424 0.003511
0 0.816800 0.228263 0.009301 0.003508
0 0.483456 0.205946 0.009269 0.003309
0 0.810081 0.321841 0.014463 0.003294
0 0.809929 0.327388 0.009422 0.003394
0 0.252589 0.290943 0.010627 0.003494