0 0.901005 0.488089 0.019653 0.006614
0 0.880020 0.529930 0.014725 0.006563
0 0.642738 0.436600 0.009780 0.006412
0 0.951060 0.498320 0.009398 0.006831
0 0.576017 0.365584 0.014922 0.006831
0 0.665873 0.367773 0.019936 0.006837
0 0.991335 0.546646 0.014937 0.006828
0 0.649825 0.333445 0.019927 0.006794
0 0.833424 0.523031 0.009254 0.006831
0 0.868973 0.465587 0.009383 0.006837
0 0.745915 0.375923 0.009899 0.006421
0 0.964254 0.427934 0.009121 0.006840
0 0.920177 0.555480 0.023147 0.006754
0 0.626004 0.365321 0.020064 0.006429
0 0.692585 0.457180 0.009119 0.006785
0 0.665954 0.384135 0.020218 0.006623
0 0.425720 0.549771 0.009087 0.006791
0 0.336651 0.453163 0.019686 0.006537
0 0.369745 0.448259 0.009851 0.006423
0 0.193056 0.392998 0.019821 0.006765
0 0.427077 0.448396 0.009214 0.006754
0 0.162581 0.443665 0.019750 0.006669
0 0.170814 0.523314 0.009756 0.006475
0 0.162401 0.407589 0.020147 0.006452
0 0.231693 0.421995 0.009087 0.006788
0 0.291205 0.422006 0.023248 0.006811
0 0.299892 0.523351 0.009500 0.006783
0 0.368391 0.549719 0.015061 0.006791
0 0.768157 0.457112 0.015013 0.006831
0 0.766781 0.707700 0.029484 0.010305
0 0.798656 0.707603 0.022756 0.009929
0 0.790137 0.718991 0.006911 0.005449
0 0.322382 0.719233 0.006911 0.005449
0 0.297243 0.707569 0.029484 0.010305
0 0.329085 0.707606 0.022756 0.009929