0 0.212354 0.193889 0.005684 0.004192
0 0.190049 0.146300 0.008485 0.004181
0 0.337621 0.265073 0.005567 0.004212
0 0.561792 0.215553 0.005628 0.004141
0 0.718680 0.190305 0.005630 0.004138
0 0.672978 0.122834 0.008447 0.004175
0 0.667660 0.308659 0.008444 0.004175
0 0.744483 0.125975 0.008447 0.004175
0 0.716026 0.125970 0.011745 0.004132
0 0.218635 0.147442 0.011817 0.004198
0 0.742147 0.167874 0.012007 0.004155
0 0.669764 0.181361 0.013250 0.004152
0 0.588412 0.187961 0.007040 0.003964
0 0.563139 0.263463 0.005545 0.004121
0 0.609853 0.263480 0.005545 0.004189
0 0.356563 0.775561 0.005561 0.004272
0 0.356646 0.695940 0.007099 0.004124
0 0.213342 0.696435 0.005640 0.004178
0 0.318514 0.702679 0.005640 0.004218
0 0.219605 0.649970 0.011832 0.004209
0 0.301018 0.656536 0.008515 0.004192
0 0.217100 0.805235 0.008404 0.004195
0 0.261862 0.704336 0.013331 0.004346
0 0.260906 0.302992 0.008396 0.004184
0 0.187534 0.302960 0.011916 0.004238
0 0.205318 0.752486 0.006881 0.004095
0 0.188546 0.805506 0.011930 0.004320
0 0.261745 0.764618 0.006690 0.004203
0 0.193344 0.677810 0.012116 0.004238
0 0.314635 0.775570 0.005603 0.004272
0 0.599747 0.866207 0.008517 0.004195
0 0.593457 0.568433 0.011809 0.004201
0 0.648414 0.660093 0.005569 0.004243
0 0.652651 0.593431 0.005595 0.004246
0 0.599249 0.687273 0.007099 0.004109
0 0.572383 0.731074 0.012063 0.004246
0 0.594027 0.749836 0.005672 0.004226
0 0.661611 0.833785 0.006696 0.004189
0 0.580117 0.816127 0.006798 0.004041
0 0.667749 0.255648 0.006641 0.004121
0 0.730933 0.244357 0.006839 0.004007
0 0.747413 0.301409 0.011872 0.004175
0 0.355659 0.193381 0.007074 0.004055
0 0.317594 0.200264 0.005698 0.004249
0 0.193303 0.177240 0.012027 0.004198
0 0.204326 0.249912 0.006891 0.004075
0 0.260763 0.262069 0.006667 0.004195
0 0.260825 0.201736 0.013329 0.004372
0 0.255088 0.140452 0.008414 0.004181
0 0.663000 0.429367 0.021934 0.008521
0 0.685208 0.429366 0.017092 0.008296
0 0.686360 0.437633 0.004874 0.003958
0 0.776584 0.929169 0.021936 0.008524
0 0.799020 0.929280 0.016710 0.008524
0 0.800216 0.937585 0.004808 0.004055
0 0.303103 0.928974 0.021934 0.008521
0 0.325379 0.929360 0.016710 0.008524
0 0.326528 0.937687 0.004808 0.004055
0 0.313307 0.437625 0.004806 0.004055
0 0.290365 0.429647 0.021934 0.008521
0 0.312383 0.429246 0.017092 0.008296
0 0.794603 0.160915 0.020627 0.006412
0 0.835546 0.268119 0.020627 0.006412
0 0.569531 0.867747 0.011888 0.004802
0 0.599726 0.634266 0.005980 0.004218
0 0.687913 0.712154 0.008708 0.004303
0 0.658934 0.754628 0.013298 0.004953