0 0.211780 0.531522 0.013877 0.005922
0 0.272525 0.330372 0.006464 0.005799
0 0.551508 0.496716 0.013643 0.005554
0 0.765464 0.485571 0.013488 0.005819
0 0.649762 0.507140 0.013786 0.005879
0 0.672903 0.549820 0.013766 0.005819
0 0.819560 0.607214 0.006583 0.005828
0 0.762590 0.540574 0.010121 0.005856
0 0.733943 0.572767 0.006887 0.005631
0 0.692501 0.434578 0.011711 0.005606
0 0.692195 0.303579 0.029432 0.005751
0 0.875044 0.531300 0.006534 0.005842
0 0.637170 0.452529 0.014062 0.005509
0 0.887677 0.596274 0.006565 0.005606
0 0.732213 0.635248 0.010250 0.005794
0 0.733814 0.537135 0.006802 0.005685
0 0.898626 0.504943 0.014169 0.005509
0 0.586179 0.623548 0.006563 0.005608
0 0.654477 0.623532 0.006601 0.005663
0 0.868044 0.654630 0.010155 0.005845
0 0.641142 0.539483 0.013915 0.005879
0 0.587710 0.555527 0.010109 0.005794
0 0.592847 0.418307 0.006565 0.005688
0 0.555409 0.438158 0.010274 0.005794
0 0.587593 0.485019 0.014046 0.005814
0 0.821449 0.501178 0.015652 0.006084
0 0.536931 0.610182 0.013778 0.005774
0 0.870248 0.482429 0.013778 0.005771
0 0.216577 0.487256 0.013653 0.005648
0 0.214942 0.423414 0.006804 0.005460
0 0.291184 0.480958 0.010085 0.006110
0 0.284435 0.630712 0.006613 0.005677
0 0.174670 0.520883 0.014074 0.005403
0 0.339891 0.480269 0.013411 0.006136
0 0.197729 0.602719 0.006633 0.005403
0 0.300960 0.533783 0.015513 0.005737
0 0.298587 0.411918 0.006466 0.005591
0 0.347588 0.604544 0.013468 0.005731
0 0.220579 0.674513 0.010121 0.005725
0 0.151942 0.415608 0.011755 0.005569
0 0.179518 0.674981 0.008874 0.003614
0 0.900259 0.649373 0.008876 0.004075
0 0.728283 0.302046 0.008314 0.005141
0 0.728307 0.366777 0.008314 0.005141
0 0.441038 0.745181 0.020564 0.008544
0 0.462045 0.745175 0.015301 0.008424
0 0.464600 0.756733 0.005154 0.004688
0 0.731645 0.772915 0.020566 0.008544
0 0.752695 0.772915 0.015827 0.008544