0 0.248337 0.359852 0.023281 0.007446
0 0.248394 0.468485 0.011717 0.007340
0 0.850330 0.450430 0.009643 0.007355
0 0.397114 0.516844 0.013507 0.007275
0 0.276108 0.802909 0.032950 0.011918
0 0.309885 0.802995 0.024970 0.011822
0 0.169777 0.380445 0.009881 0.007263
0 0.755955 0.802908 0.032950 0.011916
0 0.789732 0.802996 0.024970 0.011819
0 0.724525 0.485205 0.011719 0.007338
0 0.744298 0.593940 0.015302 0.007377
0 0.872015 0.528954 0.013507 0.007275
0 0.268111 0.577152 0.015185 0.007377
0 0.645883 0.397138 0.009879 0.007263
0 0.349015 0.380938 0.009879 0.007263
0 0.825268 0.397855 0.009879 0.007261
0 0.654599 0.461864 0.009637 0.007263
0 0.795555 0.396608 0.012291 0.007138
0 0.724431 0.376924 0.023279 0.007446
0 0.178318 0.445064 0.009639 0.007261
0 0.318240 0.464029 0.009748 0.007261
0 0.374058 0.433576 0.009643 0.007352
0 0.386473 0.480810 0.014849 0.007446
0 0.220626 0.504900 0.014851 0.007446
0 0.319468 0.379956 0.012293 0.007141
0 0.794325 0.480840 0.009609 0.007261