0 0.419520 0.256799 0.012259 0.004139
0 0.355265 0.332617 0.006053 0.004139
0 0.292015 0.448801 0.012505 0.004142
0 0.444244 0.452566 0.012406 0.004139
0 0.456260 0.661243 0.012259 0.004139
0 0.396596 0.661146 0.008944 0.004139
0 0.430929 0.907329 0.044320 0.015935
0 0.480879 0.907779 0.044320 0.015547
0 0.526152 0.907779 0.033693 0.015804
0 0.228547 0.594507 0.005928 0.004139
0 0.425999 0.562159 0.005696 0.004142
0 0.440840 0.359880 0.005694 0.004139
0 0.317809 0.594407 0.005809 0.004139
0 0.209781 0.493401 0.006027 0.004139
0 0.177170 0.421576 0.006168 0.004139