0 0.642888 0.657164 0.008924 0.005251
0 0.543431 0.688349 0.009192 0.005257
0 0.623303 0.752249 0.010951 0.004396
0 0.764066 0.879839 0.060540 0.022973
0 0.285736 0.159788 0.062860 0.033395
0 0.566040 0.278348 0.008883 0.005100
0 0.520687 0.385001 0.009297 0.005408
0 0.823494 0.880125 0.044195 0.024116
0 0.613421 0.374570 0.009192 0.005388
0 0.202736 0.159565 0.084352 0.032694
0 0.627811 0.449192 0.009204 0.005322
0 0.531324 0.465373 0.011030 0.005029
0 0.468180 0.478398 0.011207 0.005416
0 0.528117 0.541340 0.018468 0.006397
0 0.672851 0.764664 0.014838 0.005319
0 0.628869 0.541437 0.009119 0.005131
0 0.226991 0.791135 0.009353 0.005701
0 0.226932 0.576953 0.009353 0.005701
0 0.256450 0.464484 0.009353 0.005701
0 0.226799 0.283535 0.009353 0.005701
0 0.228487 0.652427 0.011399 0.005294
0 0.830778 0.757651 0.032933 0.011038