0 0.602345 0.550037 0.006391 0.008255
0 0.602737 0.617771 0.017052 0.008176
0 0.710822 0.662259 0.018227 0.009119
0 0.549139 0.630218 0.016976 0.007979
0 0.490471 0.621445 0.020097 0.007993
0 0.539748 0.589169 0.011267 0.008515
0 0.836751 0.917367 0.018418 0.013384
0 0.465284 0.477194 0.020272 0.007979
0 0.371641 0.525513 0.019845 0.007925
0 0.307269 0.553126 0.022690 0.008190
0 0.893126 0.893841 0.050121 0.020282
0 0.601355 0.286561 0.020228 0.008646
0 0.708999 0.470061 0.005734 0.008868
0 0.645202 0.445449 0.011267 0.008515