0 0.783405 0.692112 0.009365 0.003374
0 0.771353 0.751713 0.005495 0.003494
0 0.781240 0.791543 0.009476 0.003366
0 0.667841 0.931337 0.014332 0.006822
0 0.295045 0.931570 0.014330 0.006822
0 0.681616 0.439822 0.003095 0.002744
0 0.675764 0.939699 0.003093 0.002744
0 0.302908 0.939859 0.003095 0.002744
0 0.671950 0.797387 0.007016 0.003574
0 0.697690 0.791734 0.009476 0.003537
0 0.672559 0.226971 0.005497 0.003340
0 0.594334 0.258653 0.009486 0.003377
0 0.620814 0.259772 0.006790 0.003397
0 0.760821 0.280137 0.006820 0.003351
0 0.683959 0.189343 0.006790 0.003388
0 0.606927 0.193182 0.006790 0.003354
0 0.781238 0.796701 0.014715 0.003748
0 0.697724 0.796714 0.014715 0.003745
0 0.437440 0.690594 0.009593 0.003394
0 0.258720 0.664047 0.006760 0.003380
0 0.257857 0.708504 0.006917 0.003363
0 0.230330 0.712183 0.006508 0.003357
0 0.341671 0.751871 0.005394 0.003537
0 0.330683 0.672854 0.008890 0.003354
0 0.209386 0.771639 0.005394 0.003522
0 0.286747 0.306374 0.006772 0.003331
0 0.220549 0.183494 0.005382 0.003323
0 0.321769 0.209340 0.006992 0.003337
0 0.349371 0.201667 0.005481 0.003363
0 0.294680 0.195215 0.010621 0.003522
0 0.360065 0.255165 0.005402 0.003508
0 0.254669 0.269642 0.005505 0.003508
0 0.375864 0.307720 0.014521 0.003209
0 0.375769 0.302663 0.009510 0.003411
0 0.768827 0.241867 0.005384 0.003517
0 0.201111 0.206357 0.006466 0.003343
0 0.604752 0.224933 0.005382 0.003517
0 0.770282 0.305980 0.007101 0.003366
0 0.624017 0.158371 0.006982 0.003366
0 0.605626 0.295883 0.007012 0.003411
0 0.575546 0.711187 0.006498 0.003366
0 0.589757 0.771496 0.005394 0.003465
0 0.686819 0.751736 0.005495 0.003494
0 0.332703 0.707214 0.005470 0.003343
0 0.602681 0.709062 0.006925 0.003363
0 0.202074 0.705925 0.005354 0.003323
0 0.354537 0.690731 0.009593 0.003394
0 0.244604 0.771653 0.005485 0.003522
0 0.292251 0.701059 0.010623 0.003508
0 0.289584 0.769571 0.006317 0.003394
0 0.427652 0.751757 0.005394 0.003537
0 0.437246 0.791758 0.009502 0.003351
0 0.437307 0.796805 0.014509 0.003482
0 0.119104 0.705865 0.005555 0.003602
0 0.127456 0.771633 0.005394 0.003522
0 0.513394 0.224782 0.005382 0.003899
0 0.515824 0.193175 0.007078 0.003676
0 0.511457 0.158316 0.007310 0.003688
0 0.503216 0.258502 0.009486 0.003827
0 0.512258 0.295731 0.007312 0.003688
0 0.275778 0.431590 0.018664 0.006925
0 0.294769 0.431670 0.014330 0.006822
0 0.302865 0.439836 0.003095 0.002744
0 0.649975 0.431818 0.018664 0.006925
0 0.648736 0.931572 0.018664 0.006928
0 0.275836 0.931808 0.018664 0.006928
0 0.669026 0.431817 0.014332 0.006820
0 0.376229 0.186773 0.009597 0.003406
0 0.293572 0.158356 0.006798 0.003397
0 0.305770 0.264060 0.006329 0.003394
0 0.248326 0.201765 0.005472 0.003508
0 0.197950 0.169003 0.006772 0.003329
0 0.225571 0.269004 0.008797 0.003337
0 0.193065 0.268953 0.005404 0.003508
0 0.364391 0.155797 0.006051 0.003403
0 0.745535 0.207793 0.005553 0.003366
0 0.352681 0.797002 0.014509 0.003289
0 0.352664 0.792023 0.009502 0.003351
0 0.545885 0.702636 0.005370 0.003329
0 0.327856 0.796995 0.006871 0.003326
0 0.634833 0.769423 0.006264 0.003394
0 0.554509 0.771503 0.005404 0.003508
0 0.637132 0.701170 0.010673 0.003485
0 0.675835 0.679364 0.008833 0.003340
0 0.698650 0.692291 0.009365 0.003374
0 0.602559 0.658628 0.006685 0.003423
0 0.671360 0.707204 0.005485 0.003340