0 0.692201 0.746865 0.015384 0.007313
0 0.664686 0.449141 0.015610 0.007310
0 0.686053 0.527687 0.009865 0.007327
0 0.707725 0.651664 0.009736 0.007307
0 0.576524 0.685648 0.012291 0.007239
0 0.350214 0.565467 0.010014 0.007504
0 0.363272 0.685539 0.009913 0.007196
0 0.332419 0.786285 0.021549 0.007133
0 0.385453 0.781441 0.015384 0.007310
0 0.424339 0.506419 0.010959 0.006934
0 0.456319 0.685483 0.009583 0.007307
0 0.572758 0.479875 0.024904 0.007461
0 0.233263 0.941297 0.009827 0.007239
0 0.183495 0.927950 0.037471 0.013351
0 0.221817 0.928209 0.029265 0.013351