0 0.674547 0.759578 0.011040 0.008321
0 0.665901 0.707729 0.011056 0.008424
0 0.522749 0.731670 0.011241 0.008475
0 0.547587 0.706907 0.013711 0.008381
0 0.582142 0.705152 0.017340 0.008618
0 0.507918 0.659828 0.020478 0.008347
0 0.717653 0.840214 0.023248 0.008470
0 0.725399 0.656372 0.023109 0.008430
0 0.530530 0.780933 0.011102 0.008455
0 0.571261 0.781007 0.011013 0.008524
0 0.624052 0.779127 0.013448 0.008455
0 0.663325 0.656783 0.016704 0.008407
0 0.670794 0.812616 0.016663 0.008453
0 0.697693 0.688651 0.023111 0.008410
0 0.623458 0.660772 0.026307 0.008407
0 0.854767 0.905284 0.023248 0.014226
0 0.832055 0.905239 0.015277 0.013973
0 0.825037 0.922836 0.008076 0.007734
0 0.801328 0.905376 0.015277 0.013973
0 0.477893 0.603482 0.015037 0.007683
0 0.478093 0.561015 0.015037 0.007683
0 0.553646 0.574863 0.015037 0.007686