0 0.204057 0.369069 0.009815 0.007489
0 0.344118 0.404466 0.016366 0.008025
0 0.244237 0.611294 0.015266 0.007566
0 0.699365 0.497419 0.009645 0.007335
0 0.647702 0.484296 0.009643 0.007332
0 0.844780 0.488702 0.009645 0.007335
0 0.861785 0.417826 0.016927 0.007050
0 0.860594 0.358335 0.017027 0.007149
0 0.823266 0.350887 0.020212 0.007178
0 0.832549 0.416088 0.009867 0.007050
0 0.668510 0.392953 0.012126 0.007064
0 0.766098 0.515512 0.011640 0.007095
0 0.799582 0.613020 0.015222 0.007295
0 0.786617 0.558729 0.015020 0.007286
0 0.628256 0.556807 0.013581 0.007491
0 0.202662 0.457617 0.022938 0.008221
0 0.776084 0.378147 0.023164 0.007332
0 0.289733 0.481765 0.010220 0.007674
0 0.266686 0.400784 0.012336 0.007497
0 0.253325 0.342855 0.020355 0.007506
0 0.213464 0.572095 0.011830 0.007406
0 0.705296 0.359625 0.009867 0.007318
0 0.271282 0.572107 0.009875 0.007326
0 0.755965 0.802771 0.032971 0.012212
0 0.789699 0.802681 0.025560 0.012540
0 0.214394 0.327322 0.015064 0.008156
0 0.642817 0.537316 0.015010 0.007523
0 0.270222 0.802872 0.033317 0.012386
0 0.304026 0.802685 0.025322 0.012474
0 0.328080 0.572031 0.010143 0.007477
0 0.337505 0.493073 0.009956 0.007868