0 0.752587 0.203069 0.006770 0.003374
0 0.799283 0.308223 0.006770 0.003371
0 0.753993 0.262318 0.006768 0.003371
0 0.695449 0.301958 0.006768 0.003368
0 0.364391 0.155797 0.006051 0.003403
0 0.193065 0.268953 0.005404 0.003508
0 0.225571 0.269004 0.008797 0.003337
0 0.197950 0.169003 0.006772 0.003329
0 0.248326 0.201765 0.005472 0.003508
0 0.305770 0.264060 0.006329 0.003394
0 0.293572 0.158356 0.006798 0.003397
0 0.376229 0.186773 0.009597 0.003406
0 0.375769 0.302663 0.009510 0.003411
0 0.375864 0.307720 0.014521 0.003209
0 0.254669 0.269642 0.005505 0.003508
0 0.360065 0.255165 0.005402 0.003508
0 0.294680 0.195215 0.010621 0.003522
0 0.349371 0.201667 0.005481 0.003363
0 0.321769 0.209340 0.006992 0.003337
0 0.220549 0.183494 0.005382 0.003323
0 0.657536 0.207928 0.005509 0.003351
0 0.530312 0.301944 0.006770 0.003368
0 0.556175 0.263008 0.006297 0.003366
0 0.494654 0.250338 0.005392 0.003480
0 0.623600 0.285091 0.007030 0.003354
0 0.556533 0.163756 0.006760 0.003368
0 0.501449 0.208480 0.005384 0.003366
0 0.561194 0.195073 0.010717 0.003522
0 0.797089 0.260125 0.005434 0.003528
0 0.714669 0.270660 0.005517 0.003571
0 0.675695 0.270643 0.005462 0.003525
0 0.483213 0.201267 0.009597 0.003354
0 0.720160 0.211894 0.006768 0.003377
0 0.781316 0.177790 0.005424 0.003366
0 0.286747 0.306374 0.006772 0.003331
0 0.201111 0.206357 0.006466 0.003343
0 0.752595 0.297749 0.007101 0.003351
0 0.734984 0.165759 0.007030 0.003351
0 0.607173 0.205685 0.006520 0.003306
0 0.486962 0.292514 0.014499 0.003254
0 0.486760 0.287364 0.009531 0.003408
0 0.812632 0.208491 0.009601 0.003354
0 0.675845 0.939688 0.003071 0.002699
0 0.648689 0.931458 0.018797 0.007247
0 0.667755 0.931566 0.014600 0.007247
0 0.275897 0.931536 0.018797 0.007250
0 0.275774 0.431793 0.018797 0.007250
0 0.648703 0.431573 0.018797 0.007250
0 0.294886 0.931669 0.014600 0.007247
0 0.294778 0.431803 0.014602 0.007247
0 0.667796 0.431700 0.014600 0.007247
0 0.302889 0.939849 0.003071 0.002702
0 0.302881 0.439843 0.003071 0.002702
0 0.675734 0.439803 0.003071 0.002702
0 0.816529 0.166944 0.007199 0.003987
0 0.437186 0.796716 0.014509 0.003719
0 0.437158 0.791935 0.009504 0.003534
0 0.427599 0.751783 0.005491 0.003759
0 0.437283 0.690687 0.009593 0.003750
0 0.127348 0.771626 0.005549 0.003742
0 0.119106 0.705852 0.005511 0.003799
0 0.603073 0.678643 0.005472 0.003294
0 0.581062 0.657213 0.009494 0.003311
0 0.580996 0.662605 0.014542 0.003368
0 0.258720 0.664047 0.006760 0.003380
0 0.257857 0.708504 0.006917 0.003363
0 0.230330 0.712183 0.006508 0.003357
0 0.341671 0.751871 0.005394 0.003537
0 0.330683 0.672854 0.008890 0.003354
0 0.209386 0.771639 0.005394 0.003522
0 0.332703 0.707214 0.005470 0.003343
0 0.202074 0.705925 0.005354 0.003323
0 0.354537 0.690731 0.009593 0.003394
0 0.244604 0.771653 0.005485 0.003522
0 0.292251 0.701059 0.010623 0.003508
0 0.289584 0.769571 0.006317 0.003394
0 0.352664 0.792023 0.009502 0.003351
0 0.352681 0.797002 0.014509 0.003289
0 0.327856 0.796995 0.006871 0.003326
0 0.704346 0.797734 0.006798 0.003408
0 0.714650 0.750209 0.005493 0.003480
0 0.727351 0.686640 0.009581 0.003340
0 0.707052 0.700704 0.005364 0.003311
0 0.689873 0.664835 0.006718 0.003337
0 0.665658 0.687444 0.010256 0.003522
0 0.662604 0.759386 0.006276 0.003366
0 0.630070 0.686243 0.008888 0.003366
0 0.614515 0.769785 0.005493 0.003480
0 0.582441 0.769778 0.005362 0.003494
0 0.584494 0.706485 0.006478 0.003337