0 0.477796 0.321391 0.025255 0.008318
0 0.527140 0.488670 0.010377 0.007910
0 0.450154 0.527556 0.009964 0.008121
0 0.532075 0.962781 0.048641 0.015362
0 0.369093 0.548446 0.014199 0.007514
0 0.237328 0.428563 0.022667 0.008689
0 0.582826 0.962439 0.036670 0.014872
0 0.464650 0.609554 0.020826 0.007534
0 0.599962 0.486632 0.018105 0.007420
0 0.563419 0.322174 0.013977 0.007534
0 0.663236 0.363602 0.014173 0.007745
0 0.659438 0.246340 0.023169 0.008233
0 0.564490 0.220706 0.024009 0.007534
0 0.402304 0.232948 0.023330 0.008221
0 0.261439 0.575299 0.014634 0.007514
0 0.568608 0.980345 0.014285 0.007514
0 0.738934 0.211147 0.023370 0.008047
0 0.779088 0.098019 0.015539 0.008233
0 0.848740 0.067466 0.016670 0.008044
0 0.323497 0.350358 0.025692 0.007950
0 0.786455 0.318603 0.014225 0.008044
0 0.817396 0.371747 0.017996 0.007634
0 0.643369 0.484503 0.005388 0.007620
0 0.548124 0.640519 0.015180 0.008044