0 0.637424 0.127440 0.006942 0.003341
0 0.604834 0.177962 0.004564 0.003210
0 0.650602 0.179155 0.010677 0.003327
0 0.579839 0.167670 0.009506 0.003384
0 0.272289 0.173774 0.004554 0.003312
0 0.327084 0.128649 0.005638 0.003227
0 0.324516 0.176089 0.004481 0.003290
0 0.339557 0.288726 0.005479 0.003181
0 0.279887 0.295453 0.005358 0.003341
0 0.695170 0.672644 0.004435 0.003327
0 0.571667 0.298780 0.009369 0.003255
0 0.227013 0.243854 0.006926 0.003324
0 0.355461 0.342038 0.009389 0.003352
0 0.272281 0.114917 0.004598 0.003352
0 0.297763 0.341782 0.006894 0.003324
0 0.591588 0.242794 0.005487 0.003227
0 0.655990 0.262742 0.005348 0.003381
0 0.327843 0.226581 0.004564 0.003275
0 0.381916 0.729875 0.004457 0.003341
0 0.349491 0.702521 0.005569 0.003184
0 0.272202 0.692366 0.010677 0.003341
0 0.210574 0.760674 0.005446 0.003224
0 0.202162 0.650721 0.006876 0.003255
0 0.752743 0.191874 0.005531 0.003241
0 0.719399 0.183505 0.004560 0.003213
0 0.746356 0.137972 0.006870 0.003338
0 0.722619 0.130084 0.009597 0.003481
0 0.352658 0.075636 0.006920 0.003290
0 0.793822 0.194753 0.006954 0.003025
0 0.727164 0.574383 0.006749 0.003059
0 0.383451 0.652886 0.007136 0.003464
0 0.711087 0.264732 0.004642 0.003324
0 0.756431 0.264591 0.004650 0.003327
0 0.680869 0.307265 0.006809 0.003367
0 0.226867 0.647196 0.009690 0.003395
0 0.310734 0.657094 0.006962 0.003332
0 0.603850 0.829885 0.009405 0.003355
0 0.650861 0.810832 0.005434 0.003341
0 0.644348 0.588469 0.004596 0.003352
0 0.351526 0.207141 0.009538 0.003352
0 0.644741 0.697668 0.006962 0.003312
0 0.231698 0.311720 0.009613 0.003498
0 0.647315 0.746306 0.010659 0.003369
0 0.701448 0.737662 0.004562 0.003255
0 0.700005 0.625507 0.005561 0.003284
0 0.666602 0.859527 0.006916 0.003341
0 0.730933 0.864387 0.009716 0.003341
0 0.714942 0.803207 0.005497 0.003216
0 0.726798 0.729051 0.009524 0.003312
0 0.643955 0.652171 0.004596 0.003310
0 0.596919 0.760063 0.006807 0.003312
0 0.223764 0.695621 0.004457 0.003290
0 0.198871 0.682376 0.009357 0.003287
0 0.190641 0.816589 0.009357 0.003281
0 0.299930 0.824413 0.006876 0.003330
0 0.274922 0.781204 0.005378 0.003298
0 0.330084 0.781477 0.004602 0.003324
0 0.375356 0.781212 0.004612 0.003341
0 0.274404 0.234876 0.011119 0.004176
0 0.283861 0.436594 0.019970 0.006722
0 0.304658 0.436592 0.015324 0.006542
0 0.483942 0.227306 0.020014 0.006015
0 0.526849 0.121450 0.019915 0.006508
0 0.656934 0.436546 0.020097 0.006605
0 0.677748 0.436444 0.015203 0.006656
0 0.656730 0.942801 0.019863 0.006633
0 0.677405 0.942718 0.015463 0.006633
0 0.434477 0.864889 0.020189 0.005781
0 0.145745 0.639714 0.020774 0.006286
0 0.102151 0.747560 0.020016 0.006226
0 0.283245 0.936428 0.019931 0.006842
0 0.303922 0.936502 0.015116 0.006716