0 0.881057 0.474528 0.020744 0.007352
0 0.858645 0.542424 0.009639 0.007261
0 0.626722 0.554095 0.009623 0.007283
0 0.742728 0.608739 0.014722 0.007306
0 0.756336 0.802996 0.032745 0.011665
0 0.383531 0.514818 0.009339 0.007121
0 0.790055 0.802909 0.024895 0.011662
0 0.661133 0.409532 0.012064 0.007315
0 0.701117 0.395519 0.009639 0.007189
0 0.686312 0.554048 0.009541 0.007144
0 0.612998 0.440834 0.009708 0.007232
0 0.751479 0.334859 0.014724 0.007192
0 0.141960 0.559722 0.020401 0.007677
0 0.275844 0.617883 0.015453 0.007175
0 0.322645 0.514751 0.009728 0.006964
0 0.249086 0.492412 0.012170 0.007925
0 0.394985 0.420600 0.010071 0.007306
0 0.310367 0.803411 0.024208 0.011770
0 0.359462 0.409815 0.012435 0.007184
0 0.245830 0.385941 0.022765 0.007680
0 0.153948 0.527045 0.015453 0.007175
0 0.293373 0.555576 0.015133 0.007178
0 0.764361 0.539525 0.011528 0.007147
0 0.276353 0.803281 0.032525 0.012623
0 0.154707 0.352255 0.016854 0.007845
0 0.193020 0.345745 0.016636 0.008156
0 0.150323 0.413064 0.020369 0.007668
0 0.773461 0.396817 0.023110 0.007318
0 0.179726 0.414115 0.009718 0.007432
0 0.168196 0.474798 0.009770 0.007132
0 0.847491 0.332265 0.014805 0.007118
0 0.885883 0.331618 0.020411 0.007261
0 0.852475 0.423247 0.020774 0.007035
0 0.850695 0.474956 0.009851 0.007289