0 0.333930 0.376368 0.015713 0.006499
0 0.432594 0.419923 0.007418 0.006214
0 0.478577 0.420693 0.007426 0.006209
0 0.478902 0.487767 0.015854 0.006206
0 0.461122 0.576753 0.009754 0.006186
0 0.368962 0.564927 0.008829 0.006633
0 0.252848 0.648737 0.009022 0.005319
0 0.431611 0.819605 0.031558 0.016263
0 0.275003 0.563700 0.007398 0.006648
0 0.295490 0.638475 0.011447 0.006243
0 0.389339 0.819714 0.042008 0.016394
0 0.260467 0.482697 0.007589 0.006613
0 0.249169 0.354133 0.004134 0.006328
0 0.291756 0.445831 0.009393 0.007027
0 0.358644 0.439652 0.017994 0.006733
0 0.175806 0.852546 0.012225 0.006243
0 0.131129 0.860790 0.009623 0.005217