0 0.833052 0.367990 0.013631 0.005029
0 0.844475 0.554568 0.009796 0.004712
0 0.647953 0.448810 0.005223 0.003766
0 0.860798 0.487630 0.007749 0.005014
0 0.188872 0.409165 0.006593 0.004989
0 0.249376 0.567469 0.007647 0.004829
0 0.328968 0.500716 0.005098 0.003951
0 0.176811 0.474689 0.005100 0.003951
0 0.252148 0.410820 0.014842 0.005174
0 0.297228 0.467876 0.005426 0.003951
0 0.145058 0.356199 0.013748 0.004809
0 0.176186 0.614612 0.009796 0.004812
0 0.149826 0.427429 0.013486 0.004812
0 0.140106 0.608548 0.013486 0.004809
0 0.237798 0.342422 0.009796 0.004809
0 0.310660 0.743501 0.027074 0.012982
0 0.317948 0.567266 0.006595 0.004989
0 0.165448 0.544210 0.007838 0.004989
0 0.709425 0.504532 0.006478 0.004812
0 0.771533 0.384531 0.014858 0.005026
0 0.840763 0.415574 0.005108 0.003817
0 0.898784 0.742899 0.035440 0.012982
0 0.658891 0.504538 0.006478 0.004812
0 0.880229 0.550094 0.013389 0.004857
0 0.669920 0.396718 0.005108 0.003817
0 0.782121 0.500291 0.007506 0.004812
0 0.308791 0.341411 0.007443 0.004635
0 0.281481 0.758398 0.010522 0.007092
0 0.570689 0.446371 0.007645 0.004635
0 0.712552 0.370373 0.009915 0.004977
0 0.920501 0.758388 0.010540 0.007226
0 0.275457 0.743072 0.035170 0.012597
0 0.934113 0.743409 0.027074 0.012896