0 0.350354 0.451290 0.009603 0.007255
0 0.253479 0.537215 0.011522 0.007258
0 0.350053 0.370121 0.009837 0.007238
0 0.172015 0.478506 0.009835 0.007235
0 0.245393 0.365529 0.018476 0.007397
0 0.210459 0.441100 0.012140 0.007144
0 0.287691 0.343954 0.022920 0.007189
0 0.181753 0.546107 0.009601 0.007255
0 0.163486 0.601551 0.013519 0.007452
0 0.257985 0.653639 0.015187 0.007323
0 0.351387 0.328097 0.020794 0.007295
0 0.636634 0.663483 0.020431 0.007155
0 0.789377 0.803060 0.024913 0.011765
0 0.755375 0.317003 0.009867 0.007192
0 0.810512 0.497080 0.009867 0.007192
0 0.246751 0.400523 0.015091 0.007238
0 0.640228 0.617144 0.020218 0.007286
0 0.777610 0.484237 0.020806 0.007198
0 0.701328 0.328549 0.009532 0.007058
0 0.699206 0.537493 0.023180 0.007238
0 0.831609 0.473379 0.020905 0.007147
0 0.780727 0.412943 0.012090 0.007015
0 0.781636 0.610586 0.009532 0.007055
0 0.708462 0.591469 0.011572 0.007289
0 0.755534 0.803046 0.032656 0.011770
0 0.701391 0.432255 0.009532 0.007058
0 0.844679 0.586978 0.009534 0.007058
0 0.316141 0.549411 0.009601 0.007255