0 0.336887 0.658311 0.008750 0.008007
0 0.548628 0.498305 0.010294 0.008099
0 0.357831 0.771578 0.013989 0.007734
0 0.323258 0.561723 0.020240 0.008025
0 0.467083 0.444386 0.022028 0.008150
0 0.759305 0.865083 0.040395 0.016243
0 0.798877 0.865492 0.029530 0.016377
0 0.378881 0.472440 0.008974 0.008426
0 0.459443 0.645667 0.010681 0.007845
0 0.303262 0.396447 0.013705 0.008007
0 0.588648 0.556991 0.009339 0.008652
0 0.572571 0.635351 0.009524 0.007970
0 0.822323 0.881048 0.009250 0.007517
0 0.822471 0.889145 0.009248 0.007537
0 0.526156 0.232430 0.010377 0.005288
0 0.312844 0.500255 0.009401 0.008652
0 0.417146 0.334954 0.014489 0.008221
0 0.580386 0.388445 0.009718 0.005379