0 0.197894 0.570475 0.009611 0.003378
0 0.720724 0.404933 0.006897 0.003213
0 0.254789 0.563566 0.005904 0.003221
0 0.902245 0.708710 0.008600 0.006109
0 0.313212 0.571994 0.005734 0.003247
0 0.430074 0.696589 0.025293 0.010533
0 0.402297 0.708572 0.008737 0.006157
0 0.822829 0.493157 0.005803 0.003110
0 0.720512 0.458769 0.009543 0.003358
0 0.930449 0.696729 0.025198 0.010544
0 0.301494 0.428700 0.005616 0.003432
0 0.189065 0.506749 0.005952 0.003264
0 0.213782 0.397977 0.005875 0.003241
0 0.124556 0.475418 0.007213 0.003378
0 0.723886 0.543077 0.005612 0.003235