0 0.350238 0.725911 0.015544 0.004032
0 0.837010 0.844181 0.008922 0.007757
0 0.855822 0.855180 0.012551 0.004663
0 0.473727 0.665180 0.019513 0.003844
0 0.473605 0.574114 0.019513 0.003844
0 0.473771 0.518666 0.019515 0.003844
0 0.409173 0.518846 0.013922 0.003613
0 0.473519 0.462924 0.019513 0.003844
0 0.473459 0.407558 0.019513 0.003844
0 0.473459 0.346871 0.019513 0.003844
0 0.473531 0.286478 0.019513 0.003844
0 0.473599 0.226035 0.019513 0.003844
0 0.473582 0.762859 0.019513 0.003844
0 0.356509 0.347092 0.009444 0.003981
0 0.356361 0.407705 0.009444 0.003981
0 0.356556 0.463198 0.009578 0.004010
0 0.356410 0.518789 0.009444 0.003981
0 0.814222 0.844015 0.024413 0.007719
0 0.768729 0.844214 0.022178 0.008046
0 0.358137 0.772256 0.015544 0.004032
0 0.367879 0.725848 0.015268 0.004036