0 0.241360 0.422910 0.005690 0.004486
0 0.708266 0.542372 0.009065 0.004534
0 0.709292 0.482448 0.006047 0.004343
0 0.606913 0.508585 0.005654 0.004563
0 0.607875 0.567615 0.010206 0.004571
0 0.547366 0.479573 0.009113 0.004491
0 0.639152 0.387481 0.010397 0.004497
0 0.792465 0.370457 0.010447 0.004517
0 0.598884 0.412962 0.012343 0.004124
0 0.600446 0.450252 0.012317 0.004494
0 0.626052 0.443816 0.005861 0.004457
0 0.685935 0.444329 0.008614 0.004457
0 0.734660 0.436714 0.005698 0.004531
0 0.807758 0.446492 0.013393 0.004548
0 0.871702 0.437516 0.005732 0.004551
0 0.910429 0.432040 0.005964 0.004258
0 0.939506 0.375750 0.012291 0.004437
0 0.929679 0.468897 0.005829 0.004423
0 0.924016 0.521462 0.005670 0.004565
0 0.875584 0.521495 0.005684 0.004534
0 0.812683 0.520198 0.005664 0.004597
0 0.861770 0.567626 0.010375 0.004503
0 0.312882 0.403730 0.013530 0.004520
0 0.206198 0.472676 0.006000 0.004412
0 0.132133 0.349587 0.012241 0.004429
0 0.410750 0.507103 0.005638 0.004506
0 0.322113 0.583883 0.008561 0.004511
0 0.321748 0.509845 0.005640 0.004523
0 0.188325 0.428740 0.005801 0.004269
0 0.248009 0.527599 0.005702 0.004517
0 0.191598 0.527556 0.005690 0.004483
0 0.408230 0.403378 0.005817 0.004528
0 0.131088 0.527572 0.005690 0.004486
0 0.451485 0.348767 0.008588 0.004409
0 0.317586 0.330825 0.008588 0.004483
0 0.123518 0.462001 0.006000 0.004526
0 0.461848 0.587697 0.012029 0.004885
0 0.762167 0.737780 0.019893 0.007769
0 0.781949 0.737942 0.015227 0.007843
0 0.795176 0.745197 0.004933 0.003879