0 0.605646 0.271609 0.017222 0.007802
0 0.454759 0.646736 0.009772 0.006984
0 0.371043 0.374018 0.009778 0.007323
0 0.472630 0.494068 0.014797 0.007486
0 0.281139 0.662308 0.014678 0.007158
0 0.773532 0.916931 0.038569 0.016303
0 0.720938 0.917156 0.049230 0.016827
0 0.350924 0.651683 0.009726 0.007523
0 0.425256 0.735563 0.014676 0.007158
0 0.577520 0.746425 0.020538 0.006819
0 0.550223 0.646546 0.011939 0.006998
0 0.568778 0.533880 0.020383 0.007702
0 0.512725 0.494243 0.020633 0.007038
0 0.288306 0.500936 0.019853 0.007221
0 0.373946 0.472644 0.022973 0.007580
0 0.478898 0.424481 0.014797 0.007486
0 0.476847 0.377232 0.010316 0.007070
0 0.457910 0.309964 0.014683 0.007352
0 0.371113 0.257370 0.009643 0.007272
0 0.450016 0.240889 0.010083 0.007281
0 0.282595 0.728813 0.020377 0.006879
0 0.569734 0.450935 0.010083 0.007281