0 0.581062 0.657213 0.009494 0.003311
0 0.302881 0.439979 0.003224 0.002687
0 0.675840 0.439765 0.003226 0.002687
0 0.675791 0.939637 0.003224 0.002687
0 0.302897 0.939704 0.003224 0.002690
0 0.294819 0.931510 0.014594 0.007028
0 0.295060 0.431926 0.014594 0.007028
0 0.667702 0.431733 0.014594 0.007028
0 0.667982 0.931342 0.014594 0.007028
0 0.648863 0.931522 0.018858 0.007028
0 0.275752 0.931522 0.018858 0.007028
0 0.275723 0.431718 0.018858 0.007028
0 0.648691 0.431630 0.018858 0.007028
0 0.160668 0.139600 0.014183 0.003326
0 0.160882 0.134585 0.009520 0.003323
0 0.210791 0.333254 0.006800 0.003351
0 0.231724 0.203695 0.005511 0.003406
0 0.160273 0.180819 0.006800 0.003354
0 0.192112 0.152898 0.005412 0.003494
0 0.253537 0.198602 0.005515 0.003394
0 0.338191 0.210312 0.005525 0.003525
0 0.185752 0.275862 0.006297 0.003346
0 0.314984 0.290711 0.005535 0.003531
0 0.177856 0.218391 0.005400 0.003537
0 0.289876 0.225439 0.006498 0.003371
0 0.228172 0.146884 0.009623 0.003445
0 0.573331 0.208916 0.006468 0.003326
0 0.194734 0.718256 0.005362 0.003494
0 0.306779 0.725115 0.006498 0.003323
0 0.252589 0.790801 0.010627 0.003494
0 0.727351 0.686640 0.009581 0.003340
0 0.707052 0.700704 0.005364 0.003311
0 0.582441 0.769778 0.005362 0.003494
0 0.689873 0.664835 0.006718 0.003337
0 0.665658 0.687444 0.010256 0.003522
0 0.662604 0.759386 0.006276 0.003366
0 0.630070 0.686243 0.008888 0.003366
0 0.614515 0.769785 0.005493 0.003480
0 0.177055 0.680667 0.006800 0.003351
0 0.245041 0.646703 0.009591 0.003380
0 0.202616 0.775523 0.006297 0.003340
0 0.208978 0.652739 0.005364 0.003494
0 0.704346 0.797734 0.006798 0.003408
0 0.714650 0.750209 0.005493 0.003480
0 0.584494 0.706485 0.006478 0.003337
0 0.603073 0.678643 0.005472 0.003294
0 0.580996 0.662605 0.014542 0.003368
0 0.177552 0.639457 0.014181 0.003326
0 0.177592 0.634443 0.009522 0.003323
0 0.227093 0.832646 0.006800 0.003354
0 0.248566 0.703524 0.005374 0.003354
0 0.270421 0.698417 0.005513 0.003394
0 0.355025 0.707874 0.005364 0.003494
0 0.331830 0.790365 0.005396 0.003494
0 0.566260 0.277740 0.005404 0.003511
0 0.598812 0.277797 0.008759 0.003340
0 0.593590 0.183494 0.005382 0.003323
0 0.665150 0.189255 0.010727 0.003480
0 0.678910 0.266589 0.006287 0.003397
0 0.699058 0.168884 0.006768 0.003337
0 0.741929 0.174403 0.009573 0.003351
0 0.748819 0.302806 0.009510 0.003354
0 0.749437 0.308096 0.014521 0.003340
0 0.720737 0.304960 0.006770 0.003337
0 0.627888 0.278463 0.005505 0.003508
0 0.733317 0.257568 0.005404 0.003508
0 0.619769 0.195333 0.005470 0.003508
0 0.694810 0.209340 0.006992 0.003337
0 0.722412 0.201667 0.005481 0.003363
0 0.235747 0.291136 0.010723 0.003497