0 0.299544 0.454858 0.007119 0.005241
0 0.228089 0.532797 0.008404 0.005298
0 0.174995 0.388471 0.014979 0.005298
0 0.156939 0.517571 0.008539 0.005064
0 0.167152 0.447033 0.007119 0.005329
0 0.143090 0.425905 0.015263 0.005255
0 0.347486 0.446379 0.008900 0.005121
0 0.139029 0.387056 0.010586 0.005284
0 0.346007 0.538245 0.007018 0.005312
0 0.221155 0.378864 0.010752 0.005281
0 0.648771 0.382139 0.008523 0.005110
0 0.719904 0.363272 0.014928 0.005221
0 0.822831 0.447407 0.007145 0.005369
0 0.701315 0.398007 0.007127 0.005343
0 0.766539 0.416540 0.008980 0.005118
0 0.600700 0.461308 0.010846 0.005295
0 0.700334 0.595643 0.010711 0.005301
0 0.644168 0.498327 0.008388 0.005244
0 0.629375 0.588542 0.014918 0.005252
0 0.701038 0.510389 0.016829 0.005452
0 0.758297 0.506043 0.007012 0.005304
0 0.293280 0.538227 0.007016 0.005312
0 0.817582 0.506079 0.007012 0.005306
0 0.602447 0.359699 0.014985 0.005298
0 0.228183 0.584376 0.010586 0.005281
0 0.135857 0.584347 0.014906 0.005417
0 0.228119 0.456897 0.016677 0.005477
0 0.295179 0.750913 0.006297 0.005155
0 0.764871 0.750725 0.006297 0.005155
0 0.763578 0.740228 0.021140 0.010499
0 0.735245 0.740040 0.027757 0.010499
0 0.293769 0.739644 0.021138 0.010499
0 0.265598 0.740346 0.027755 0.010496