0 0.358467 0.709152 0.007088 0.004095
0 0.204107 0.715463 0.005664 0.004184
0 0.258603 0.713843 0.013421 0.004317
0 0.729580 0.743296 0.005567 0.004135
0 0.558638 0.627076 0.011751 0.004166
0 0.595450 0.644924 0.006810 0.004007
0 0.557316 0.669089 0.008346 0.004175
0 0.607595 0.802002 0.008449 0.004175
0 0.580019 0.808775 0.011749 0.004121
0 0.591727 0.737179 0.006637 0.004109
0 0.261120 0.622724 0.008366 0.004178
0 0.637224 0.657491 0.005636 0.004135
0 0.733763 0.696728 0.005636 0.004155
0 0.689050 0.672192 0.007014 0.004007
0 0.636909 0.738693 0.013294 0.004317
0 0.682474 0.743284 0.005529 0.004135
0 0.206978 0.822486 0.008442 0.004221
0 0.208719 0.663906 0.011880 0.004209
0 0.180295 0.822425 0.011930 0.004218
0 0.182753 0.678799 0.011979 0.004192
0 0.196528 0.772384 0.006774 0.004050
0 0.315847 0.783830 0.005569 0.004218
0 0.363049 0.783802 0.005569 0.004218
0 0.321424 0.712913 0.005664 0.004235
0 0.320833 0.195688 0.005628 0.004166
0 0.262763 0.201741 0.013292 0.004246
0 0.301956 0.153954 0.008459 0.004192
0 0.218030 0.302686 0.008372 0.004129
0 0.303416 0.429374 0.021908 0.008433
0 0.325998 0.429372 0.016550 0.007999
0 0.326631 0.437914 0.004848 0.003796
0 0.776823 0.429480 0.021908 0.008433
0 0.799031 0.429335 0.016567 0.008074
0 0.800211 0.437799 0.004495 0.003685
0 0.676082 0.929289 0.021908 0.008433
0 0.698277 0.929296 0.016744 0.008093
0 0.699678 0.937609 0.004554 0.003665
0 0.303559 0.929327 0.021908 0.008430
0 0.325937 0.929242 0.016552 0.008259
0 0.326586 0.937687 0.004656 0.003679
0 0.189462 0.302947 0.011848 0.004144
0 0.206225 0.249902 0.006833 0.003970
0 0.262672 0.262049 0.006649 0.004149
0 0.341982 0.265040 0.005535 0.004192
0 0.357590 0.193361 0.007040 0.004021
0 0.220546 0.147392 0.011735 0.004149
0 0.194170 0.169981 0.012063 0.004146
0 0.599879 0.134409 0.005674 0.004218
0 0.599747 0.366349 0.008517 0.004195
0 0.688031 0.212350 0.008471 0.004198
0 0.593457 0.068575 0.011809 0.004201
0 0.648414 0.160235 0.005569 0.004243
0 0.652651 0.093574 0.005595 0.004246
0 0.599249 0.187415 0.007099 0.004109
0 0.572383 0.231217 0.012063 0.004246
0 0.594027 0.249979 0.005672 0.004226
0 0.658934 0.255037 0.013298 0.004420
0 0.661611 0.333927 0.006696 0.004189
0 0.580117 0.316270 0.006798 0.004041
0 0.569531 0.368168 0.011888 0.004246
0 0.214268 0.193840 0.005626 0.004135
0 0.639998 0.629954 0.011944 0.004178
0 0.259960 0.775987 0.006637 0.004184