0 0.429087 0.656775 0.007157 0.006768
0 0.407999 0.472297 0.007415 0.006840
0 0.328150 0.344437 0.007149 0.006783
0 0.413578 0.759594 0.010876 0.006637
0 0.321259 0.554701 0.017207 0.006671
0 0.247627 0.546721 0.011032 0.006637
0 0.514702 0.584363 0.007199 0.006691
0 0.458484 0.760419 0.015178 0.006731
0 0.511402 0.318720 0.013500 0.006583
0 0.281767 0.393729 0.010764 0.006637
0 0.517117 0.704618 0.010780 0.006637
0 0.327407 0.451590 0.007036 0.006765
0 0.334104 0.688105 0.006996 0.006783
0 0.505996 0.387340 0.009410 0.005811
0 0.565525 0.387211 0.009410 0.005811
0 0.856609 0.055573 0.034926 0.016036
0 0.715018 0.891925 0.043266 0.016036
0 0.759748 0.891624 0.033081 0.016198
0 0.799548 0.910745 0.009464 0.007424