0 0.315568 0.415851 0.021760 0.008315
0 0.271380 0.552905 0.013673 0.009185
0 0.184729 0.675406 0.019782 0.006713
0 0.675638 0.441163 0.013009 0.008729
0 0.593081 0.418077 0.014007 0.008617
0 0.517030 0.404845 0.013386 0.008674
0 0.118555 0.821055 0.024201 0.008016
0 0.480027 0.206498 0.022127 0.008595
0 0.472953 0.923779 0.047857 0.018047
0 0.521415 0.923602 0.036235 0.018372
0 0.391358 0.557560 0.012858 0.008672
0 0.274739 0.410077 0.022552 0.008729
0 0.518247 0.555482 0.013104 0.007896
0 0.605933 0.555696 0.012330 0.009418
0 0.426103 0.743290 0.016216 0.008113
0 0.320812 0.342474 0.018202 0.006784
0 0.596862 0.298033 0.020508 0.008552
0 0.437361 0.367842 0.025297 0.008672
0 0.111376 0.927842 0.024017 0.011887
0 0.138995 0.927503 0.024017 0.011209
0 0.162416 0.927583 0.015346 0.012030