0 0.795383 0.932275 0.032794 0.017127
0 0.751663 0.931839 0.043915 0.017030
0 0.326288 0.680734 0.007617 0.006668
0 0.436042 0.528016 0.007509 0.006494
0 0.436007 0.427802 0.007619 0.006556
0 0.344326 0.581867 0.007813 0.006705
0 0.358842 0.416565 0.007952 0.006773
0 0.423792 0.700795 0.010845 0.006397
0 0.424058 0.613674 0.018774 0.006699
0 0.349543 0.471710 0.011685 0.006534
0 0.299485 0.562992 0.017031 0.006451
0 0.295473 0.353130 0.015759 0.006442
0 0.688552 0.679096 0.011754 0.006608
0 0.683835 0.418756 0.012000 0.006400
0 0.491343 0.589699 0.012149 0.006679
0 0.379880 0.781554 0.012100 0.006676
0 0.294402 0.770298 0.009619 0.005339
0 0.305889 0.770393 0.010032 0.005393
0 0.245755 0.362822 0.009196 0.004686