0 0.739757 0.407962 0.011459 0.005861
0 0.733003 0.452075 0.008050 0.005530
0 0.694645 0.548090 0.007510 0.005616
0 0.739727 0.533357 0.007687 0.005852
0 0.182507 0.556967 0.007604 0.005764
0 0.772563 0.474132 0.008027 0.005698
0 0.695790 0.435155 0.011459 0.005858
0 0.775017 0.538260 0.007512 0.005619
0 0.733029 0.459934 0.007949 0.005844
0 0.792639 0.494504 0.007626 0.005667
0 0.669758 0.498773 0.007628 0.005670
0 0.281394 0.543957 0.007512 0.005616
0 0.694270 0.594830 0.011461 0.005858
0 0.289698 0.496204 0.007649 0.005710
0 0.231639 0.421765 0.007949 0.005844
0 0.166258 0.499353 0.007673 0.005667
0 0.192226 0.452879 0.007588 0.005673
0 0.234133 0.549718 0.007689 0.005849
0 0.691917 0.471568 0.007510 0.005616
0 0.206553 0.406167 0.011459 0.005858
0 0.231691 0.413870 0.008052 0.005527
0 0.762000 0.571746 0.011459 0.005858
0 0.268553 0.475563 0.008027 0.005698