0 0.203759 0.433475 0.006607 0.005161
0 0.201084 0.591726 0.006661 0.005304
0 0.267299 0.584151 0.006796 0.005577
0 0.224823 0.350653 0.006555 0.004970
0 0.184301 0.352090 0.009956 0.004962
0 0.279061 0.648578 0.010199 0.004600
0 0.340626 0.493880 0.013897 0.005019
0 0.306983 0.496389 0.006796 0.004594
0 0.670760 0.608320 0.006661 0.005304
0 0.262330 0.430249 0.006575 0.004768
0 0.343428 0.648042 0.020139 0.005164
0 0.196076 0.660530 0.009734 0.004748
0 0.141433 0.505791 0.009861 0.004850
0 0.655416 0.433736 0.006609 0.005164
0 0.659985 0.510621 0.016206 0.005386
0 0.262371 0.506139 0.007062 0.005078
0 0.774350 0.645010 0.010199 0.004600
0 0.795014 0.581837 0.006639 0.005207
0 0.810301 0.493880 0.013897 0.005019
0 0.776658 0.496389 0.006796 0.004594
0 0.732046 0.506139 0.007062 0.005078
0 0.732006 0.430249 0.006575 0.004768
0 0.679405 0.350653 0.006555 0.004970
0 0.736441 0.596473 0.006796 0.005577
0 0.813104 0.648042 0.020139 0.005164
0 0.160362 0.434014 0.010238 0.004574
0 0.326627 0.574042 0.006641 0.005207
0 0.187235 0.542021 0.016206 0.005386
0 0.141682 0.571176 0.010224 0.005115
0 0.614331 0.577397 0.010322 0.005115
0 0.448706 0.733840 0.023542 0.008763
0 0.918370 0.734222 0.023542 0.008763
0 0.941067 0.733983 0.017798 0.007965
0 0.945698 0.743235 0.004433 0.003688