0 0.514601 0.839029 0.069428 0.021633
0 0.490083 0.862958 0.017639 0.012694
0 0.460164 0.686190 0.015843 0.007392
0 0.244149 0.606448 0.005049 0.007246
0 0.244144 0.545639 0.005051 0.007246
0 0.244099 0.484907 0.005051 0.007243
0 0.244171 0.424042 0.005049 0.007246
0 0.355118 0.424159 0.005049 0.007246
0 0.355153 0.484872 0.005051 0.007246
0 0.355183 0.545818 0.005051 0.007246
0 0.355255 0.606391 0.005049 0.007246
0 0.401562 0.625162 0.015281 0.007320
0 0.401515 0.582205 0.015281 0.007323
0 0.401535 0.522030 0.015281 0.007320
0 0.401545 0.460191 0.015281 0.007320
0 0.401562 0.379344 0.015281 0.007320
0 0.457318 0.424152 0.009913 0.007243
0 0.457371 0.484870 0.009913 0.007243
0 0.457471 0.545728 0.009913 0.007243
0 0.457431 0.606450 0.009913 0.007243
0 0.606911 0.586398 0.009913 0.007243
0 0.606911 0.522134 0.009913 0.007243
0 0.606919 0.460666 0.009913 0.007243
0 0.607004 0.404052 0.009913 0.007243
0 0.515704 0.424148 0.005049 0.007246
0 0.515787 0.484763 0.005049 0.007246
0 0.515736 0.545696 0.005049 0.007246
0 0.515787 0.606348 0.005049 0.007246
0 0.661128 0.586251 0.005049 0.007246
0 0.661020 0.522300 0.005049 0.007246
0 0.660967 0.460778 0.005049 0.007246
0 0.661129 0.404205 0.005051 0.007246
0 0.563464 0.403945 0.015313 0.007241
0 0.563429 0.464749 0.015313 0.007241
0 0.563435 0.525493 0.015313 0.007241
0 0.563458 0.586331 0.015313 0.007241