0 0.325890 0.533236 0.007012 0.005304
0 0.826893 0.462988 0.008954 0.005133
0 0.622152 0.542618 0.008717 0.005133
0 0.348601 0.442972 0.008908 0.005107
0 0.699845 0.614427 0.010594 0.005281
0 0.778710 0.467736 0.007197 0.005343
0 0.300675 0.451637 0.007173 0.005349
0 0.604597 0.444652 0.015255 0.005338
0 0.144187 0.422647 0.015144 0.005284
0 0.168172 0.443611 0.007157 0.005278
0 0.140090 0.383693 0.010681 0.005266
0 0.683530 0.404248 0.010594 0.005281
0 0.221977 0.376332 0.010594 0.005266
0 0.229301 0.580979 0.010570 0.005269
0 0.158065 0.514145 0.008674 0.005133
0 0.136922 0.580938 0.015001 0.005335
0 0.229121 0.529453 0.008394 0.005278
0 0.229199 0.453491 0.016782 0.005500
0 0.637750 0.396884 0.014848 0.005338
0 0.630861 0.470658 0.007078 0.005472
0 0.601744 0.605634 0.014824 0.005341
0 0.176081 0.385133 0.014878 0.005284
0 0.690266 0.461584 0.016647 0.005437
0 0.772418 0.557003 0.007032 0.005332
0 0.831761 0.557026 0.007040 0.005332
0 0.701966 0.547157 0.008404 0.005321
0 0.266013 0.740306 0.027272 0.010331
0 0.294060 0.740110 0.020746 0.010331
0 0.295175 0.750872 0.005579 0.004725
0 0.735679 0.740041 0.027272 0.010331
0 0.763687 0.740323 0.020923 0.010331
0 0.764823 0.750778 0.005797 0.004742