0 0.330707 0.578911 0.014024 0.006270
0 0.434123 0.601183 0.010780 0.006754
0 0.419001 0.478897 0.021277 0.007324
0 0.481552 0.480493 0.013478 0.007068
0 0.484441 0.428225 0.013641 0.006726
0 0.527403 0.485309 0.014427 0.006526
0 0.514719 0.600769 0.008845 0.006555
0 0.581722 0.600752 0.008993 0.006555
0 0.407909 0.387432 0.013641 0.006726
0 0.481184 0.654166 0.013413 0.006879
0 0.307284 0.659575 0.018638 0.006697
0 0.307594 0.647883 0.031356 0.006680
0 0.306710 0.444557 0.018215 0.006469
0 0.343260 0.471074 0.018497 0.006555
0 0.455463 0.905989 0.043028 0.015443
0 0.500322 0.905918 0.032762 0.015443
0 0.504760 0.921358 0.009299 0.007156