0 0.777131 0.684070 0.025307 0.008891
0 0.706035 0.558421 0.025368 0.008948
0 0.628761 0.457808 0.025207 0.008977
0 0.669373 0.613433 0.012130 0.008928
0 0.386463 0.630194 0.012164 0.008977
0 0.438162 0.594627 0.012775 0.008980
0 0.335795 0.333994 0.022426 0.009242
0 0.498690 0.617113 0.018537 0.008920
0 0.490336 0.541872 0.018481 0.008988
0 0.568094 0.601026 0.028995 0.009233
0 0.568227 0.743346 0.014544 0.008891
0 0.474787 0.743103 0.011981 0.008920
0 0.675083 0.730849 0.012035 0.009034
0 0.393391 0.743083 0.011969 0.008994
0 0.772134 0.810033 0.019021 0.009003
0 0.777428 0.673824 0.018817 0.008920
0 0.329996 0.872093 0.032170 0.019222
0 0.288840 0.872099 0.041703 0.019222
0 0.048263 0.841190 0.011969 0.010108
0 0.063546 0.841368 0.012098 0.010111
0 0.086548 0.841361 0.029522 0.009897
0 0.112736 0.841369 0.018130 0.009652
0 0.074439 0.687028 0.018130 0.009655
0 0.075553 0.538575 0.018130 0.009655
0 0.074818 0.367378 0.018130 0.009655
0 0.074818 0.236408 0.018130 0.009652
0 0.075008 0.051589 0.018128 0.009652
0 0.058124 0.051570 0.011981 0.009655
0 0.057598 0.236965 0.011981 0.009655
0 0.057598 0.366992 0.011981 0.009652
0 0.058233 0.539015 0.011981 0.009652
0 0.056804 0.687234 0.011981 0.009652
0 0.417151 0.326523 0.012283 0.007050
0 0.414560 0.334235 0.017909 0.007535
0 0.439643 0.334317 0.017909 0.007535
0 0.741985 0.166023 0.018130 0.009652
0 0.741510 0.284715 0.018128 0.009652
0 0.724300 0.165693 0.011981 0.009652
0 0.724110 0.285613 0.011981 0.009652
0 0.647785 0.527535 0.023955 0.006030