0 0.558638 0.627076 0.011751 0.004166
0 0.353601 0.269051 0.005573 0.004218
0 0.203432 0.252632 0.006784 0.004021
0 0.645003 0.234705 0.005747 0.004246
0 0.637536 0.324902 0.005654 0.004303
0 0.583458 0.183431 0.006919 0.004155
0 0.559135 0.262690 0.008549 0.004229
0 0.591112 0.258001 0.008858 0.004289
0 0.540147 0.192784 0.008575 0.004263
0 0.593999 0.105858 0.008521 0.004243
0 0.560184 0.105150 0.011870 0.004258
0 0.679408 0.235128 0.007060 0.004249
0 0.707127 0.157063 0.005646 0.004175
0 0.669243 0.157623 0.005644 0.004178
0 0.623876 0.149119 0.013308 0.004406
0 0.691309 0.119624 0.008565 0.004298
0 0.311721 0.269038 0.005573 0.004221
0 0.186687 0.305670 0.011840 0.004300
0 0.638929 0.292652 0.012063 0.004232
0 0.189207 0.148971 0.008408 0.004195
0 0.354773 0.196087 0.007068 0.004064
0 0.211543 0.196607 0.005654 0.004232
0 0.259943 0.264725 0.006675 0.004206
0 0.559595 0.343236 0.011823 0.004278
0 0.258603 0.713843 0.013421 0.004317
0 0.204107 0.715463 0.005664 0.004184
0 0.358467 0.709152 0.007088 0.004095
0 0.259960 0.775987 0.006637 0.004184
0 0.639998 0.629954 0.011944 0.004178
0 0.259967 0.204440 0.013244 0.004349
0 0.729580 0.743296 0.005567 0.004135
0 0.363049 0.783802 0.005569 0.004218
0 0.321424 0.712913 0.005664 0.004235
0 0.315847 0.783830 0.005569 0.004218
0 0.196528 0.772384 0.006774 0.004050
0 0.182753 0.678799 0.011979 0.004192
0 0.180295 0.822425 0.011930 0.004218
0 0.208719 0.663906 0.011880 0.004209
0 0.206978 0.822486 0.008442 0.004221
0 0.682474 0.743284 0.005529 0.004135
0 0.689050 0.672192 0.007014 0.004007
0 0.733763 0.696728 0.005636 0.004155
0 0.637224 0.657491 0.005636 0.004135
0 0.261120 0.622724 0.008366 0.004178
0 0.591727 0.737179 0.006637 0.004109
0 0.580019 0.808775 0.011749 0.004121
0 0.607595 0.802002 0.008449 0.004175
0 0.557316 0.669089 0.008346 0.004175
0 0.595450 0.644924 0.006810 0.004007
0 0.661372 0.444785 0.022168 0.008578
0 0.683621 0.444906 0.017042 0.008575
0 0.289621 0.429330 0.022168 0.008578
0 0.312027 0.429379 0.016889 0.008578
0 0.303570 0.929099 0.022168 0.008578
0 0.325943 0.928867 0.016742 0.008575
0 0.675986 0.929326 0.022168 0.008575
0 0.698042 0.929242 0.016853 0.008578
0 0.699625 0.937390 0.004618 0.003933
0 0.326625 0.937780 0.004618 0.003933
0 0.313212 0.437786 0.004618 0.003933
0 0.260165 0.305490 0.008704 0.004597
0 0.598152 0.313787 0.007225 0.004605
0 0.254611 0.142258 0.008892 0.004608
0 0.192432 0.179728 0.012122 0.004369
0 0.217633 0.149937 0.012176 0.004520
0 0.316948 0.202722 0.006160 0.004360
0 0.636909 0.738522 0.013294 0.004659