0 0.841739 0.547331 0.006669 0.005668
0 0.697863 0.372418 0.010153 0.005885
0 0.625754 0.522023 0.006631 0.005711
0 0.709921 0.542050 0.006629 0.005834
0 0.718138 0.595192 0.010151 0.005888
0 0.607614 0.592341 0.008692 0.003839
0 0.818513 0.451713 0.006871 0.005648
0 0.856622 0.477180 0.013990 0.006044
0 0.644761 0.437942 0.013794 0.005797
0 0.609576 0.415620 0.014167 0.005814
0 0.777066 0.453064 0.010159 0.005854
0 0.783439 0.547437 0.006605 0.005668
0 0.292673 0.445151 0.010101 0.005851
0 0.233391 0.430869 0.015567 0.006002
0 0.373143 0.356465 0.011703 0.005600
0 0.140701 0.581948 0.008692 0.003765
0 0.171673 0.438330 0.013728 0.005797
0 0.141273 0.446258 0.014028 0.005814
0 0.139243 0.400182 0.013857 0.005825
0 0.236466 0.523213 0.006629 0.005834
0 0.363726 0.536637 0.006577 0.005665
0 0.307211 0.536603 0.006605 0.005665
0 0.158819 0.515788 0.006577 0.005665
0 0.246598 0.586562 0.010153 0.005885
0 0.226219 0.363773 0.010153 0.005888
0 0.370351 0.476797 0.013899 0.005979
0 0.337474 0.440618 0.006812 0.005648
0 0.712408 0.422013 0.015567 0.005788
0 0.267841 0.753031 0.020800 0.009082
0 0.288915 0.752961 0.015763 0.008527
0 0.291533 0.764380 0.005287 0.004668
0 0.737660 0.753206 0.020429 0.009085
0 0.758730 0.752934 0.015767 0.008638
0 0.761163 0.764434 0.005057 0.004560