0 0.384582 0.282866 0.009784 0.006936
0 0.465035 0.303559 0.011780 0.006901
0 0.393834 0.340361 0.020387 0.007010
0 0.535617 0.304461 0.014475 0.006967
0 0.573114 0.279481 0.020714 0.006739
0 0.498334 0.429151 0.009698 0.007218
0 0.389603 0.456843 0.009925 0.006770
0 0.394180 0.516794 0.015088 0.007004
0 0.326362 0.544337 0.009643 0.007135
0 0.330145 0.631186 0.009373 0.007013
0 0.408023 0.631200 0.009555 0.006984
0 0.473594 0.708039 0.014513 0.007013
0 0.507261 0.631163 0.009772 0.006978
0 0.579984 0.653518 0.014102 0.006807
0 0.582633 0.707993 0.020077 0.007115
0 0.579887 0.545918 0.014199 0.006842
0 0.508313 0.517201 0.023052 0.007013
0 0.465622 0.902943 0.050200 0.017021
0 0.517725 0.903149 0.038821 0.017238