0 0.604104 0.477511 0.011670 0.008957
0 0.349243 0.514765 0.011926 0.008954
0 0.361212 0.597653 0.012366 0.008746
0 0.440030 0.467791 0.012605 0.008390
0 0.596362 0.388253 0.018027 0.008652
0 0.607929 0.652293 0.017832 0.008655
0 0.428365 0.597590 0.012366 0.008746
0 0.660322 0.652296 0.025759 0.008604
0 0.530838 0.372276 0.012956 0.008957
0 0.614859 0.347501 0.025289 0.008766
0 0.650920 0.445755 0.025644 0.008957
0 0.516341 0.597421 0.012210 0.008464
0 0.628121 0.565844 0.012345 0.008353