0 0.302155 0.427825 0.009756 0.007144
0 0.354611 0.531834 0.014829 0.007403
0 0.336421 0.379743 0.014829 0.007400
0 0.230257 0.319270 0.009893 0.007326
0 0.214368 0.507842 0.009893 0.007326
0 0.186837 0.508969 0.020603 0.007329
0 0.191713 0.464629 0.020721 0.007229
0 0.661504 0.523972 0.009603 0.007255
0 0.189960 0.332148 0.016227 0.007318
0 0.726597 0.400523 0.015089 0.007238
0 0.829900 0.370121 0.009837 0.007238
0 0.651861 0.478508 0.009837 0.007238
0 0.690306 0.441100 0.012140 0.007144
0 0.831233 0.328097 0.020794 0.007295
0 0.733328 0.537214 0.011522 0.007261
0 0.725240 0.365529 0.018476 0.007397
0 0.767537 0.343954 0.022922 0.007189
0 0.770655 0.596797 0.014885 0.007215
0 0.848083 0.498801 0.014885 0.007215
0 0.795988 0.549411 0.009601 0.007255
0 0.302186 0.336525 0.009756 0.007144
0 0.830201 0.451290 0.009603 0.007255
0 0.231794 0.403885 0.012152 0.007206
0 0.271055 0.803033 0.032888 0.011938
0 0.737831 0.653639 0.015185 0.007323
0 0.643333 0.601551 0.013519 0.007452
0 0.650274 0.564360 0.014885 0.007215
0 0.309195 0.498807 0.023166 0.007283
0 0.290021 0.596579 0.011634 0.007326
0 0.202904 0.584250 0.009754 0.007144
0 0.304757 0.802886 0.025040 0.011690
0 0.244202 0.645529 0.014829 0.007403
0 0.356846 0.640275 0.020270 0.007198