0 0.349503 0.702564 0.005586 0.003213
0 0.381964 0.729924 0.004562 0.003327
0 0.375315 0.793592 0.004572 0.003312
0 0.330082 0.793663 0.004646 0.003398
0 0.274955 0.785733 0.005293 0.003312
0 0.218359 0.817308 0.006785 0.003327
0 0.599402 0.799420 0.006803 0.003338
0 0.711122 0.775954 0.004634 0.003338
0 0.655955 0.767881 0.005376 0.003338
0 0.571641 0.798723 0.009401 0.003312
0 0.591588 0.742794 0.005446 0.003227
0 0.752745 0.691894 0.005567 0.003173
0 0.756427 0.775684 0.004678 0.003341
0 0.719378 0.683513 0.004582 0.003196
0 0.604854 0.677968 0.004584 0.003198
0 0.722640 0.630140 0.009698 0.003341
0 0.694910 0.636103 0.006906 0.003324
0 0.650062 0.652734 0.010712 0.003295
0 0.579877 0.658702 0.009405 0.003327
0 0.190652 0.816575 0.009415 0.003281
0 0.210564 0.760668 0.005467 0.003184
0 0.223758 0.695755 0.004489 0.003341
0 0.198882 0.676425 0.009375 0.003324
0 0.226889 0.647175 0.009766 0.003295
0 0.268937 0.670499 0.010714 0.003324
0 0.310605 0.657145 0.006777 0.003338
0 0.275020 0.193097 0.010730 0.003355
0 0.274968 0.279685 0.005428 0.003355
0 0.202996 0.190383 0.009407 0.003355
0 0.215107 0.266099 0.005469 0.003207
0 0.284724 0.147194 0.006799 0.003401
0 0.230280 0.151202 0.009776 0.003275
0 0.202259 0.151183 0.006904 0.003381
0 0.371160 0.283515 0.004602 0.003312
0 0.225012 0.200986 0.004533 0.003295
0 0.328597 0.283529 0.004644 0.003341
0 0.670856 0.341782 0.006892 0.003324
0 0.604791 0.311720 0.009615 0.003498
0 0.645374 0.114917 0.004596 0.003352
0 0.724620 0.207141 0.009538 0.003352
0 0.700935 0.226581 0.004564 0.003275
0 0.697609 0.176089 0.004483 0.003290
0 0.700177 0.128649 0.005636 0.003227
0 0.645383 0.173774 0.004554 0.003312
0 0.712650 0.288726 0.005477 0.003181
0 0.652980 0.295453 0.005356 0.003341
0 0.728554 0.342038 0.009387 0.003352
0 0.600106 0.243854 0.006924 0.003324
0 0.378357 0.236874 0.004519 0.003355
0 0.344431 0.207838 0.005580 0.003184
0 0.291071 0.321735 0.006787 0.003367
0 0.196374 0.321860 0.009349 0.003315
0 0.725296 0.075639 0.006614 0.003113
0 0.793528 0.694756 0.006656 0.003190
0 0.383068 0.653084 0.006733 0.003181
0 0.434427 0.864937 0.020318 0.005576
0 0.483979 0.727548 0.020318 0.005576
0 0.526845 0.621765 0.020318 0.005576
0 0.145866 0.639912 0.020318 0.005576
0 0.102292 0.747571 0.019645 0.005576
0 0.283150 0.436576 0.019970 0.006978
0 0.303973 0.436574 0.015356 0.006978
0 0.656969 0.436625 0.019970 0.006978
0 0.677681 0.436665 0.015531 0.006978
0 0.656901 0.936545 0.019970 0.006978
0 0.677686 0.936605 0.015561 0.006978
0 0.283170 0.936588 0.019970 0.006978
0 0.303902 0.936648 0.015457 0.006978
0 0.377447 0.170456 0.006485 0.002987