0 0.444334 0.441572 0.014777 0.012238
0 0.357256 0.448864 0.021628 0.012836
0 0.583254 0.344632 0.014592 0.012355
0 0.593466 0.595238 0.014592 0.012357
0 0.440699 0.596132 0.014592 0.012355
0 0.583618 0.455107 0.015678 0.012363
0 0.643387 0.451334 0.021628 0.012839
0 0.583207 0.441920 0.025366 0.012853
0 0.360739 0.748475 0.014487 0.012355
0 0.400236 0.748615 0.014487 0.012355
0 0.440071 0.748615 0.014487 0.012355
0 0.483206 0.748615 0.020693 0.012355
0 0.525837 0.749102 0.014487 0.012355
0 0.568922 0.748210 0.020609 0.012355
0 0.611022 0.748070 0.020995 0.012355