0 0.482367 0.734054 0.014433 0.007583
0 0.611234 0.637515 0.009891 0.007581
0 0.647069 0.443894 0.019341 0.006677
0 0.523504 0.935178 0.010175 0.007261
0 0.451503 0.920305 0.043969 0.015816
0 0.496251 0.920217 0.033933 0.015816
0 0.260782 0.271694 0.011872 0.006261
0 0.321427 0.275650 0.011872 0.006261
0 0.384879 0.529520 0.014755 0.007538
0 0.483789 0.637638 0.011213 0.007347
0 0.321753 0.507998 0.009518 0.007572
0 0.492648 0.499865 0.021761 0.007418
0 0.607468 0.523188 0.009605 0.006905
0 0.571191 0.430759 0.014459 0.007846
0 0.372786 0.652462 0.009174 0.007769
0 0.263889 0.522942 0.009680 0.007013
0 0.281302 0.652454 0.009510 0.007911
0 0.668307 0.748475 0.019121 0.007261