0 0.742147 0.667732 0.012007 0.004155
0 0.716026 0.625828 0.011745 0.004132
0 0.744483 0.625832 0.008447 0.004175
0 0.667660 0.808517 0.008444 0.004175
0 0.672978 0.622692 0.008447 0.004175
0 0.667749 0.755506 0.006641 0.004121
0 0.561792 0.715410 0.005628 0.004141
0 0.185945 0.694573 0.012116 0.004238
0 0.324234 0.712908 0.005716 0.004243
0 0.261594 0.829417 0.008414 0.004192
0 0.199887 0.772382 0.006923 0.004075
0 0.248638 0.662481 0.008414 0.004192
0 0.362503 0.709137 0.007113 0.004075
0 0.263279 0.775987 0.006675 0.004229
0 0.366370 0.783826 0.005591 0.004238
0 0.319236 0.783807 0.005585 0.004235
0 0.253988 0.708022 0.013222 0.004320
0 0.183678 0.822432 0.011773 0.004243
0 0.206805 0.715228 0.005624 0.004346
0 0.212276 0.656633 0.011793 0.004238
0 0.747413 0.801267 0.011872 0.004175
0 0.730933 0.744215 0.006839 0.004007
0 0.718680 0.690162 0.005630 0.004138
0 0.609853 0.763337 0.005545 0.004189
0 0.563139 0.763320 0.005545 0.004121
0 0.588412 0.687818 0.007040 0.003964
0 0.669764 0.681218 0.013250 0.004152
0 0.254435 0.142465 0.008539 0.004195
0 0.189207 0.148971 0.008408 0.004195
0 0.354773 0.196087 0.007068 0.004064
0 0.192432 0.179826 0.012122 0.004172
0 0.211543 0.196607 0.005654 0.004232
0 0.217773 0.150094 0.011898 0.004206
0 0.259943 0.264725 0.006675 0.004206
0 0.316696 0.202821 0.005654 0.004161
0 0.259967 0.204440 0.013244 0.004349
0 0.353601 0.269051 0.005573 0.004218
0 0.186687 0.305670 0.011840 0.004300
0 0.260017 0.305691 0.008408 0.004195
0 0.203432 0.252632 0.006784 0.004021
0 0.667749 0.255648 0.006641 0.004121
0 0.730933 0.244357 0.006839 0.004007
0 0.742147 0.167874 0.012007 0.004155
0 0.609853 0.263480 0.005545 0.004189
0 0.563139 0.263463 0.005545 0.004121
0 0.588412 0.187961 0.007040 0.003964
0 0.669764 0.181361 0.013250 0.004152
0 0.747413 0.301409 0.011872 0.004175
0 0.716026 0.125970 0.011745 0.004132
0 0.744483 0.125975 0.008447 0.004175
0 0.667660 0.308659 0.008444 0.004175
0 0.672978 0.122834 0.008447 0.004175
0 0.718680 0.190305 0.005630 0.004138
0 0.561792 0.215553 0.005628 0.004141
0 0.311721 0.269038 0.005573 0.004221
0 0.289705 0.429293 0.021811 0.008333
0 0.312093 0.429260 0.016796 0.008267
0 0.313128 0.437690 0.004785 0.003907
0 0.686283 0.437888 0.004785 0.003904
0 0.313273 0.937606 0.004785 0.003904
0 0.686290 0.937390 0.004785 0.003904
0 0.685312 0.429292 0.016798 0.008267
0 0.685325 0.928975 0.016796 0.008267
0 0.312440 0.929129 0.016796 0.008267
0 0.663077 0.429141 0.021813 0.008330
0 0.663111 0.929188 0.021813 0.008333
0 0.290061 0.929263 0.021811 0.008330
0 0.794718 0.160782 0.020385 0.005965
0 0.835796 0.267854 0.020385 0.005968
0 0.794692 0.660863 0.020385 0.005968
0 0.835873 0.767814 0.020387 0.005968