0 0.627839 0.640174 0.008336 0.004132
0 0.213342 0.696435 0.005640 0.004178
0 0.356646 0.695940 0.007099 0.004124
0 0.356563 0.775561 0.005561 0.004272
0 0.314635 0.775570 0.005603 0.004272
0 0.730935 0.744808 0.006855 0.003990
0 0.609866 0.763887 0.005543 0.004144
0 0.667753 0.756080 0.006629 0.004141
0 0.744558 0.664450 0.011956 0.004146
0 0.193344 0.677810 0.012116 0.004238
0 0.261745 0.764618 0.006690 0.004203
0 0.188546 0.805506 0.011930 0.004320
0 0.205318 0.752486 0.006881 0.004095
0 0.587056 0.688529 0.006939 0.003990
0 0.318514 0.702679 0.005640 0.004218
0 0.669775 0.681976 0.013268 0.004312
0 0.716024 0.628081 0.011753 0.004175
0 0.747404 0.801954 0.011854 0.004175
0 0.719302 0.803381 0.008444 0.004135
0 0.718679 0.690742 0.005612 0.004135
0 0.559396 0.718716 0.005614 0.004135
0 0.261862 0.704336 0.013331 0.004346
0 0.217100 0.805235 0.008404 0.004195
0 0.301018 0.656536 0.008515 0.004192
0 0.219605 0.649970 0.011832 0.004209
0 0.563161 0.763901 0.005545 0.004144
0 0.259943 0.264725 0.006675 0.004206
0 0.316696 0.202821 0.005654 0.004161
0 0.259967 0.204440 0.013244 0.004349
0 0.353601 0.269051 0.005573 0.004218
0 0.203432 0.252632 0.006784 0.004021
0 0.691555 0.202821 0.005640 0.004218
0 0.590140 0.305378 0.008404 0.004195
0 0.674058 0.156679 0.008515 0.004192
0 0.592645 0.150113 0.011834 0.004209
0 0.566384 0.177952 0.012116 0.004238
0 0.634785 0.264761 0.006690 0.004203
0 0.561587 0.305648 0.011930 0.004320
0 0.578357 0.252629 0.006881 0.004095
0 0.254435 0.142465 0.008539 0.004195
0 0.586382 0.196577 0.005640 0.004178
0 0.729687 0.196083 0.007099 0.004124
0 0.729603 0.275704 0.005561 0.004272
0 0.687676 0.275712 0.005603 0.004272
0 0.311721 0.269038 0.005573 0.004221
0 0.186687 0.305670 0.011840 0.004300
0 0.260017 0.305691 0.008408 0.004195
0 0.634902 0.204478 0.013331 0.004346
0 0.189207 0.148971 0.008408 0.004195
0 0.354773 0.196087 0.007068 0.004064
0 0.192432 0.179826 0.012122 0.004172
0 0.211543 0.196607 0.005654 0.004232
0 0.217773 0.150094 0.011898 0.004206
0 0.699722 0.937559 0.004844 0.004135
0 0.676510 0.929138 0.022212 0.008524
0 0.698923 0.928981 0.017105 0.008524
0 0.303190 0.929208 0.022212 0.008527
0 0.325459 0.929172 0.017105 0.008524
0 0.326603 0.937753 0.004844 0.004135
0 0.289539 0.429343 0.022212 0.008524
0 0.676214 0.429260 0.022212 0.008524
0 0.311873 0.429105 0.017105 0.008527
0 0.698361 0.429340 0.017105 0.008524
0 0.313237 0.437864 0.004846 0.004135
0 0.699706 0.437764 0.004844 0.004135