0 0.193125 0.381469 0.019621 0.006369
0 0.162483 0.432144 0.019805 0.006495
0 0.871880 0.530758 0.014846 0.006828
0 0.672604 0.499759 0.020175 0.006432
0 0.705202 0.603319 0.009188 0.006785
0 0.733141 0.499548 0.009905 0.006512
0 0.773214 0.384211 0.009357 0.006837
0 0.842030 0.358169 0.009246 0.006831
0 0.618184 0.649815 0.019934 0.006794
0 0.652879 0.649810 0.014068 0.006803
0 0.842040 0.277502 0.009226 0.006882
0 0.775745 0.509773 0.019706 0.006620
0 0.782597 0.618646 0.009398 0.006828
0 0.642047 0.576329 0.009780 0.006412
0 0.643605 0.499795 0.020218 0.006623
0 0.829423 0.453423 0.023262 0.006777
0 0.170904 0.511790 0.009379 0.006144
0 0.233946 0.538331 0.014937 0.005993
0 0.291163 0.410385 0.022930 0.006783
0 0.336726 0.441500 0.019734 0.006552
0 0.369761 0.436818 0.009553 0.006386
0 0.427169 0.436820 0.009265 0.006714
0 0.425730 0.538341 0.008753 0.006959
0 0.367040 0.538484 0.009091 0.006788
0 0.162510 0.396201 0.019917 0.006389
0 0.297135 0.707535 0.029869 0.009952
0 0.328605 0.707760 0.023306 0.010048
0 0.322487 0.719148 0.007252 0.006275
0 0.299725 0.511915 0.009968 0.007575