0 0.218829 0.565808 0.013379 0.004400
0 0.660729 0.472511 0.006891 0.004417
0 0.681019 0.526076 0.008497 0.004201
0 0.747300 0.452898 0.006790 0.004258
0 0.241281 0.449490 0.006943 0.004275
0 0.213765 0.455920 0.006764 0.004221
0 0.186731 0.618492 0.008561 0.004223
0 0.145987 0.474469 0.006752 0.004400
0 0.124355 0.375258 0.017854 0.004184
0 0.155913 0.546573 0.007929 0.004203
0 0.163923 0.391981 0.006754 0.004400
0 0.209326 0.384380 0.012075 0.004258
0 0.123729 0.427143 0.008561 0.004221
0 0.124406 0.368944 0.011987 0.004186
0 0.549148 0.401099 0.008789 0.004221
0 0.545855 0.472397 0.006891 0.004417
0 0.532968 0.526717 0.011880 0.004474
0 0.548131 0.574229 0.008835 0.004463
0 0.247851 0.743186 0.023443 0.008567
0 0.272069 0.743078 0.018142 0.008567
0 0.281997 0.753339 0.003728 0.002927
0 0.719065 0.743210 0.023445 0.008569
0 0.743217 0.743136 0.017616 0.008569
0 0.759136 0.753286 0.003832 0.003146
0 0.318597 0.565258 0.006792 0.004400
0 0.347803 0.461396 0.006752 0.004400
0 0.839521 0.461143 0.006849 0.004121
0 0.871334 0.591009 0.008801 0.004258
0 0.663068 0.574372 0.008787 0.004229
0 0.684060 0.401210 0.008789 0.004221
0 0.870707 0.520647 0.006814 0.004400
0 0.647961 0.526832 0.011928 0.004101
0 0.287058 0.483106 0.008181 0.004184