0 0.525104 0.701445 0.009506 0.003363
0 0.534508 0.632774 0.009375 0.003326
0 0.752501 0.685584 0.008096 0.003309
0 0.716389 0.814563 0.005384 0.003460
0 0.661281 0.814551 0.005614 0.003329
0 0.676058 0.761659 0.005442 0.003283
0 0.681311 0.641126 0.009569 0.003357
0 0.648475 0.714392 0.005352 0.003374
0 0.604699 0.724171 0.010546 0.003320
0 0.540614 0.763619 0.005337 0.003243
0 0.538138 0.797952 0.005348 0.003309
0 0.603090 0.798032 0.005446 0.003280
0 0.548295 0.841738 0.006790 0.003420
0 0.173762 0.797905 0.005388 0.003317
0 0.161641 0.632740 0.009887 0.003548
0 0.648475 0.214534 0.005352 0.003374
0 0.604699 0.224313 0.010546 0.003320
0 0.184924 0.341885 0.006839 0.003371
0 0.177307 0.263726 0.005362 0.003246
0 0.235741 0.188435 0.010584 0.003294
0 0.288360 0.221785 0.005384 0.003457
0 0.309232 0.258310 0.005356 0.003500
0 0.347042 0.226512 0.005605 0.003152
0 0.174682 0.298142 0.005414 0.003420
0 0.297950 0.314698 0.005616 0.003343
0 0.372680 0.163106 0.007951 0.003557
0 0.342691 0.314637 0.005523 0.003528
0 0.144276 0.370745 0.009434 0.003223
0 0.161848 0.195546 0.009394 0.003254
0 0.239869 0.298158 0.005311 0.003172
0 0.189311 0.143602 0.009567 0.003209
0 0.603090 0.298175 0.005446 0.003280
0 0.158266 0.263800 0.009581 0.003309
0 0.548295 0.341881 0.006790 0.003420
0 0.538138 0.298095 0.005348 0.003309
0 0.540614 0.263762 0.005337 0.003243
0 0.525116 0.234077 0.009607 0.003252
0 0.525104 0.201587 0.009506 0.003363
0 0.534508 0.132917 0.009375 0.003326
0 0.752501 0.185727 0.008096 0.003309
0 0.718813 0.222229 0.005569 0.003368
0 0.716389 0.314705 0.005384 0.003460
0 0.661281 0.314694 0.005614 0.003329
0 0.676058 0.261801 0.005442 0.003283
0 0.681311 0.141268 0.009569 0.003357
0 0.167567 0.763578 0.005237 0.003360
0 0.288290 0.803310 0.005607 0.003622
0 0.379405 0.685539 0.008356 0.003588
0 0.343355 0.803359 0.005311 0.003428
0 0.142142 0.736661 0.007084 0.003160
0 0.218379 0.666623 0.006841 0.003368
0 0.303020 0.761758 0.005481 0.003215
0 0.345760 0.722115 0.005616 0.003465
0 0.308209 0.641191 0.009619 0.003209
0 0.226841 0.724159 0.010522 0.003326
0 0.255640 0.442592 0.024856 0.008832
0 0.281036 0.442422 0.019210 0.008150
0 0.398315 0.090945 0.006305 0.003822
0 0.777505 0.136290 0.005849 0.003522
0 0.658326 0.442457 0.024598 0.008453
0 0.683931 0.442505 0.018831 0.008156
0 0.777351 0.635983 0.006002 0.004010
0 0.658305 0.942405 0.024598 0.008453
0 0.683841 0.942307 0.018551 0.007863
0 0.404511 0.636106 0.006081 0.003440
0 0.285259 0.942375 0.024598 0.008256
0 0.310899 0.942277 0.018622 0.008059
0 0.230101 0.798008 0.005605 0.003306
0 0.227384 0.841751 0.006885 0.003428
0 0.275438 0.722277 0.005287 0.003465
0 0.718813 0.722086 0.005569 0.003368
0 0.525116 0.733934 0.009607 0.003252