0 0.375015 0.429538 0.016502 0.012982
0 0.345558 0.302882 0.023532 0.013461
0 0.656141 0.514852 0.023534 0.013461
0 0.404982 0.299101 0.016069 0.012973
0 0.575883 0.326732 0.016069 0.012973
0 0.427067 0.534434 0.016069 0.012973
0 0.361594 0.525282 0.023534 0.013347
0 0.553978 0.494329 0.015597 0.013566
0 0.393383 0.773868 0.015249 0.012052
0 0.436592 0.774065 0.015247 0.012052
0 0.480002 0.773870 0.015249 0.012050
0 0.531651 0.773870 0.022936 0.012050
0 0.582070 0.773870 0.022936 0.012050
0 0.374607 0.415379 0.027493 0.013461