0 0.290679 0.537529 0.006150 0.004521
0 0.172034 0.541519 0.006147 0.004521
0 0.161279 0.496189 0.006657 0.004521
0 0.141669 0.453190 0.006655 0.004521
0 0.211918 0.596906 0.009539 0.004524
0 0.272399 0.596938 0.009541 0.004521
0 0.309236 0.596879 0.013250 0.004521
0 0.210457 0.469490 0.013238 0.004521
0 0.685624 0.556662 0.006428 0.004521
0 0.708342 0.399617 0.006839 0.004524
0 0.894889 0.729964 0.025829 0.008749
0 0.299595 0.415869 0.006150 0.004521
0 0.620881 0.496189 0.006657 0.004521
0 0.601270 0.453190 0.006655 0.004521
0 0.768837 0.596877 0.013250 0.004524
0 0.265515 0.354113 0.009539 0.004521
0 0.761592 0.471561 0.013238 0.004524
0 0.670058 0.469490 0.013238 0.004521
0 0.631621 0.556870 0.006147 0.004521
0 0.733003 0.596975 0.009541 0.004521
0 0.301991 0.471559 0.013238 0.004521
0 0.225944 0.537700 0.006428 0.004521
0 0.248741 0.406197 0.006839 0.004521
0 0.435288 0.729964 0.025829 0.008749
0 0.921827 0.730091 0.019962 0.008558
0 0.746713 0.354210 0.013353 0.004458
0 0.750192 0.537529 0.006329 0.004521
0 0.759123 0.415869 0.006297 0.004521
0 0.932561 0.741166 0.006150 0.004926