0 0.292702 0.488786 0.014294 0.005859
0 0.170942 0.517729 0.006075 0.005608
0 0.341551 0.487492 0.006073 0.005608
0 0.714076 0.678547 0.010087 0.005443
0 0.243677 0.510479 0.009244 0.005665
0 0.708824 0.460460 0.006369 0.006757
0 0.797249 0.549895 0.014598 0.006195
0 0.774992 0.468569 0.006534 0.006760
0 0.775378 0.303215 0.009688 0.007136
0 0.775091 0.395500 0.006849 0.006309
0 0.090872 0.344007 0.007608 0.004771
0 0.368874 0.614142 0.012775 0.005606
0 0.715105 0.367945 0.005990 0.006127
0 0.629658 0.329548 0.007804 0.005856
0 0.676480 0.506928 0.012263 0.007432
0 0.695928 0.597780 0.005972 0.005631
0 0.753139 0.618052 0.006968 0.005474
0 0.675524 0.659963 0.012607 0.005443
0 0.193549 0.587350 0.006047 0.005608
0 0.241625 0.587214 0.006051 0.005606
0 0.350552 0.545244 0.006049 0.005608
0 0.289681 0.563038 0.006139 0.005711
0 0.259356 0.618195 0.009343 0.005782
0 0.286313 0.432404 0.009345 0.005782
0 0.370617 0.463339 0.009265 0.005782
0 0.206948 0.492365 0.006256 0.005466
0 0.127413 0.434179 0.010054 0.005520
0 0.261800 0.754288 0.045591 0.011716
0 0.934923 0.742424 0.045591 0.011716
0 0.591234 0.351082 0.010157 0.005520
0 0.839364 0.600808 0.009524 0.005794