0 0.584035 0.396095 0.008806 0.003990
0 0.418598 0.388916 0.008578 0.004251
0 0.418621 0.447953 0.008578 0.004251
0 0.525606 0.448080 0.020091 0.004372
0 0.584044 0.448483 0.008806 0.003990
0 0.418598 0.321288 0.008578 0.004251
0 0.653720 0.396190 0.009117 0.004171
0 0.653688 0.328269 0.009068 0.004171
0 0.418595 0.253325 0.008578 0.004251
0 0.525560 0.253403 0.020171 0.004372
0 0.583910 0.260347 0.008806 0.003990
0 0.653705 0.260538 0.009091 0.004171
0 0.525500 0.321336 0.020188 0.004372
0 0.525608 0.389015 0.020091 0.004372
0 0.584032 0.328172 0.008806 0.003990
0 0.746131 0.336923 0.006854 0.008160
0 0.590379 0.884816 0.011547 0.004739
0 0.529580 0.876950 0.045429 0.007816
0 0.478350 0.877016 0.044098 0.008007