0 0.519726 0.221911 0.018847 0.007264
0 0.459803 0.443269 0.009752 0.007221
0 0.510206 0.468909 0.009772 0.007182
0 0.490036 0.578384 0.009853 0.007153
0 0.367369 0.619107 0.024860 0.007150
0 0.526393 0.664716 0.021757 0.007130
0 0.378730 0.719390 0.012144 0.007318
0 0.292279 0.688416 0.015644 0.007324
0 0.345684 0.342918 0.009579 0.007182
0 0.423363 0.310070 0.011022 0.006877
0 0.345658 0.476033 0.009591 0.007353
0 0.475721 0.664762 0.015472 0.007267
0 0.513287 0.300795 0.014973 0.006218
0 0.579012 0.300854 0.014973 0.006221
0 0.787380 0.928197 0.036762 0.012571
0 0.825943 0.928072 0.028509 0.011966
0 0.860810 0.928286 0.027201 0.012571
0 0.840685 0.941379 0.009059 0.006612