0 0.263279 0.775987 0.006675 0.004229
0 0.362503 0.709137 0.007113 0.004075
0 0.248638 0.662481 0.008414 0.004192
0 0.218635 0.147442 0.011817 0.004198
0 0.199887 0.772382 0.006923 0.004075
0 0.324234 0.712908 0.005716 0.004243
0 0.185945 0.694573 0.012116 0.004238
0 0.580018 0.822486 0.008442 0.004221
0 0.581759 0.663906 0.011880 0.004209
0 0.553336 0.822425 0.011930 0.004218
0 0.555794 0.678799 0.011979 0.004192
0 0.569569 0.772384 0.006774 0.004050
0 0.688888 0.783830 0.005569 0.004218
0 0.694464 0.712913 0.005664 0.004235
0 0.736089 0.783802 0.005569 0.004218
0 0.634161 0.622724 0.008366 0.004178
0 0.253988 0.708022 0.013222 0.004320
0 0.633000 0.775987 0.006637 0.004184
0 0.731506 0.709152 0.007086 0.004095
0 0.577148 0.715463 0.005664 0.004184
0 0.631643 0.713843 0.013421 0.004317
0 0.667749 0.255648 0.006641 0.004121
0 0.730933 0.244357 0.006839 0.004007
0 0.747413 0.301409 0.011872 0.004175
0 0.355659 0.193381 0.007074 0.004055
0 0.319236 0.783807 0.005585 0.004235
0 0.317594 0.200264 0.005698 0.004249
0 0.193303 0.177240 0.012027 0.004198
0 0.204326 0.249912 0.006891 0.004075
0 0.260763 0.262069 0.006667 0.004195
0 0.260825 0.201736 0.013329 0.004372
0 0.212354 0.193889 0.005684 0.004192
0 0.190049 0.146300 0.008485 0.004181
0 0.255088 0.140452 0.008414 0.004181
0 0.260906 0.302992 0.008396 0.004184
0 0.187534 0.302960 0.011916 0.004238
0 0.337621 0.265073 0.005567 0.004212
0 0.561792 0.215553 0.005628 0.004141
0 0.718680 0.190305 0.005630 0.004138
0 0.672978 0.122834 0.008447 0.004175
0 0.667660 0.308659 0.008444 0.004175
0 0.744483 0.125975 0.008447 0.004175
0 0.716026 0.125970 0.011745 0.004132
0 0.742147 0.167874 0.012007 0.004155
0 0.669764 0.181361 0.013250 0.004152
0 0.313390 0.437714 0.005567 0.004212
0 0.686161 0.437834 0.005567 0.004212
0 0.699614 0.937789 0.005567 0.004212
0 0.313273 0.937435 0.005567 0.004212
0 0.312401 0.929179 0.016746 0.008384
0 0.698750 0.928823 0.016746 0.008384
0 0.685326 0.428903 0.016746 0.008384
0 0.312395 0.429373 0.016746 0.008384
0 0.290452 0.429265 0.022480 0.008384
0 0.663172 0.429478 0.022480 0.008384
0 0.676631 0.929176 0.022482 0.008384
0 0.290140 0.929137 0.022480 0.008384
0 0.794666 0.161100 0.020502 0.006498
0 0.835721 0.267931 0.020502 0.006498
0 0.588412 0.187961 0.007040 0.003964
0 0.563139 0.263463 0.005545 0.004121
0 0.609853 0.263480 0.005545 0.004189
0 0.261594 0.829417 0.008414 0.004192
0 0.212276 0.656633 0.011793 0.004238
0 0.206805 0.715228 0.005624 0.004346
0 0.183678 0.822432 0.011773 0.004243
0 0.366370 0.783826 0.005591 0.004238