0 0.208627 0.452591 0.032332 0.017623
0 0.227414 0.526482 0.020762 0.017366
0 0.367181 0.679518 0.032568 0.016733
0 0.466055 0.473988 0.026124 0.017531
0 0.785474 0.467064 0.047505 0.017412
0 0.639790 0.628002 0.023584 0.017486
0 0.531886 0.628415 0.019684 0.017223
0 0.271913 0.452548 0.019686 0.017223
0 0.802603 0.656702 0.032568 0.016733
0 0.254000 0.640060 0.019684 0.017223
0 0.453979 0.391876 0.030728 0.017742
0 0.368992 0.503109 0.030728 0.017745
0 0.722296 0.404870 0.030728 0.017745
0 0.758527 0.560138 0.030728 0.017745
0 0.560306 0.698850 0.030728 0.017745
0 0.362433 0.603416 0.030728 0.017745
0 0.253874 0.733134 0.030728 0.017745
0 0.236708 0.391190 0.030728 0.017745
0 0.460159 0.628211 0.019686 0.017226
0 0.382488 0.422886 0.032568 0.016827
0 0.192945 0.743994 0.040556 0.017372
0 0.136192 0.738052 0.031909 0.017454
0 0.135829 0.718478 0.031143 0.017834
0 0.195483 0.596924 0.044060 0.017554
0 0.554418 0.507531 0.020992 0.017548
0 0.497358 0.904206 0.088089 0.033663
0 0.585997 0.904976 0.065983 0.034746