0 0.298035 0.406974 0.012174 0.008977
0 0.721100 0.534906 0.012174 0.008979
0 0.473555 0.512147 0.012281 0.008689
0 0.372333 0.559163 0.019911 0.008857
0 0.292493 0.544213 0.012353 0.010034
0 0.600514 0.549515 0.012916 0.009749
0 0.710508 0.382221 0.012593 0.009162
0 0.205339 0.502481 0.012253 0.009290
0 0.648455 0.406542 0.012605 0.010063
0 0.784235 0.469712 0.018956 0.009151
0 0.663364 0.635257 0.020071 0.009202
0 0.157274 0.411571 0.012633 0.009384
0 0.247018 0.592430 0.018799 0.009262
0 0.274102 0.334761 0.018509 0.009099
0 0.600426 0.537024 0.013304 0.009590
0 0.377034 0.421109 0.013105 0.009379
0 0.157304 0.423619 0.012775 0.009324
0 0.195851 0.414108 0.012488 0.009527
0 0.501371 0.420040 0.012414 0.009635
0 0.559562 0.419816 0.012414 0.009684