0 0.550122 0.864284 0.012130 0.008261
0 0.563032 0.847586 0.030639 0.014122
0 0.409995 0.444853 0.006165 0.004359
0 0.398147 0.543261 0.006149 0.004487
0 0.493243 0.543750 0.006143 0.005168
0 0.531495 0.543575 0.005728 0.004932
0 0.626560 0.543342 0.006284 0.005219
0 0.614560 0.444937 0.006084 0.004755
0 0.514743 0.439249 0.012948 0.006103
0 0.444215 0.484895 0.013908 0.005296
0 0.583504 0.485091 0.014387 0.004795
0 0.480294 0.481763 0.007610 0.004598
0 0.547450 0.481469 0.007886 0.004991
0 0.501115 0.488516 0.005810 0.004598
0 0.524698 0.488348 0.005949 0.005185
0 0.450514 0.538466 0.007541 0.004498
0 0.576862 0.538663 0.007610 0.004892
0 0.402069 0.492323 0.005810 0.004601
0 0.623645 0.492444 0.005810 0.004598