0 0.725240 0.365529 0.018476 0.007397
0 0.690306 0.441100 0.012140 0.007144
0 0.651862 0.478506 0.009835 0.007235
0 0.643333 0.601551 0.013519 0.007452
0 0.737832 0.653639 0.015187 0.007323
0 0.831233 0.328097 0.020794 0.007295
0 0.795988 0.549411 0.009601 0.007255
0 0.830201 0.451290 0.009603 0.007255
0 0.733326 0.537215 0.011522 0.007258
0 0.661600 0.546107 0.009601 0.007255
0 0.198271 0.494952 0.009754 0.007212
0 0.179269 0.553104 0.013400 0.007212
0 0.267549 0.495219 0.011588 0.007332
0 0.267970 0.605589 0.015306 0.007323
0 0.336365 0.494913 0.009756 0.007215
0 0.310576 0.802963 0.024998 0.011827
0 0.276888 0.802962 0.032801 0.011773
0 0.273325 0.367444 0.023192 0.007414
0 0.344589 0.365194 0.020943 0.007343
0 0.335325 0.422439 0.009873 0.007335
0 0.187892 0.432256 0.009871 0.007335
0 0.216426 0.396997 0.012255 0.007215
0 0.726598 0.400523 0.015091 0.007238
0 0.829900 0.370121 0.009837 0.007238
0 0.767781 0.343954 0.023406 0.007189