0 0.359685 0.404493 0.004106 0.007070
0 0.413139 0.380201 0.012741 0.007135
0 0.317819 0.350485 0.016448 0.005359
0 0.558221 0.545849 0.017212 0.007263
0 0.552130 0.610125 0.010609 0.006899
0 0.313094 0.356585 0.009776 0.005701
0 0.390748 0.536303 0.017255 0.006813
0 0.420750 0.503569 0.010861 0.006842
0 0.479504 0.480975 0.021165 0.009818
0 0.394487 0.605502 0.010300 0.006899
0 0.406501 0.684450 0.013042 0.006927
0 0.474934 0.582084 0.010542 0.007098
0 0.448608 0.854242 0.035612 0.013478
0 0.552764 0.491032 0.010627 0.006899
0 0.303245 0.350713 0.006571 0.005359
0 0.484019 0.854595 0.026382 0.014185
0 0.305847 0.344351 0.006206 0.005596