0 0.575436 0.216210 0.006778 0.003380
0 0.756542 0.180702 0.006778 0.003383
0 0.766076 0.321941 0.006780 0.003380
0 0.511668 0.180540 0.005352 0.003354
0 0.566788 0.172310 0.006859 0.003366
0 0.676547 0.293185 0.007074 0.003366
0 0.581356 0.266708 0.005404 0.003522
0 0.479298 0.175127 0.006780 0.003380
0 0.800026 0.279535 0.005404 0.003522
0 0.690008 0.799253 0.014604 0.003323
0 0.689939 0.794139 0.009440 0.003326
0 0.663243 0.793464 0.006873 0.003337
0 0.619724 0.266714 0.005400 0.003522
0 0.642696 0.212220 0.005477 0.003351
0 0.789822 0.232958 0.005487 0.003351
0 0.816991 0.228317 0.009601 0.003394
0 0.694885 0.213069 0.006458 0.003380
0 0.743933 0.227917 0.010752 0.003494
0 0.745032 0.274040 0.006276 0.003383
0 0.810034 0.321881 0.014378 0.003317
0 0.809995 0.327438 0.009492 0.003323
0 0.486434 0.213928 0.009563 0.003394
0 0.159082 0.225154 0.006800 0.003354
0 0.228182 0.146867 0.009625 0.003383
0 0.193412 0.149769 0.005402 0.003494
0 0.196273 0.272022 0.006297 0.003337
0 0.160663 0.139648 0.014181 0.003286
0 0.160827 0.134632 0.009520 0.003360
0 0.193938 0.312960 0.006800 0.003417
0 0.336876 0.199775 0.005523 0.003522
0 0.314926 0.279225 0.005396 0.003494
0 0.188001 0.216252 0.005396 0.003494
0 0.289080 0.226294 0.006498 0.003411
0 0.239418 0.300527 0.010615 0.003511
0 0.316119 0.326143 0.006879 0.003326
0 0.226253 0.221587 0.005386 0.003351
0 0.278164 0.281607 0.006758 0.003272
0 0.253538 0.198557 0.005493 0.003394
0 0.160882 0.634443 0.009520 0.003323
0 0.160668 0.639457 0.014183 0.003326
0 0.210791 0.833112 0.006800 0.003351
0 0.231724 0.703552 0.005511 0.003406
0 0.160273 0.680677 0.006800 0.003354
0 0.581640 0.774910 0.005388 0.003437
0 0.675546 0.675822 0.009641 0.003351
0 0.544266 0.774905 0.005364 0.003437
0 0.626809 0.685993 0.010596 0.003522
0 0.626492 0.759322 0.006287 0.003408
0 0.568531 0.701392 0.006488 0.003383
0 0.678559 0.759292 0.005404 0.003497
0 0.664808 0.705534 0.005364 0.003368
0 0.538761 0.702663 0.005364 0.003366
0 0.595397 0.667300 0.006808 0.003411
0 0.192112 0.652756 0.005412 0.003494
0 0.253537 0.698460 0.005515 0.003394
0 0.338191 0.710170 0.005525 0.003525
0 0.185752 0.775720 0.006297 0.003346
0 0.314984 0.790569 0.005535 0.003531
0 0.177856 0.718249 0.005400 0.003537
0 0.289876 0.725296 0.006498 0.003371
0 0.764182 0.675643 0.009641 0.003351
0 0.763157 0.759127 0.005404 0.003497
0 0.774488 0.794099 0.009440 0.003326
0 0.774451 0.798951 0.014604 0.003323
0 0.228172 0.646741 0.009623 0.003445
0 0.235747 0.790993 0.010723 0.003497
0 0.348293 0.239179 0.006798 0.003380
0 0.496578 0.259877 0.005382 0.003522
0 0.543894 0.303410 0.007010 0.003366
0 0.497096 0.314258 0.006780 0.003380
0 0.541586 0.273635 0.006778 0.003252
0 0.600154 0.307407 0.006780 0.003380
0 0.550923 0.207048 0.006778 0.003272
0 0.275709 0.431620 0.018668 0.006854
0 0.294845 0.431659 0.014380 0.006857
0 0.302834 0.439889 0.003036 0.002827
0 0.675820 0.439744 0.003036 0.002827
0 0.681667 0.939517 0.003036 0.002824
0 0.302830 0.939848 0.003036 0.002824
0 0.667839 0.431649 0.014380 0.006854
0 0.668922 0.931428 0.014382 0.006857
0 0.294976 0.931783 0.014380 0.006854
0 0.648631 0.431616 0.018668 0.006857
0 0.649822 0.931342 0.018668 0.006857
0 0.275631 0.931691 0.018668 0.006854