0 0.436609 0.668059 0.019224 0.009989
0 0.310501 0.572366 0.012878 0.009863
0 0.587595 0.446995 0.012965 0.010222
0 0.284919 0.434527 0.027194 0.009379
0 0.328545 0.445764 0.013038 0.009835
0 0.435961 0.327302 0.019115 0.009501
0 0.432671 0.434086 0.030175 0.009746
0 0.518866 0.853265 0.035999 0.019775
0 0.281199 0.672899 0.026015 0.009396
0 0.526579 0.433884 0.019488 0.009940
0 0.641071 0.495046 0.012604 0.009396
0 0.629823 0.590499 0.012123 0.010165
0 0.541082 0.590009 0.012981 0.009407
0 0.437404 0.573238 0.014900 0.010011
0 0.468439 0.852845 0.049980 0.020616