0 0.587056 0.688529 0.006939 0.003990
0 0.744558 0.664450 0.011956 0.004146
0 0.563161 0.763901 0.005545 0.004144
0 0.609866 0.763887 0.005543 0.004144
0 0.667753 0.756080 0.006629 0.004141
0 0.730935 0.744808 0.006855 0.003990
0 0.669775 0.681976 0.013268 0.004312
0 0.716024 0.628081 0.011753 0.004175
0 0.747404 0.801954 0.011854 0.004175
0 0.719302 0.803381 0.008444 0.004135
0 0.646643 0.370597 0.008459 0.004141
0 0.718679 0.690742 0.005612 0.004135
0 0.559396 0.718716 0.005614 0.004135
0 0.185597 0.627076 0.011751 0.004166
0 0.184277 0.669089 0.008348 0.004175
0 0.218635 0.147442 0.011817 0.004198
0 0.337621 0.265073 0.005567 0.004212
0 0.637102 0.322150 0.006679 0.004192
0 0.589918 0.250675 0.005736 0.004206
0 0.597948 0.130224 0.005664 0.004203
0 0.646994 0.155949 0.005610 0.004158
0 0.646996 0.098710 0.005610 0.004158
0 0.592964 0.188011 0.006980 0.004075
0 0.588647 0.068753 0.011789 0.004192
0 0.627839 0.640174 0.008336 0.004132
0 0.636691 0.250939 0.013321 0.004346
0 0.635300 0.065611 0.008461 0.004144
0 0.565657 0.365637 0.011801 0.004172
0 0.355659 0.193381 0.007074 0.004055
0 0.572981 0.312001 0.006768 0.004098
0 0.567315 0.231248 0.012079 0.004172
0 0.317594 0.200264 0.005698 0.004249
0 0.193303 0.177240 0.012027 0.004198
0 0.204326 0.249912 0.006891 0.004075
0 0.260763 0.262069 0.006667 0.004195
0 0.260825 0.201736 0.013329 0.004372
0 0.212354 0.193889 0.005684 0.004192
0 0.190049 0.146300 0.008485 0.004181
0 0.255088 0.140452 0.008414 0.004181
0 0.260906 0.302992 0.008396 0.004184
0 0.187534 0.302960 0.011916 0.004238
0 0.234555 0.802002 0.008449 0.004175
0 0.206979 0.808775 0.011749 0.004121
0 0.218686 0.737179 0.006637 0.004109
0 0.222411 0.644924 0.006812 0.004007
0 0.266957 0.629954 0.011944 0.004178
0 0.264184 0.657491 0.005636 0.004135
0 0.360722 0.696728 0.005636 0.004155
0 0.316009 0.672192 0.007014 0.004007
0 0.263870 0.738693 0.013292 0.004317
0 0.309434 0.743284 0.005529 0.004135
0 0.356539 0.743296 0.005567 0.004135
0 0.290134 0.429459 0.021868 0.009194
0 0.312371 0.429206 0.017330 0.009191
0 0.763274 0.429021 0.021866 0.009191
0 0.785460 0.429302 0.016990 0.009194
0 0.676414 0.929112 0.021868 0.009191
0 0.698928 0.929084 0.016893 0.008689
0 0.303162 0.929307 0.021868 0.009194
0 0.325446 0.929487 0.018017 0.008852
0 0.326546 0.937699 0.005541 0.004397
0 0.313300 0.437846 0.005541 0.004400
0 0.786745 0.437873 0.005543 0.004397
0 0.699464 0.937793 0.005541 0.004397
0 0.794526 0.660613 0.020498 0.006047
0 0.835667 0.767712 0.020498 0.006047