0 0.634985 0.280191 0.005436 0.003277
0 0.749886 0.265376 0.005390 0.003178
0 0.585762 0.203671 0.005624 0.003266
0 0.343349 0.814563 0.005384 0.003460
0 0.288241 0.814551 0.005614 0.003329
0 0.303017 0.761659 0.005442 0.003283
0 0.308270 0.641126 0.009569 0.003357
0 0.275434 0.714392 0.005352 0.003374
0 0.231659 0.724171 0.010548 0.003320
0 0.728065 0.676926 0.008021 0.003531
0 0.663762 0.829017 0.005468 0.003465
0 0.723199 0.746828 0.005761 0.003192
0 0.719293 0.829005 0.005569 0.003545
0 0.528722 0.723136 0.009581 0.003411
0 0.567697 0.664269 0.009357 0.003403
0 0.175255 0.841738 0.006790 0.003420
0 0.682862 0.779088 0.005571 0.003203
0 0.662694 0.730446 0.005561 0.003320
0 0.606618 0.718179 0.010544 0.003414
0 0.606960 0.818993 0.005372 0.003343
0 0.553327 0.862840 0.006931 0.003371
0 0.509090 0.891489 0.009593 0.003195
0 0.541602 0.811775 0.005348 0.003403
0 0.545886 0.784649 0.005392 0.003024
0 0.165098 0.797952 0.005348 0.003309
0 0.152063 0.701445 0.009506 0.003363
0 0.161469 0.632774 0.009377 0.003326
0 0.345773 0.722086 0.005569 0.003368
0 0.526143 0.784639 0.009655 0.003465
0 0.781741 0.259444 0.007004 0.003403
0 0.275438 0.222419 0.005287 0.003465
0 0.227384 0.341894 0.006885 0.003428
0 0.230101 0.298150 0.005605 0.003306
0 0.226841 0.224302 0.010522 0.003326
0 0.308209 0.141334 0.009619 0.003209
0 0.345760 0.222257 0.005616 0.003465
0 0.303020 0.261901 0.005481 0.003215
0 0.218379 0.166765 0.006841 0.003368
0 0.142142 0.236804 0.007084 0.003160
0 0.343355 0.303501 0.005311 0.003428
0 0.288290 0.303453 0.005607 0.003622
0 0.167567 0.263720 0.005237 0.003360
0 0.161641 0.132883 0.009887 0.003548
0 0.173762 0.298048 0.005388 0.003317
0 0.703114 0.142847 0.006861 0.003431
0 0.695376 0.274769 0.005839 0.002904
0 0.764132 0.109815 0.009408 0.003329
0 0.755735 0.240474 0.005354 0.003195
0 0.621718 0.118005 0.009581 0.003368
0 0.696762 0.200896 0.010530 0.003406
0 0.695444 0.318589 0.006855 0.003403
0 0.647884 0.196401 0.005444 0.003294
0 0.627111 0.238474 0.005501 0.003366
0 0.581735 0.280160 0.005525 0.003465
0 0.542848 0.186926 0.007921 0.003502
0 0.404524 0.136297 0.005740 0.002984
0 0.510541 0.142606 0.005740 0.002984
0 0.696623 0.582660 0.005742 0.002984
0 0.404502 0.636243 0.005740 0.002984
0 0.285268 0.442533 0.024608 0.008453
0 0.310800 0.442572 0.019182 0.008450
0 0.658344 0.442402 0.024517 0.008453
0 0.683787 0.442543 0.019047 0.008450
0 0.800572 0.942375 0.024525 0.008450
0 0.825954 0.942435 0.019138 0.008450
0 0.285350 0.942458 0.024465 0.008450
0 0.310867 0.942458 0.019047 0.008450
0 0.230049 0.797719 0.005446 0.003366
0 0.167634 0.763416 0.005335 0.003520
0 0.152016 0.733786 0.009488 0.003502
0 0.379460 0.685584 0.008096 0.003309
0 0.379179 0.185613 0.008396 0.003588