0 0.660023 0.550702 0.005402 0.004386
0 0.776388 0.550935 0.005422 0.004366
0 0.809168 0.468983 0.010848 0.005882
0 0.737630 0.459622 0.011171 0.004483
0 0.743145 0.393337 0.005416 0.004503
0 0.779902 0.409293 0.010701 0.005842
0 0.687286 0.484659 0.010075 0.004394
0 0.671054 0.608274 0.010494 0.005714
0 0.743004 0.331810 0.005432 0.004360
0 0.259588 0.335301 0.011221 0.006526
0 0.302564 0.614818 0.011890 0.006438
0 0.296666 0.577030 0.011221 0.006526
0 0.206245 0.617652 0.011221 0.006526
0 0.364388 0.441300 0.004739 0.004645
0 0.352125 0.508363 0.006204 0.004785
0 0.282422 0.508595 0.006113 0.005004
0 0.216668 0.565798 0.006204 0.004785
0 0.226756 0.398998 0.010288 0.004882
0 0.282404 0.409932 0.012029 0.005654
0 0.337156 0.415930 0.010681 0.004816
0 0.642005 0.611409 0.014765 0.005623
0 0.686445 0.388501 0.005660 0.004246
0 0.815963 0.543501 0.010552 0.005737
0 0.686878 0.437422 0.007332 0.004329
0 0.370425 0.577102 0.015092 0.006703
0 0.169912 0.565965 0.006204 0.004782
0 0.340348 0.361295 0.011221 0.006523
0 0.161271 0.511623 0.004739 0.004648
0 0.190461 0.463832 0.006383 0.004830
0 0.729778 0.293827 0.010566 0.005831
0 0.639113 0.465076 0.004671 0.004337
0 0.394960 0.507263 0.011221 0.006523
0 0.778872 0.610681 0.010542 0.005785
0 0.729639 0.770477 0.019653 0.009128
0 0.749569 0.770322 0.014987 0.008994
0 0.685593 0.327287 0.004671 0.004337
0 0.105921 0.350151 0.009049 0.004936
0 0.617685 0.394021 0.009051 0.004936
0 0.259958 0.770465 0.019653 0.009131
0 0.279836 0.770215 0.014989 0.008997