0 0.896753 0.448396 0.009214 0.006754
0 0.838067 0.549719 0.015061 0.006791
0 0.769568 0.523351 0.009500 0.006783
0 0.760881 0.422006 0.023248 0.006811
0 0.701368 0.421995 0.009087 0.006788
0 0.632076 0.407589 0.020147 0.006452
0 0.640490 0.523314 0.009756 0.006475
0 0.632257 0.443665 0.019750 0.006669
0 0.662731 0.392998 0.019821 0.006765
0 0.839421 0.448259 0.009851 0.006423
0 0.806327 0.453163 0.019686 0.006537
0 0.895396 0.549771 0.009087 0.006791
0 0.176502 0.383565 0.013992 0.005888
0 0.205678 0.583906 0.014233 0.006746
0 0.167986 0.583947 0.020232 0.006087
0 0.188894 0.534677 0.009531 0.006874
0 0.273559 0.534799 0.009428 0.006594
0 0.349270 0.534659 0.008924 0.006463
0 0.409784 0.534631 0.009188 0.006281
0 0.399725 0.439258 0.009887 0.006472
0 0.327534 0.440620 0.008926 0.006461
0 0.341860 0.394213 0.019678 0.006523
0 0.277147 0.383755 0.023163 0.007030
0 0.198056 0.442824 0.019770 0.006401
0 0.213388 0.383675 0.019780 0.006381
0 0.292948 0.707468 0.029285 0.010222
0 0.324957 0.707571 0.022583 0.010108
0 0.318337 0.719290 0.006889 0.005363
0 0.766728 0.707632 0.029285 0.010225
0 0.798464 0.707901 0.022585 0.010108
0 0.791932 0.719265 0.006867 0.005529