0 0.322597 0.454645 0.013036 0.006697
0 0.607725 0.438723 0.019077 0.006703
0 0.316845 0.556569 0.010760 0.007011
0 0.582511 0.537774 0.011001 0.007039
0 0.483165 0.537917 0.012633 0.006754
0 0.387558 0.556583 0.010820 0.006982
0 0.483397 0.446580 0.021479 0.006982
0 0.567207 0.437575 0.010901 0.006640
0 0.415574 0.446760 0.017653 0.006697
0 0.441870 0.633656 0.013782 0.006783
0 0.604409 0.617937 0.018892 0.006600
0 0.604556 0.628017 0.029277 0.006720
0 0.491971 0.349815 0.013641 0.006726
0 0.316254 0.382572 0.013633 0.006723
0 0.370456 0.402858 0.010758 0.006640
0 0.503862 0.918163 0.006272 0.004939
0 0.449475 0.901949 0.037737 0.014739
0 0.487928 0.902348 0.029343 0.014739