0 0.187717 0.593569 0.003752 0.002828
0 0.241624 0.609570 0.003949 0.002765
0 0.214699 0.391021 0.011727 0.003820
0 0.180764 0.533977 0.003949 0.002765
0 0.846082 0.355231 0.003947 0.003107
0 0.714859 0.589940 0.003790 0.002930
0 0.707026 0.369494 0.003857 0.002739
0 0.825420 0.374796 0.003828 0.002836
0 0.798214 0.422533 0.004902 0.002796
0 0.750407 0.504552 0.004042 0.002640
0 0.930863 0.696636 0.025229 0.010462
0 0.750095 0.370088 0.007951 0.002811
0 0.902241 0.708684 0.008632 0.006194
0 0.718915 0.492739 0.003959 0.002919
0 0.690968 0.422567 0.003778 0.002842
0 0.430424 0.696678 0.025329 0.010470
0 0.402307 0.708662 0.008547 0.006183
0 0.193379 0.473560 0.007830 0.002851
0 0.290020 0.427752 0.003748 0.002962
0 0.239728 0.491283 0.004916 0.002554