0 0.473236 0.615909 0.014939 0.007913
0 0.418206 0.539397 0.009885 0.007568
0 0.511232 0.539450 0.015448 0.007685
0 0.618461 0.549453 0.015769 0.007685
0 0.656360 0.455530 0.009732 0.007503
0 0.338911 0.569420 0.014939 0.007916
0 0.600704 0.352591 0.015084 0.007970
0 0.545828 0.352047 0.022776 0.008124
0 0.690551 0.591824 0.010282 0.005319
0 0.627484 0.455458 0.020984 0.007454
0 0.338823 0.500954 0.009885 0.007568
0 0.456557 0.415590 0.009732 0.007503
0 0.420704 0.417333 0.014112 0.007625
0 0.842712 0.922923 0.033564 0.015955
0 0.797903 0.922923 0.043723 0.016155
0 0.430333 0.199813 0.019923 0.010522
0 0.434878 0.223416 0.013171 0.007956