0 0.635583 0.746785 0.013367 0.004332
0 0.681062 0.743333 0.005569 0.004215
0 0.728148 0.743361 0.005569 0.004215
0 0.203432 0.752489 0.006784 0.004021
0 0.353601 0.768909 0.005573 0.004218
0 0.259967 0.704298 0.013244 0.004349
0 0.316696 0.702679 0.005654 0.004161
0 0.259943 0.764583 0.006675 0.004206
0 0.217773 0.649952 0.011898 0.004206
0 0.187534 0.302960 0.011916 0.004238
0 0.317594 0.200264 0.005698 0.004249
0 0.337621 0.265073 0.005567 0.004212
0 0.587308 0.193840 0.005626 0.004135
0 0.693874 0.195688 0.005628 0.004166
0 0.674997 0.153954 0.008459 0.004192
0 0.591071 0.302686 0.008372 0.004129
0 0.562503 0.302947 0.011848 0.004144
0 0.579266 0.249902 0.006833 0.003970
0 0.635712 0.262049 0.006649 0.004149
0 0.715022 0.265040 0.005535 0.004192
0 0.730631 0.193361 0.007040 0.004021
0 0.593585 0.147392 0.011735 0.004149
0 0.567210 0.169981 0.012063 0.004146
0 0.355659 0.193381 0.007074 0.004055
0 0.218635 0.147442 0.011817 0.004198
0 0.193303 0.177240 0.012027 0.004198
0 0.204326 0.249912 0.006891 0.004075
0 0.260763 0.262069 0.006667 0.004195
0 0.260825 0.201736 0.013329 0.004372
0 0.212354 0.193889 0.005684 0.004192
0 0.190049 0.146300 0.008485 0.004181
0 0.255088 0.140452 0.008414 0.004181
0 0.260906 0.302992 0.008396 0.004184
0 0.211543 0.696465 0.005654 0.004232
0 0.192432 0.679684 0.012122 0.004172
0 0.354773 0.695945 0.007068 0.004064
0 0.635804 0.201741 0.013292 0.004246
0 0.189207 0.648829 0.008408 0.004195
0 0.254435 0.642323 0.008539 0.004195
0 0.260017 0.805549 0.008408 0.004195
0 0.186687 0.805527 0.011840 0.004300
0 0.311721 0.768896 0.005573 0.004221
0 0.594070 0.644922 0.006770 0.004058
0 0.650567 0.629936 0.011858 0.004146
0 0.635802 0.657525 0.005660 0.004243
0 0.732316 0.696760 0.005676 0.004263
0 0.557277 0.627100 0.011902 0.004209
0 0.687607 0.672244 0.007131 0.004067
0 0.555891 0.707803 0.008614 0.004206
0 0.635025 0.814498 0.008507 0.004209
0 0.590414 0.737204 0.006663 0.004166
0 0.578665 0.808857 0.011850 0.004172
0 0.676580 0.429424 0.022138 0.008578
0 0.698759 0.429278 0.016949 0.008416
0 0.699497 0.437692 0.004914 0.004070
0 0.290074 0.429289 0.022138 0.008581
0 0.312438 0.429543 0.016949 0.008416
0 0.313312 0.437646 0.004914 0.004070
0 0.289926 0.929205 0.022138 0.008578
0 0.662830 0.929171 0.022138 0.008578
0 0.685055 0.929357 0.016949 0.008416
0 0.312098 0.929218 0.016788 0.008416
0 0.313326 0.937655 0.004914 0.004070
0 0.686146 0.937720 0.004914 0.004070