0 0.327843 0.226581 0.004564 0.003275
0 0.351526 0.207141 0.009538 0.003352
0 0.339557 0.288726 0.005479 0.003181
0 0.279887 0.295453 0.005358 0.003341
0 0.231698 0.311720 0.009613 0.003498
0 0.644348 0.088469 0.004596 0.003352
0 0.638624 0.697654 0.006972 0.003284
0 0.700026 0.625550 0.005580 0.003227
0 0.695137 0.672668 0.004562 0.003347
0 0.701453 0.737684 0.004572 0.003213
0 0.632838 0.751388 0.010687 0.003381
0 0.598948 0.793456 0.006809 0.003355
0 0.379652 0.691894 0.005569 0.003173
0 0.603870 0.829863 0.009365 0.003312
0 0.703853 0.862108 0.006807 0.003349
0 0.730939 0.867239 0.009704 0.003321
0 0.714962 0.803194 0.005477 0.003213
0 0.726831 0.729072 0.009458 0.003384
0 0.282862 0.767881 0.005378 0.003338
0 0.338029 0.775954 0.004632 0.003338
0 0.226309 0.799420 0.006805 0.003338
0 0.206784 0.658702 0.009403 0.003327
0 0.276968 0.652734 0.010712 0.003295
0 0.321817 0.636103 0.006904 0.003324
0 0.349546 0.630140 0.009700 0.003341
0 0.231762 0.677968 0.004584 0.003198
0 0.346285 0.683513 0.004584 0.003196
0 0.383334 0.775684 0.004676 0.003341
0 0.650878 0.810811 0.005340 0.003355
0 0.218495 0.742794 0.005444 0.003227
0 0.198548 0.798723 0.009403 0.003312
0 0.638227 0.588512 0.004574 0.003318
0 0.637815 0.652192 0.004612 0.003352
0 0.227013 0.243854 0.006926 0.003324
0 0.355461 0.342038 0.009389 0.003352
0 0.297763 0.341782 0.006894 0.003324
0 0.650861 0.310832 0.005434 0.003341
0 0.603850 0.329885 0.009405 0.003355
0 0.596919 0.260063 0.006807 0.003312
0 0.644741 0.197668 0.006962 0.003312
0 0.643955 0.152171 0.004596 0.003310
0 0.726798 0.229051 0.009524 0.003312
0 0.714942 0.303207 0.005497 0.003216
0 0.695170 0.172644 0.004435 0.003327
0 0.730933 0.364387 0.009716 0.003341
0 0.666602 0.359527 0.006916 0.003341
0 0.700005 0.125507 0.005561 0.003284
0 0.701448 0.237662 0.004562 0.003255
0 0.647315 0.246306 0.010659 0.003369
0 0.272289 0.173774 0.004554 0.003312
0 0.324516 0.176089 0.004481 0.003290
0 0.272281 0.115101 0.004598 0.003720
0 0.352537 0.075607 0.006678 0.003233
0 0.327024 0.128885 0.005739 0.003381
0 0.727053 0.074525 0.006527 0.003344
0 0.726970 0.574528 0.006571 0.003338
0 0.420640 0.694721 0.006775 0.003375
0 0.274431 0.234979 0.010893 0.003851
0 0.283987 0.436502 0.020520 0.007286
0 0.304744 0.436571 0.015842 0.007423
0 0.656786 0.442968 0.020510 0.007560
0 0.677595 0.442697 0.015747 0.007560
0 0.153883 0.621676 0.020615 0.006762
0 0.110751 0.727671 0.020615 0.006762
0 0.283907 0.936659 0.020216 0.006944
0 0.304673 0.936542 0.015906 0.007178
0 0.656699 0.942905 0.020615 0.007611
0 0.677485 0.942825 0.016148 0.007127