0 0.825439 0.521750 0.002372 0.003421
0 0.758025 0.494778 0.006911 0.003455
0 0.704939 0.521816 0.004695 0.003221
0 0.913284 0.696522 0.031146 0.010747
0 0.865881 0.521843 0.004665 0.003281
0 0.902279 0.708625 0.008817 0.006633
0 0.360840 0.498572 0.007012 0.003455
0 0.296358 0.473338 0.004785 0.003250
0 0.243703 0.522698 0.006951 0.003378
0 0.243795 0.473253 0.009432 0.003318
0 0.414194 0.696827 0.031515 0.010724
0 0.356252 0.534014 0.014399 0.003449
0 0.294441 0.522625 0.004594 0.003335
0 0.402427 0.708364 0.009573 0.007161