0 0.366322 0.463080 0.014268 0.010869
0 0.557558 0.685081 0.020282 0.011365
0 0.542803 0.345133 0.020282 0.011365
0 0.458600 0.684916 0.020282 0.011365
0 0.440455 0.318488 0.020282 0.011365
0 0.469858 0.375412 0.014554 0.011365
0 0.469903 0.388047 0.014487 0.011460
0 0.549560 0.428483 0.013844 0.011403
0 0.357413 0.668538 0.020282 0.011368
0 0.343868 0.563779 0.013844 0.011405
0 0.557658 0.597432 0.013844 0.011403
0 0.459519 0.568637 0.013764 0.011739
0 0.365992 0.450800 0.014040 0.010869