0 0.122013 0.538417 0.008527 0.004278
0 0.122993 0.473112 0.008529 0.004280
0 0.210419 0.586716 0.008527 0.004255
0 0.420496 0.586194 0.008632 0.004226
0 0.404175 0.397087 0.008648 0.004241
0 0.331044 0.418406 0.008527 0.004203
0 0.284124 0.470489 0.007018 0.004238
0 0.069917 0.427894 0.006778 0.004292
0 0.244052 0.472053 0.006714 0.004255
0 0.236809 0.537600 0.006752 0.004417
0 0.187841 0.537600 0.006917 0.004417
0 0.075212 0.531325 0.006752 0.004417
0 0.393204 0.450054 0.007169 0.004258
0 0.401708 0.529842 0.006752 0.004221
0 0.009822 0.410172 0.008807 0.004238
0 0.016034 0.559711 0.008807 0.004238
0 0.136199 0.425916 0.008807 0.004241
0 0.136127 0.579944 0.008805 0.004238
0 0.314023 0.579873 0.008880 0.004238
0 0.453170 0.469959 0.006889 0.004226
0 0.330192 0.481364 0.008662 0.004203
0 0.005774 0.452193 0.008529 0.004278
0 0.696345 0.457562 0.011078 0.004203
0 0.791508 0.451798 0.006841 0.004166
0 0.712848 0.574858 0.008650 0.004255
0 0.814856 0.564993 0.011856 0.004144
0 0.814948 0.571319 0.018374 0.004218
0 0.744291 0.396721 0.008561 0.004221
0 0.634012 0.417278 0.008555 0.004218
0 0.668028 0.430011 0.006752 0.004166
0 0.637993 0.462512 0.008181 0.004203
0 0.816937 0.452519 0.011973 0.004206
0 0.634382 0.526478 0.006754 0.004400
0 0.801113 0.514682 0.006905 0.004417
0 0.738764 0.514772 0.007929 0.004238
0 0.678762 0.526488 0.006792 0.004380
0 0.738910 0.457449 0.013480 0.004383
0 0.006101 0.509290 0.008527 0.004258
0 0.060048 0.588894 0.008527 0.004280
0 0.751602 0.753383 0.003848 0.003049
0 0.741706 0.743155 0.017947 0.008624
0 0.717548 0.743196 0.023470 0.008569
0 0.247917 0.743193 0.023470 0.008569
0 0.271923 0.743166 0.017947 0.008624
0 0.281956 0.753306 0.003848 0.003049