0 0.314189 0.480901 0.011638 0.005217
0 0.778198 0.487691 0.011523 0.005462
0 0.892542 0.716884 0.009968 0.007184
0 0.911676 0.703237 0.044642 0.012323
0 0.690109 0.541454 0.007661 0.005257
0 0.758822 0.541129 0.019381 0.006186
0 0.286621 0.481109 0.011549 0.005439
0 0.234225 0.480897 0.011509 0.005465
0 0.324716 0.426458 0.007582 0.005305
0 0.440425 0.703149 0.044795 0.012306
0 0.412772 0.716706 0.010125 0.007084
0 0.242865 0.540547 0.007951 0.005445
0 0.318342 0.540604 0.015599 0.005576