0 0.761644 0.559463 0.011673 0.007380
0 0.655277 0.483352 0.020703 0.007480
0 0.760471 0.349096 0.020264 0.007229
0 0.656274 0.416277 0.020705 0.007258
0 0.651805 0.337312 0.020272 0.007138
0 0.862418 0.396263 0.016239 0.007520
0 0.210171 0.567013 0.009674 0.007383
0 0.365298 0.567363 0.009674 0.007383
0 0.378000 0.477444 0.009788 0.007380
0 0.305910 0.330534 0.014807 0.007175
0 0.285447 0.472433 0.023184 0.007380
0 0.344354 0.466202 0.012118 0.007129
0 0.296247 0.559394 0.011673 0.007380
0 0.271447 0.802952 0.032882 0.011782
0 0.305255 0.802905 0.025020 0.011733
0 0.186487 0.337369 0.020270 0.007138
0 0.276860 0.628837 0.014805 0.007178
0 0.382572 0.396263 0.016239 0.007520
0 0.190933 0.416311 0.020705 0.007258
0 0.189881 0.483399 0.020705 0.007477
0 0.229758 0.406116 0.009674 0.007380
0 0.751294 0.802953 0.032882 0.011779
0 0.785100 0.802905 0.025020 0.011733
0 0.695171 0.406056 0.009674 0.007380
0 0.675452 0.567094 0.009672 0.007380
0 0.830695 0.567091 0.009674 0.007380
0 0.843497 0.477350 0.009790 0.007380
0 0.750812 0.472399 0.023184 0.007380
0 0.809782 0.466203 0.012116 0.007223
0 0.239859 0.335506 0.014805 0.007175
0 0.216501 0.483597 0.009674 0.007315
0 0.681778 0.483540 0.009674 0.007315