0 0.213129 0.491707 0.008733 0.005500
0 0.150828 0.539196 0.006903 0.005056
0 0.305851 0.454346 0.006947 0.005198
0 0.144187 0.589423 0.014201 0.005127
0 0.297005 0.546050 0.007445 0.005056
0 0.248449 0.562692 0.006911 0.005058
0 0.750284 0.567394 0.007270 0.005309
0 0.704984 0.448175 0.014360 0.005207
0 0.167482 0.421384 0.011261 0.005480
0 0.675056 0.485390 0.014602 0.006341
0 0.805943 0.447622 0.014247 0.006438
0 0.715369 0.743406 0.025446 0.009370
0 0.740583 0.743406 0.019551 0.009370
0 0.204163 0.561661 0.006758 0.005170
0 0.643977 0.489722 0.008620 0.005024
0 0.807844 0.547504 0.006863 0.005170
0 0.619593 0.432997 0.011082 0.005645
0 0.651687 0.571358 0.006869 0.005150
0 0.729400 0.453105 0.007036 0.006181
0 0.811440 0.600644 0.010725 0.005141
0 0.805797 0.485613 0.014475 0.005144
0 0.694770 0.571244 0.006949 0.005127
0 0.144106 0.470239 0.014705 0.005437
0 0.170477 0.484865 0.014409 0.005534
0 0.257766 0.491777 0.014703 0.006221
0 0.170221 0.591023 0.010770 0.005922
0 0.332480 0.460993 0.014302 0.005936
0 0.246922 0.743310 0.025479 0.009310
0 0.272209 0.743377 0.019369 0.009176