0 0.201764 0.589732 0.009688 0.007383
0 0.694215 0.507842 0.009893 0.007326
0 0.666684 0.508969 0.020603 0.007329
0 0.671560 0.464629 0.020721 0.007229
0 0.711640 0.403885 0.012152 0.007206
0 0.669807 0.332148 0.016227 0.007318
0 0.789042 0.498807 0.023166 0.007283
0 0.750902 0.803033 0.032888 0.011938
0 0.784604 0.802886 0.025040 0.011690
0 0.769868 0.596579 0.011634 0.007326
0 0.724049 0.645529 0.014829 0.007403
0 0.836693 0.640275 0.020270 0.007198
0 0.782002 0.427825 0.009756 0.007144
0 0.271938 0.803337 0.032541 0.011365
0 0.682751 0.584250 0.009754 0.007144
0 0.306045 0.802882 0.023835 0.011363
0 0.211354 0.370627 0.014595 0.007662
0 0.222752 0.417070 0.020470 0.007400
0 0.257946 0.415288 0.023184 0.007491
0 0.374670 0.442920 0.015887 0.007945
0 0.313337 0.450174 0.012088 0.007628
0 0.335278 0.503521 0.009956 0.007298
0 0.338507 0.564872 0.009492 0.007189
0 0.243514 0.623415 0.015113 0.007583
0 0.203863 0.529926 0.009815 0.007491
0 0.204630 0.478565 0.009377 0.007124
0 0.205367 0.445790 0.015187 0.006904
0 0.279191 0.570108 0.011606 0.007577
0 0.782032 0.336525 0.009756 0.007144
0 0.834458 0.531834 0.014829 0.007403
0 0.816268 0.379743 0.014829 0.007400
0 0.710104 0.319270 0.009893 0.007326