0 0.577597 0.346032 0.018525 0.008251
0 0.492460 0.333283 0.018525 0.008251
0 0.502809 0.438145 0.028066 0.008935
0 0.499967 0.611146 0.016307 0.008345
0 0.613707 0.499448 0.025171 0.008303
0 0.599124 0.610876 0.012028 0.008850
0 0.410517 0.610923 0.012028 0.008850
0 0.386475 0.429688 0.018438 0.008055
0 0.623157 0.424047 0.024941 0.008333
0 0.561937 0.420616 0.012028 0.008850
0 0.627909 0.343608 0.025960 0.008722
0 0.436416 0.497884 0.017105 0.008508
0 0.627205 0.694359 0.018525 0.008717
0 0.582526 0.696687 0.018525 0.008251
0 0.503752 0.706499 0.018607 0.008465
0 0.423871 0.690128 0.018525 0.008251
0 0.412460 0.337884 0.010595 0.006550
0 0.395653 0.338140 0.018879 0.006721
0 0.763835 0.896836 0.047585 0.018435
0 0.809600 0.897272 0.036673 0.018452
0 0.404577 0.536768 0.016552 0.009320