0 0.450489 0.371303 0.025126 0.010781
0 0.527545 0.414314 0.007656 0.011502
0 0.443242 0.449651 0.038631 0.011457
0 0.392446 0.460958 0.016515 0.011517
0 0.348665 0.439464 0.016176 0.011345
0 0.362294 0.578816 0.017392 0.011907
0 0.339938 0.654210 0.035114 0.011534
0 0.445752 0.541106 0.016265 0.011140
0 0.497893 0.467115 0.017386 0.011294
0 0.279840 0.085847 0.075039 0.024544
0 0.654275 0.096092 0.068776 0.026802
0 0.519592 0.562272 0.016176 0.011345
0 0.447853 0.619480 0.025124 0.010784
0 0.375855 0.653790 0.025126 0.010784
0 0.340251 0.511385 0.016515 0.011517