0 0.218359 0.817308 0.006785 0.003327
0 0.274955 0.785733 0.005293 0.003312
0 0.330082 0.793663 0.004646 0.003398
0 0.375315 0.793592 0.004572 0.003312
0 0.381964 0.729924 0.004562 0.003327
0 0.349503 0.702564 0.005586 0.003213
0 0.226889 0.647175 0.009766 0.003295
0 0.310605 0.657145 0.006777 0.003338
0 0.198882 0.676425 0.009375 0.003324
0 0.223758 0.695755 0.004489 0.003341
0 0.210564 0.760668 0.005467 0.003184
0 0.190652 0.816575 0.009415 0.003281
0 0.752743 0.191874 0.005531 0.003241
0 0.719399 0.183505 0.004560 0.003213
0 0.746356 0.137972 0.006870 0.003338
0 0.722619 0.130084 0.009597 0.003481
0 0.637424 0.127440 0.006942 0.003341
0 0.604834 0.177962 0.004564 0.003210
0 0.650602 0.179155 0.010677 0.003327
0 0.579839 0.167670 0.009506 0.003384
0 0.272289 0.173774 0.004554 0.003312
0 0.327084 0.128649 0.005638 0.003227
0 0.324516 0.176089 0.004481 0.003290
0 0.268937 0.670499 0.010714 0.003324
0 0.327843 0.226581 0.004564 0.003275
0 0.339557 0.288726 0.005479 0.003181
0 0.351526 0.207141 0.009538 0.003352
0 0.279887 0.295453 0.005358 0.003341
0 0.231698 0.311720 0.009613 0.003498
0 0.571667 0.298780 0.009369 0.003255
0 0.227013 0.243854 0.006926 0.003324
0 0.355461 0.342038 0.009389 0.003352
0 0.272281 0.114917 0.004598 0.003352
0 0.297763 0.341782 0.006894 0.003324
0 0.591588 0.242794 0.005487 0.003227
0 0.655990 0.262742 0.005348 0.003381
0 0.711087 0.264732 0.004642 0.003324
0 0.756431 0.264591 0.004650 0.003327
0 0.680869 0.307265 0.006809 0.003367
0 0.726831 0.729072 0.009458 0.003384
0 0.650878 0.810811 0.005340 0.003355
0 0.638227 0.588512 0.004574 0.003318
0 0.637815 0.652192 0.004612 0.003352
0 0.638624 0.697654 0.006972 0.003284
0 0.700026 0.625550 0.005580 0.003227
0 0.695137 0.672668 0.004562 0.003347
0 0.701453 0.737684 0.004572 0.003213
0 0.632838 0.751388 0.010687 0.003381
0 0.598948 0.793456 0.006809 0.003355
0 0.603870 0.829863 0.009365 0.003312
0 0.703853 0.862108 0.006807 0.003349
0 0.730939 0.867239 0.009704 0.003321
0 0.714962 0.803194 0.005477 0.003213
0 0.793508 0.194729 0.006775 0.003130
0 0.726903 0.574310 0.006416 0.003119
0 0.383161 0.653022 0.006708 0.003250
0 0.483991 0.227390 0.020246 0.005368
0 0.526674 0.121735 0.020246 0.005368
0 0.145688 0.639728 0.020246 0.005368
0 0.102331 0.747576 0.019688 0.005368
0 0.283894 0.436554 0.020105 0.006973
0 0.304754 0.436569 0.015567 0.006975
0 0.656878 0.436603 0.020105 0.006975
0 0.677696 0.436632 0.015541 0.006975
0 0.656668 0.942845 0.020105 0.006973
0 0.677448 0.942969 0.015513 0.006975
0 0.283174 0.936566 0.019925 0.006975
0 0.303948 0.936566 0.015366 0.006975
0 0.434474 0.864828 0.020389 0.005368
0 0.352406 0.075550 0.006416 0.003119