0 0.317252 0.524262 0.009833 0.008113
0 0.300014 0.621052 0.009978 0.008498
0 0.489738 0.429402 0.022535 0.008076
0 0.437822 0.635361 0.009506 0.007814
0 0.638494 0.685979 0.009726 0.007974
0 0.575821 0.291877 0.017248 0.008433
0 0.543700 0.685977 0.009299 0.008472
0 0.580932 0.503998 0.010347 0.008048
0 0.426697 0.427861 0.014610 0.008034
0 0.650860 0.549702 0.009623 0.007726
0 0.472901 0.927638 0.030421 0.014545
0 0.503526 0.927552 0.024139 0.014374
0 0.509859 0.943897 0.008088 0.008472
0 0.631138 0.301392 0.012960 0.008273
0 0.336094 0.734622 0.020860 0.008840
0 0.274510 0.734883 0.014650 0.008837