0 0.194170 0.669839 0.012063 0.004146
0 0.558638 0.627076 0.011751 0.004166
0 0.729580 0.743296 0.005567 0.004135
0 0.682474 0.743284 0.005529 0.004135
0 0.636909 0.738693 0.013294 0.004317
0 0.689050 0.672192 0.007014 0.004007
0 0.733763 0.696728 0.005636 0.004155
0 0.637224 0.657491 0.005636 0.004135
0 0.639998 0.629954 0.011944 0.004178
0 0.595450 0.644924 0.006810 0.004007
0 0.562503 0.302947 0.011848 0.004144
0 0.580019 0.808775 0.011749 0.004121
0 0.607595 0.802002 0.008449 0.004175
0 0.557316 0.669089 0.008346 0.004175
0 0.214268 0.693698 0.005626 0.004135
0 0.187534 0.302960 0.011916 0.004238
0 0.218635 0.147442 0.011817 0.004198
0 0.337621 0.265073 0.005567 0.004212
0 0.587308 0.193840 0.005626 0.004135
0 0.693874 0.195688 0.005628 0.004166
0 0.674997 0.153954 0.008459 0.004192
0 0.591071 0.302686 0.008372 0.004129
0 0.591727 0.737179 0.006637 0.004109
0 0.579266 0.249902 0.006833 0.003970
0 0.635712 0.262049 0.006649 0.004149
0 0.715022 0.265040 0.005535 0.004192
0 0.730631 0.193361 0.007040 0.004021
0 0.593585 0.147392 0.011735 0.004149
0 0.567210 0.169981 0.012063 0.004146
0 0.355659 0.193381 0.007074 0.004055
0 0.317594 0.200264 0.005698 0.004249
0 0.193303 0.177240 0.012027 0.004198
0 0.204326 0.249912 0.006891 0.004075
0 0.260763 0.262069 0.006667 0.004195
0 0.260825 0.201736 0.013329 0.004372
0 0.212354 0.193889 0.005684 0.004192
0 0.635804 0.201741 0.013292 0.004246
0 0.190049 0.146300 0.008485 0.004181
0 0.255088 0.140452 0.008414 0.004181
0 0.260906 0.302992 0.008396 0.004184
0 0.320833 0.695546 0.005628 0.004166
0 0.262763 0.701599 0.013292 0.004246
0 0.301956 0.653812 0.008459 0.004192
0 0.218030 0.802543 0.008372 0.004129
0 0.189462 0.802804 0.011848 0.004144
0 0.206225 0.749759 0.006833 0.003970
0 0.262672 0.761907 0.006649 0.004149
0 0.341982 0.764897 0.005535 0.004192
0 0.357590 0.693219 0.007040 0.004021
0 0.220546 0.647250 0.011735 0.004149
0 0.290122 0.429343 0.021747 0.008125
0 0.312369 0.429379 0.016609 0.008122
0 0.313299 0.437732 0.004552 0.003534
0 0.676502 0.429363 0.021745 0.008125
0 0.698869 0.429363 0.016528 0.008125
0 0.699579 0.437796 0.004550 0.003520
0 0.676030 0.929198 0.021747 0.008125
0 0.698338 0.929198 0.016542 0.008125
0 0.699565 0.937680 0.004538 0.003636
0 0.303447 0.929206 0.021747 0.008125
0 0.325850 0.929283 0.016484 0.008125
0 0.326636 0.937625 0.004475 0.003634