0 0.196273 0.272022 0.006297 0.003337
0 0.160663 0.139648 0.014181 0.003286
0 0.160827 0.134632 0.009520 0.003360
0 0.193938 0.312960 0.006800 0.003417
0 0.336876 0.199775 0.005523 0.003522
0 0.314926 0.279225 0.005396 0.003494
0 0.188001 0.216252 0.005396 0.003494
0 0.289080 0.226294 0.006498 0.003411
0 0.725704 0.296983 0.014475 0.003263
0 0.725708 0.292009 0.009486 0.003374
0 0.727582 0.199830 0.009571 0.003360
0 0.159082 0.225154 0.006800 0.003354
0 0.235747 0.790993 0.010723 0.003497
0 0.160668 0.639457 0.014183 0.003326
0 0.160882 0.634443 0.009520 0.003323
0 0.210791 0.833112 0.006800 0.003351
0 0.231724 0.703552 0.005511 0.003406
0 0.160273 0.680677 0.006800 0.003354
0 0.626529 0.657790 0.006986 0.003394
0 0.625388 0.718445 0.005505 0.003366
0 0.618894 0.783606 0.007020 0.003394
0 0.674239 0.718374 0.005404 0.003508
0 0.564554 0.726238 0.005364 0.003323
0 0.192112 0.652756 0.005412 0.003494
0 0.253537 0.698460 0.005515 0.003394
0 0.338191 0.710170 0.005525 0.003525
0 0.314984 0.790569 0.005535 0.003531
0 0.177856 0.718249 0.005400 0.003537
0 0.289876 0.725296 0.006498 0.003371
0 0.228172 0.646741 0.009623 0.003445
0 0.185752 0.775720 0.006297 0.003346
0 0.665303 0.201186 0.010623 0.003511
0 0.662629 0.257646 0.006287 0.003380
0 0.630897 0.208652 0.006899 0.003351
0 0.239418 0.300527 0.010615 0.003511
0 0.492091 0.205942 0.005356 0.003448
0 0.500290 0.259583 0.005392 0.003480
0 0.810661 0.199766 0.009571 0.003545
0 0.803373 0.251844 0.005505 0.003750
0 0.810191 0.291815 0.009486 0.003374
0 0.810101 0.296964 0.014475 0.003850
0 0.765063 0.718403 0.005404 0.003508
0 0.275693 0.431602 0.018733 0.006993
0 0.294879 0.431701 0.014554 0.006993
0 0.302760 0.439699 0.003022 0.002505
0 0.648727 0.431676 0.018731 0.006993
0 0.667837 0.431676 0.014195 0.006993
0 0.675742 0.439829 0.003059 0.002417
0 0.649902 0.931696 0.018733 0.006993
0 0.668976 0.931627 0.014374 0.006993
0 0.681677 0.939802 0.003008 0.002414
0 0.275705 0.931579 0.018527 0.006993
0 0.294961 0.931661 0.014270 0.006993
0 0.302850 0.939701 0.003004 0.002388
0 0.316119 0.326143 0.006879 0.003326
0 0.226253 0.221587 0.005386 0.003351
0 0.278164 0.281607 0.006758 0.003272
0 0.253538 0.198557 0.005493 0.003394
0 0.348293 0.239179 0.006798 0.003380
0 0.228182 0.146867 0.009625 0.003383
0 0.193412 0.149769 0.005402 0.003494
0 0.603382 0.212602 0.006510 0.003351
0 0.648860 0.296868 0.006851 0.003408
0 0.714716 0.251885 0.005382 0.003508
0 0.617645 0.259714 0.005485 0.003508
0 0.582436 0.259714 0.005392 0.003480
0 0.705721 0.207374 0.005495 0.003354
0 0.575114 0.206091 0.005356 0.003360
0 0.666306 0.159622 0.006768 0.003309