0 0.539433 0.374232 0.016520 0.009017
0 0.482682 0.349597 0.008362 0.006951
0 0.474166 0.451939 0.017250 0.006922
0 0.584619 0.466392 0.016750 0.009080
0 0.534008 0.592925 0.008370 0.006740
0 0.354342 0.592566 0.008342 0.006774
0 0.537842 0.685172 0.016276 0.008931
0 0.322058 0.460359 0.007211 0.006697
0 0.395804 0.417663 0.011322 0.006686
0 0.595110 0.581448 0.016293 0.008857
0 0.395136 0.342127 0.008737 0.006557
0 0.326522 0.686295 0.022797 0.008681
0 0.462043 0.195953 0.016313 0.009005
0 0.482463 0.254600 0.008388 0.006731
0 0.371372 0.681455 0.016200 0.008820
0 0.396434 0.490596 0.015555 0.006783
0 0.489818 0.947863 0.010060 0.008931
0 0.461813 0.932193 0.031223 0.015067
0 0.492438 0.932085 0.023748 0.015067
0 0.393940 0.247686 0.007211 0.006697
0 0.289267 0.350797 0.014052 0.008125