0 0.330683 0.672854 0.008890 0.003354
0 0.209386 0.771639 0.005394 0.003522
0 0.376229 0.186773 0.009597 0.003406
0 0.293572 0.158356 0.006798 0.003397
0 0.305770 0.264060 0.006329 0.003394
0 0.248326 0.201765 0.005472 0.003508
0 0.197950 0.169003 0.006772 0.003329
0 0.225571 0.269004 0.008797 0.003337
0 0.193065 0.268953 0.005404 0.003508
0 0.364391 0.155797 0.006051 0.003403
0 0.650372 0.156099 0.006861 0.003311
0 0.641229 0.300292 0.006871 0.003314
0 0.628381 0.198300 0.008880 0.003354
0 0.666484 0.198651 0.010578 0.003502
0 0.717990 0.165844 0.005583 0.003480
0 0.665919 0.253712 0.006276 0.003354
0 0.707248 0.253625 0.005356 0.003500
0 0.617616 0.258729 0.005460 0.003471
0 0.582412 0.258733 0.005396 0.003485
0 0.603046 0.178803 0.005462 0.003289
0 0.581066 0.157365 0.009494 0.003337
0 0.580255 0.163502 0.014489 0.003237
0 0.707057 0.202110 0.005354 0.003309
0 0.728950 0.207820 0.006766 0.003329
0 0.201111 0.206357 0.006466 0.003343
0 0.286747 0.306374 0.006772 0.003331
0 0.220549 0.183494 0.005382 0.003323
0 0.321769 0.209340 0.006992 0.003337
0 0.349371 0.201667 0.005481 0.003363
0 0.352681 0.797002 0.014509 0.003289
0 0.352664 0.792023 0.009502 0.003351
0 0.545885 0.702636 0.005370 0.003329
0 0.327856 0.796995 0.006871 0.003326
0 0.634833 0.769423 0.006264 0.003394
0 0.584479 0.203985 0.006488 0.003366
0 0.575546 0.711187 0.006498 0.003366
0 0.589757 0.771496 0.005394 0.003465
0 0.697690 0.791868 0.009476 0.003366
0 0.686819 0.751736 0.005495 0.003494
0 0.332703 0.707214 0.005470 0.003343
0 0.602681 0.709062 0.006925 0.003363
0 0.202074 0.705925 0.005354 0.003323
0 0.354537 0.690731 0.009593 0.003394
0 0.244604 0.771653 0.005485 0.003522
0 0.292251 0.701059 0.010623 0.003508
0 0.289584 0.769571 0.006317 0.003394
0 0.294680 0.195215 0.010621 0.003522
0 0.360065 0.255165 0.005402 0.003508
0 0.254669 0.269642 0.005505 0.003508
0 0.375864 0.307720 0.014521 0.003209
0 0.375769 0.302663 0.009510 0.003411
0 0.554509 0.771503 0.005404 0.003508
0 0.637132 0.701170 0.010673 0.003485
0 0.675835 0.679364 0.008833 0.003340
0 0.698650 0.692291 0.009365 0.003374
0 0.602559 0.658628 0.006685 0.003423
0 0.671360 0.707204 0.005485 0.003340
0 0.671977 0.797543 0.006855 0.003357
0 0.258720 0.664047 0.006760 0.003380
0 0.257857 0.708504 0.006917 0.003363
0 0.230330 0.712183 0.006508 0.003357
0 0.341671 0.751871 0.005394 0.003537
0 0.275670 0.431640 0.018723 0.006894
0 0.294791 0.431583 0.014249 0.006928
0 0.302821 0.439812 0.002982 0.002599
0 0.675807 0.439840 0.002982 0.002599
0 0.675815 0.939592 0.002982 0.002599
0 0.302787 0.939687 0.002982 0.002599
0 0.667886 0.431681 0.014249 0.006931
0 0.667948 0.931582 0.014247 0.006931
0 0.294864 0.931576 0.014249 0.006931
0 0.648759 0.431478 0.018723 0.006894
0 0.648623 0.931432 0.018721 0.006894
0 0.275679 0.931657 0.018721 0.006894
0 0.119302 0.705950 0.005354 0.003323
0 0.127410 0.771530 0.005394 0.003522
0 0.437462 0.690520 0.009593 0.003394
0 0.427636 0.751774 0.005394 0.003537
0 0.437409 0.791918 0.009502 0.003351
0 0.437200 0.796720 0.014509 0.003289
0 0.697760 0.796632 0.014509 0.003289
0 0.781254 0.796597 0.014509 0.003289
0 0.781202 0.791646 0.009476 0.003366
0 0.771359 0.751650 0.005495 0.003494
0 0.783365 0.692169 0.009365 0.003374