0 0.776315 0.545540 0.006931 0.004144
0 0.402451 0.314192 0.007308 0.003819
0 0.543713 0.378977 0.007306 0.003819
0 0.222718 0.756865 0.031130 0.010806
0 0.254780 0.756783 0.024028 0.010687
0 0.729594 0.756857 0.031132 0.010806
0 0.761899 0.756982 0.024028 0.010687
0 0.369948 0.404855 0.010296 0.004477
0 0.263680 0.478501 0.007151 0.004822
0 0.332140 0.595537 0.007217 0.004639
0 0.082527 0.666140 0.012178 0.004511
0 0.104650 0.445613 0.012299 0.004471
0 0.202637 0.574722 0.007046 0.004332
0 0.139095 0.380134 0.012279 0.004508
0 0.862737 0.337657 0.012063 0.004423
0 0.584246 0.434678 0.010121 0.004409
0 0.638221 0.455771 0.007298 0.004446
0 0.633200 0.566244 0.006903 0.004759
0 0.133607 0.629886 0.008789 0.004577
0 0.700302 0.566214 0.006972 0.004699
0 0.716521 0.440195 0.006933 0.004534
0 0.690323 0.499621 0.007183 0.004691
0 0.683399 0.347971 0.012327 0.004486
0 0.290019 0.524648 0.006998 0.004554
0 0.774715 0.452251 0.013536 0.004474
0 0.845355 0.600540 0.008948 0.004734
0 0.852305 0.533604 0.007097 0.004722
0 0.852250 0.502109 0.007127 0.004446
0 0.874351 0.464659 0.012490 0.004622
0 0.874386 0.423621 0.012218 0.004568
0 0.100094 0.531404 0.012345 0.004392
0 0.123916 0.531421 0.007014 0.004471
0 0.197559 0.436639 0.013627 0.004637
0 0.337646 0.484514 0.007268 0.004309
0 0.120741 0.574732 0.006818 0.004580
0 0.275896 0.595519 0.007161 0.004602