0 0.331825 0.450603 0.009817 0.007032
0 0.190289 0.472757 0.009732 0.007229
0 0.198216 0.566327 0.009742 0.007460
0 0.325644 0.347839 0.020457 0.007674
0 0.188431 0.407863 0.016278 0.007420
0 0.750832 0.803221 0.033176 0.011870
0 0.784983 0.803013 0.025173 0.011454
0 0.790914 0.500281 0.022783 0.008099
0 0.765289 0.430017 0.009599 0.007320
0 0.768022 0.353136 0.009881 0.007269
0 0.683738 0.546974 0.009512 0.007705
0 0.220144 0.484267 0.011949 0.007127
0 0.830476 0.581015 0.019988 0.007509
0 0.757318 0.561706 0.011520 0.007283
0 0.715449 0.346079 0.009758 0.006804
0 0.699195 0.380725 0.012062 0.007186
0 0.644544 0.403674 0.016330 0.008244
0 0.695910 0.481256 0.009962 0.007101
0 0.264972 0.556076 0.011717 0.007631
0 0.271775 0.802764 0.032547 0.011445
0 0.305477 0.803079 0.024827 0.011705
0 0.274665 0.383814 0.022862 0.007235
0 0.331522 0.566206 0.009569 0.007349
0 0.335201 0.490125 0.010091 0.007087