0 0.336876 0.199775 0.005523 0.003522
0 0.193938 0.312960 0.006800 0.003417
0 0.160827 0.134632 0.009520 0.003360
0 0.160663 0.139648 0.014181 0.003286
0 0.196273 0.272022 0.006297 0.003337
0 0.719597 0.674303 0.006911 0.003351
0 0.228172 0.646741 0.009623 0.003445
0 0.289876 0.725296 0.006498 0.003371
0 0.177856 0.718249 0.005400 0.003537
0 0.314984 0.790569 0.005535 0.003531
0 0.185752 0.775720 0.006297 0.003346
0 0.338191 0.710170 0.005525 0.003525
0 0.253537 0.698460 0.005515 0.003394
0 0.192112 0.652756 0.005412 0.003494
0 0.160273 0.680677 0.006800 0.003354
0 0.231724 0.703552 0.005511 0.003406
0 0.210791 0.833112 0.006800 0.003351
0 0.160882 0.634443 0.009520 0.003323
0 0.160668 0.639457 0.014183 0.003326
0 0.235747 0.790993 0.010723 0.003497
0 0.677479 0.715051 0.005593 0.003366
0 0.645675 0.716385 0.005382 0.003394
0 0.508249 0.675702 0.005384 0.003397
0 0.839408 0.659940 0.007028 0.003351
0 0.701151 0.794912 0.007076 0.003388
0 0.559955 0.802012 0.007006 0.003351
0 0.559955 0.679699 0.007006 0.003349
0 0.823808 0.762714 0.005404 0.003508
0 0.464556 0.788105 0.007008 0.003351
0 0.638505 0.781917 0.005404 0.003508
0 0.599549 0.781934 0.005404 0.003508
0 0.511412 0.763450 0.005404 0.003508
0 0.469470 0.723575 0.009623 0.003337
0 0.463530 0.662525 0.007008 0.003351
0 0.839589 0.801562 0.014604 0.003340
0 0.839534 0.806981 0.009492 0.003354
0 0.835371 0.694735 0.009621 0.003337
0 0.811513 0.715879 0.005291 0.003397
0 0.763498 0.700718 0.005686 0.003311
0 0.770891 0.762220 0.005384 0.003323
0 0.798259 0.661951 0.006871 0.003394
0 0.810588 0.807136 0.006798 0.003386
0 0.603678 0.255459 0.005495 0.003497
0 0.593956 0.300816 0.014534 0.003383
0 0.770508 0.266801 0.005493 0.003508
0 0.594252 0.188173 0.009460 0.003397
0 0.615991 0.189290 0.005374 0.003323
0 0.779397 0.204501 0.005374 0.003326
0 0.665702 0.198062 0.010586 0.003511
0 0.671683 0.253391 0.005495 0.003340
0 0.734708 0.279942 0.007002 0.003337
0 0.756638 0.206649 0.005684 0.003323
0 0.593569 0.153805 0.006768 0.003380
0 0.662993 0.153940 0.006768 0.003383
0 0.651871 0.306201 0.006865 0.003380
0 0.759354 0.307053 0.006865 0.003380
0 0.193412 0.149769 0.005402 0.003494
0 0.228182 0.146867 0.009625 0.003383
0 0.159082 0.225154 0.006800 0.003354
0 0.348293 0.239179 0.006798 0.003380
0 0.253538 0.198557 0.005493 0.003394
0 0.278164 0.281607 0.006758 0.003272
0 0.226253 0.221587 0.005386 0.003351
0 0.316119 0.326143 0.006879 0.003326
0 0.239418 0.300527 0.010615 0.003511
0 0.289080 0.226294 0.006498 0.003411
0 0.188001 0.216252 0.005396 0.003494
0 0.314926 0.279225 0.005396 0.003494
0 0.502240 0.153665 0.006768 0.003699
0 0.503021 0.188036 0.009460 0.003397
0 0.512453 0.255248 0.005495 0.003497
0 0.502540 0.300604 0.014534 0.003693
0 0.503090 0.306314 0.009480 0.003445
0 0.275707 0.431703 0.018579 0.006808
0 0.294945 0.431683 0.014221 0.006808
0 0.302849 0.439712 0.002926 0.002479
0 0.649875 0.431543 0.018582 0.006808
0 0.668959 0.431680 0.014288 0.006808
0 0.681686 0.439759 0.003018 0.002613
0 0.654578 0.931423 0.018582 0.006808
0 0.673761 0.931503 0.014195 0.006808
0 0.681605 0.939578 0.003101 0.002576
0 0.275633 0.931634 0.018579 0.006808
0 0.294796 0.931657 0.014316 0.006962
0 0.302774 0.939798 0.003319 0.002650
0 0.594242 0.306471 0.009480 0.003531