0 0.702883 0.540235 0.015434 0.004741
0 0.702719 0.499396 0.005809 0.003911
0 0.774309 0.490194 0.003363 0.005171
0 0.221978 0.507343 0.015614 0.005103
0 0.410556 0.696385 0.020314 0.011078
0 0.908484 0.696445 0.007107 0.010918
0 0.931271 0.696854 0.025424 0.009940
0 0.702695 0.469575 0.005809 0.003911
0 0.753418 0.422509 0.003363 0.005171
0 0.705495 0.436561 0.015434 0.004741
0 0.214683 0.441288 0.009341 0.004914
0 0.741825 0.552406 0.003363 0.005171
0 0.706830 0.560619 0.007514 0.005228
0 0.699991 0.406391 0.007514 0.005228
0 0.402475 0.708609 0.009476 0.007868
0 0.902259 0.708937 0.009478 0.007868
0 0.435866 0.696276 0.020123 0.011194