0 0.220315 0.433850 0.013341 0.004434
0 0.649178 0.420856 0.012126 0.004260
0 0.281677 0.421044 0.012140 0.004221
0 0.163447 0.545801 0.006784 0.004329
0 0.266188 0.569161 0.008652 0.004203
0 0.299799 0.570011 0.011888 0.004184
0 0.299886 0.576449 0.018386 0.004184
0 0.146940 0.453237 0.008170 0.004258
0 0.736121 0.523143 0.007955 0.004275
0 0.828050 0.548861 0.006951 0.004471
0 0.180767 0.410313 0.008573 0.004292
0 0.871229 0.548859 0.006835 0.004471
0 0.880118 0.458772 0.006784 0.004223
0 0.219916 0.526174 0.007917 0.004295
0 0.116388 0.545795 0.006752 0.004329
0 0.675221 0.438591 0.006766 0.004221
0 0.665534 0.523071 0.006917 0.004454
0 0.853844 0.460214 0.008193 0.004258
0 0.647970 0.576808 0.011975 0.004258
0 0.647983 0.583085 0.018247 0.004295
0 0.682923 0.584168 0.008561 0.004238
0 0.801037 0.447784 0.006804 0.004471
0 0.697117 0.404573 0.008547 0.004221
0 0.741749 0.435952 0.013415 0.004420
0 0.787841 0.548943 0.011217 0.004292
0 0.109459 0.454839 0.006752 0.004241
0 0.268158 0.458454 0.006754 0.004238
0 0.285471 0.526137 0.006800 0.004403
0 0.393503 0.421116 0.012140 0.004221
0 0.391923 0.526200 0.006800 0.004403
0 0.406333 0.569929 0.011888 0.004184
0 0.406332 0.576409 0.018386 0.004184
0 0.534557 0.421007 0.012140 0.004221
0 0.550807 0.522925 0.006800 0.004403
0 0.533045 0.576737 0.011888 0.004184
0 0.533046 0.583081 0.018386 0.004184
0 0.249321 0.743069 0.023470 0.008669
0 0.273453 0.743071 0.017947 0.008512
0 0.289412 0.753340 0.003699 0.003123
0 0.717648 0.743086 0.023790 0.008903
0 0.741737 0.743041 0.018025 0.008624
0 0.751743 0.753303 0.003711 0.002907