0 0.349371 0.701525 0.005481 0.003363
0 0.225571 0.768861 0.008797 0.003337
0 0.193065 0.768810 0.005404 0.003508
0 0.364391 0.655654 0.006051 0.003403
0 0.294680 0.695073 0.010621 0.003522
0 0.360065 0.755023 0.005402 0.003508
0 0.254669 0.769500 0.005505 0.003508
0 0.375864 0.807578 0.014521 0.003209
0 0.375769 0.802521 0.009510 0.003411
0 0.376229 0.686630 0.009597 0.003406
0 0.293572 0.658213 0.006798 0.003397
0 0.305770 0.763917 0.006329 0.003394
0 0.248326 0.701623 0.005472 0.003508
0 0.668777 0.689467 0.006887 0.003340
0 0.637078 0.692294 0.006710 0.003340
0 0.626623 0.722203 0.005404 0.003494
0 0.565769 0.727524 0.005384 0.003368
0 0.675496 0.720598 0.005503 0.003636
0 0.626531 0.657808 0.006970 0.003351
0 0.625719 0.790872 0.006970 0.003351
0 0.201111 0.706214 0.006466 0.003343
0 0.286747 0.806231 0.006772 0.003331
0 0.220549 0.683351 0.005382 0.003323
0 0.321769 0.709198 0.006992 0.003337
0 0.197950 0.668860 0.006772 0.003329
0 0.177552 0.139600 0.014181 0.003326
0 0.177592 0.134585 0.009522 0.003323
0 0.227093 0.332789 0.006800 0.003354
0 0.248566 0.203666 0.005374 0.003354
0 0.270421 0.198559 0.005513 0.003394
0 0.355025 0.208017 0.005364 0.003494
0 0.331830 0.290507 0.005396 0.003494
0 0.194734 0.218398 0.005362 0.003494
0 0.306779 0.225258 0.006498 0.003323
0 0.252589 0.290943 0.010627 0.003494
0 0.177055 0.180809 0.006800 0.003351
0 0.245041 0.146845 0.009591 0.003380
0 0.208978 0.152881 0.005364 0.003494
0 0.202616 0.275665 0.006297 0.003340
0 0.617519 0.305916 0.006740 0.003294
0 0.628849 0.160155 0.006738 0.003297
0 0.593949 0.300759 0.014463 0.003212
0 0.594232 0.306513 0.009500 0.003354
0 0.771521 0.280315 0.005509 0.003537
0 0.756704 0.206634 0.005553 0.003351
0 0.779413 0.204535 0.005394 0.003320
0 0.616012 0.189735 0.005412 0.003323
0 0.502638 0.176602 0.009567 0.003360
0 0.512704 0.255456 0.005742 0.003765
0 0.502746 0.300714 0.014616 0.003588
0 0.503400 0.306304 0.009500 0.003636
0 0.764857 0.718404 0.005503 0.003636
0 0.275709 0.431509 0.018527 0.006808
0 0.294895 0.431603 0.014441 0.006808
0 0.302811 0.439724 0.003002 0.002514
0 0.649880 0.431577 0.018527 0.006808
0 0.669082 0.431654 0.014123 0.006808
0 0.681680 0.439716 0.002910 0.002471
0 0.643976 0.931609 0.018676 0.006808
0 0.663087 0.931609 0.014225 0.006808
0 0.675711 0.939739 0.003000 0.002368
0 0.275735 0.931569 0.018527 0.006808
0 0.294939 0.931523 0.014274 0.006808
0 0.302795 0.939672 0.003075 0.002388
0 0.593891 0.176670 0.009567 0.003360
0 0.663398 0.189248 0.010596 0.003494
0 0.672578 0.275125 0.005495 0.003394
0 0.733379 0.283631 0.007113 0.003357
0 0.603734 0.255452 0.005404 0.003539