0 0.420496 0.586194 0.008632 0.004226
0 0.404175 0.397087 0.008648 0.004241
0 0.331044 0.418406 0.008527 0.004203
0 0.187841 0.537600 0.006917 0.004417
0 0.075212 0.531325 0.006752 0.004417
0 0.284124 0.470489 0.007018 0.004238
0 0.330192 0.481364 0.008662 0.004203
0 0.247879 0.743207 0.023173 0.008746
0 0.272131 0.743363 0.018100 0.008749
0 0.282007 0.753434 0.003869 0.002964
0 0.717584 0.743340 0.023175 0.008749
0 0.741806 0.743236 0.017818 0.008746
0 0.751614 0.753327 0.003603 0.003007
0 0.069917 0.427894 0.006778 0.004292
0 0.244052 0.472053 0.006714 0.004255
0 0.236809 0.537600 0.006752 0.004417
0 0.393204 0.450054 0.007169 0.004258
0 0.401708 0.529842 0.006752 0.004221
0 0.009822 0.410172 0.008807 0.004238
0 0.016034 0.559711 0.008807 0.004238
0 0.136199 0.425916 0.008807 0.004241
0 0.136127 0.579944 0.008805 0.004238
0 0.314023 0.579873 0.008880 0.004238
0 0.005774 0.452193 0.008529 0.004278
0 0.631377 0.405355 0.018241 0.004075
0 0.632399 0.397625 0.011954 0.004203
0 0.453170 0.469959 0.006889 0.004226
0 0.660072 0.424618 0.006877 0.004141
0 0.634094 0.525254 0.006794 0.004386
0 0.636696 0.456324 0.008168 0.004241
0 0.678417 0.525248 0.006877 0.004369
0 0.791267 0.518822 0.006746 0.004409
0 0.739232 0.518930 0.007902 0.004221
0 0.691971 0.449166 0.011179 0.004221
0 0.739944 0.449607 0.013319 0.004412
0 0.708147 0.577578 0.008650 0.004172
0 0.719657 0.396033 0.008636 0.004166
0 0.818592 0.461151 0.008519 0.004189
0 0.791029 0.453963 0.006740 0.004169
0 0.804792 0.408302 0.007030 0.004383
0 0.006101 0.509290 0.008527 0.004258
0 0.060048 0.588894 0.008527 0.004280
0 0.122013 0.538417 0.008527 0.004278
0 0.122993 0.473112 0.008529 0.004280
0 0.210419 0.586716 0.008527 0.004255