0 0.569833 0.685073 0.007129 0.001981
0 0.756765 0.893164 0.009561 0.007856
0 0.388577 0.901953 0.006343 0.004669
0 0.317900 0.654538 0.003365 0.002417
0 0.250949 0.792074 0.008096 0.003315
0 0.752707 0.401953 0.006345 0.004669
0 0.752653 0.901995 0.006345 0.004669
0 0.674830 0.718562 0.011493 0.003355
0 0.609732 0.737996 0.010518 0.002685
0 0.687896 0.762990 0.009095 0.002640
0 0.539705 0.739939 0.005180 0.002563
0 0.338529 0.231438 0.004320 0.002745
0 0.307982 0.261504 0.007046 0.003389
0 0.250856 0.213245 0.003707 0.002717
0 0.388520 0.401930 0.006458 0.004715
0 0.317871 0.154587 0.003468 0.002685
0 0.287724 0.242584 0.003516 0.002631
0 0.257466 0.154594 0.003266 0.002728
0 0.302920 0.289544 0.004509 0.003352
0 0.250897 0.292075 0.008301 0.003820
0 0.408673 0.393087 0.018717 0.008238
0 0.707129 0.231341 0.003554 0.002597
0 0.675740 0.276102 0.007092 0.002643
0 0.608732 0.221395 0.005265 0.002648
0 0.773204 0.393086 0.018573 0.008110
0 0.682101 0.162547 0.003399 0.002557
0 0.646189 0.162511 0.007119 0.002685
0 0.781499 0.893315 0.015023 0.007896
0 0.539716 0.707768 0.005283 0.002594
0 0.625828 0.687688 0.002948 0.002161
0 0.338549 0.731424 0.004280 0.002717
0 0.307950 0.761489 0.006712 0.003361
0 0.250824 0.713248 0.003603 0.002580
0 0.287735 0.742597 0.003478 0.002491
0 0.257466 0.654523 0.003347 0.002643
0 0.302937 0.789552 0.004423 0.003221
0 0.408713 0.893301 0.018636 0.008039
0 0.625789 0.684979 0.002865 0.002107