0 0.497096 0.314258 0.006780 0.003380
0 0.541586 0.273635 0.006778 0.003252
0 0.600154 0.307407 0.006780 0.003380
0 0.550923 0.207048 0.006778 0.003272
0 0.575436 0.216210 0.006778 0.003380
0 0.756542 0.180702 0.006778 0.003383
0 0.766076 0.321941 0.006780 0.003380
0 0.511668 0.180540 0.005352 0.003354
0 0.566788 0.172310 0.006859 0.003366
0 0.676547 0.293185 0.007074 0.003366
0 0.581356 0.266708 0.005404 0.003522
0 0.479298 0.175127 0.006780 0.003380
0 0.800026 0.279535 0.005404 0.003522
0 0.619724 0.266714 0.005400 0.003522
0 0.642696 0.212220 0.005477 0.003351
0 0.789822 0.232958 0.005487 0.003351
0 0.816991 0.228317 0.009601 0.003394
0 0.694885 0.213069 0.006458 0.003380
0 0.743933 0.227917 0.010752 0.003494
0 0.745032 0.274040 0.006276 0.003383
0 0.810034 0.321881 0.014378 0.003317
0 0.809995 0.327438 0.009492 0.003323
0 0.486434 0.213928 0.009563 0.003394
0 0.159082 0.225154 0.006800 0.003354
0 0.228182 0.146867 0.009625 0.003383
0 0.193412 0.149769 0.005402 0.003494
0 0.275755 0.431684 0.018727 0.007033
0 0.294898 0.431649 0.014435 0.006865
0 0.302932 0.439852 0.003123 0.002542
0 0.648763 0.431701 0.018727 0.007033
0 0.667879 0.431804 0.014675 0.007239
0 0.675808 0.439718 0.003210 0.002297
0 0.648618 0.931734 0.018727 0.007030
0 0.667982 0.931651 0.014550 0.006973
0 0.675779 0.939648 0.003349 0.002380
0 0.275702 0.931911 0.018727 0.007030
0 0.294875 0.931912 0.014481 0.007033
0 0.302832 0.939798 0.002839 0.002365
0 0.196273 0.272022 0.006297 0.003337
0 0.160663 0.139648 0.014181 0.003286
0 0.160827 0.134632 0.009520 0.003360
0 0.193938 0.312960 0.006800 0.003417
0 0.336876 0.199775 0.005523 0.003522
0 0.314926 0.279225 0.005396 0.003494
0 0.188001 0.216252 0.005396 0.003494
0 0.289080 0.226294 0.006498 0.003411
0 0.239418 0.300527 0.010615 0.003511
0 0.316119 0.326143 0.006879 0.003326
0 0.226253 0.221587 0.005386 0.003351
0 0.278164 0.281607 0.006758 0.003272
0 0.253538 0.198557 0.005493 0.003394
0 0.699209 0.716569 0.006486 0.003351
0 0.671676 0.717296 0.006927 0.003334
0 0.718544 0.781445 0.005382 0.003448
0 0.636772 0.696928 0.010594 0.003534
0 0.669237 0.673646 0.006941 0.003292
0 0.235747 0.790993 0.010723 0.003497
0 0.160668 0.639457 0.014183 0.003326
0 0.160882 0.634443 0.009520 0.003323
0 0.210791 0.833112 0.006800 0.003351
0 0.231724 0.703552 0.005511 0.003406
0 0.600845 0.798273 0.006784 0.003380
0 0.160273 0.680677 0.006800 0.003354
0 0.683521 0.781421 0.005475 0.003514
0 0.584854 0.752739 0.005392 0.003511
0 0.589595 0.712331 0.005315 0.003380
0 0.596933 0.690750 0.008886 0.003294
0 0.348293 0.239179 0.006798 0.003380
0 0.496578 0.259877 0.005382 0.003522
0 0.543894 0.303410 0.007010 0.003366
0 0.571999 0.697994 0.009563 0.003351
0 0.725658 0.710913 0.005380 0.003377
0 0.192112 0.652756 0.005412 0.003494
0 0.253537 0.698460 0.005515 0.003394
0 0.338191 0.710170 0.005525 0.003525
0 0.185752 0.775720 0.006297 0.003346
0 0.314984 0.790569 0.005535 0.003531
0 0.177856 0.718249 0.005400 0.003537
0 0.289876 0.725296 0.006498 0.003371
0 0.228172 0.646741 0.009623 0.003445
0 0.576249 0.797984 0.014493 0.003337
0 0.576258 0.792881 0.009486 0.003357
0 0.642456 0.768435 0.006278 0.003374