0 0.396931 0.532260 0.008644 0.006754
0 0.307219 0.659989 0.011707 0.005928
0 0.307360 0.665859 0.012069 0.005529
0 0.318843 0.680207 0.028725 0.006523
0 0.366805 0.650775 0.010999 0.006669
0 0.485963 0.667381 0.011120 0.006840
0 0.488733 0.569980 0.017240 0.006532
0 0.638594 0.667375 0.011050 0.006600
0 0.577205 0.576720 0.007274 0.006726
0 0.667111 0.576694 0.007153 0.006840
0 0.680073 0.474590 0.007375 0.006671
0 0.609156 0.421630 0.007657 0.006811
0 0.648358 0.340755 0.003728 0.006726
0 0.296645 0.310365 0.015229 0.006714
0 0.297518 0.376999 0.011082 0.006555
0 0.297535 0.550510 0.011120 0.006811
0 0.379931 0.365560 0.007254 0.006925
0 0.448618 0.329560 0.015640 0.006609
0 0.488902 0.329570 0.015595 0.006669
0 0.455209 0.407694 0.007415 0.006840
0 0.448442 0.920597 0.031102 0.014149
0 0.479019 0.920254 0.023707 0.014266
0 0.485270 0.938837 0.008102 0.007364