0 0.245041 0.646703 0.009591 0.003380
0 0.177166 0.680513 0.007022 0.003659
0 0.209123 0.652734 0.005652 0.003502
0 0.248566 0.703370 0.005374 0.003662
0 0.194848 0.718256 0.005589 0.003494
0 0.252589 0.790588 0.010627 0.003918
0 0.227241 0.832437 0.007094 0.003773
0 0.615079 0.189900 0.005374 0.003351
0 0.607385 0.257001 0.005493 0.003537
0 0.756949 0.207075 0.006508 0.003383
0 0.593433 0.299681 0.009510 0.003380
0 0.593444 0.304665 0.014493 0.003408
0 0.621194 0.305526 0.006800 0.003368
0 0.715007 0.197201 0.005404 0.003551
0 0.632468 0.162883 0.006790 0.003354
0 0.667918 0.187806 0.010657 0.003511
0 0.231724 0.203695 0.005511 0.003406
0 0.235747 0.291136 0.010723 0.003497
0 0.160668 0.139600 0.014183 0.003326
0 0.160882 0.134585 0.009520 0.003323
0 0.210791 0.333254 0.006800 0.003351
0 0.704526 0.277548 0.008908 0.003411
0 0.160273 0.180819 0.006800 0.003354
0 0.192112 0.152898 0.005412 0.003494
0 0.253537 0.198602 0.005515 0.003394
0 0.338191 0.210312 0.005525 0.003525
0 0.185752 0.275862 0.006297 0.003346
0 0.314984 0.290711 0.005535 0.003531
0 0.177856 0.218391 0.005400 0.003537
0 0.289876 0.225439 0.006498 0.003371
0 0.228172 0.146884 0.009623 0.003445
0 0.663449 0.257058 0.006317 0.003394
0 0.648750 0.431734 0.019204 0.007036
0 0.667840 0.431780 0.014673 0.007036
0 0.275760 0.431944 0.019204 0.007033
0 0.294684 0.431857 0.014703 0.007036
0 0.275830 0.931629 0.019204 0.007036
0 0.294886 0.931734 0.014822 0.007036
0 0.649846 0.931643 0.019204 0.007036
0 0.668966 0.931463 0.014798 0.007036
0 0.681695 0.939783 0.003083 0.002736
0 0.302857 0.939781 0.003083 0.002736
0 0.302889 0.440117 0.003083 0.002736
0 0.675644 0.439815 0.003083 0.002736
0 0.503088 0.175704 0.009629 0.003383
0 0.516220 0.256908 0.005642 0.003756
0 0.502277 0.299614 0.009510 0.003901
0 0.502059 0.304464 0.014636 0.003497
0 0.764993 0.718337 0.005404 0.003508
0 0.202616 0.775523 0.006297 0.003340
0 0.177592 0.634443 0.009522 0.003323
0 0.270421 0.698417 0.005513 0.003394
0 0.355025 0.707874 0.005364 0.003494
0 0.331830 0.790365 0.005396 0.003494
0 0.306779 0.725115 0.006498 0.003323
0 0.626529 0.657790 0.006986 0.003394
0 0.625388 0.718445 0.005505 0.003366
0 0.618894 0.783606 0.007020 0.003394
0 0.674239 0.718374 0.005404 0.003508
0 0.564554 0.726238 0.005364 0.003323
0 0.177552 0.639457 0.014181 0.003326
0 0.736462 0.277484 0.005521 0.003551
0 0.770758 0.277481 0.005428 0.003551
0 0.777817 0.205930 0.005390 0.003351
0 0.594394 0.175815 0.009629 0.003383