0 0.805305 0.501668 0.009567 0.007144
0 0.641150 0.486847 0.009567 0.007144
0 0.867600 0.489051 0.009565 0.007144
0 0.877680 0.430613 0.009754 0.007320
0 0.651294 0.402520 0.009754 0.007320
0 0.338828 0.574329 0.009708 0.007135
0 0.260556 0.625177 0.015058 0.007309
0 0.216428 0.386765 0.009962 0.007315
0 0.229524 0.336631 0.015103 0.007018
0 0.263971 0.345157 0.020212 0.007018
0 0.279068 0.410218 0.011892 0.007432
0 0.351551 0.417958 0.016189 0.008560
0 0.312584 0.803369 0.025304 0.012013
0 0.213243 0.459686 0.022547 0.007166
0 0.301519 0.484165 0.010143 0.007018
0 0.348333 0.495383 0.010770 0.007061
0 0.227587 0.568585 0.011852 0.007848
0 0.622330 0.402848 0.020705 0.007429
0 0.281651 0.574061 0.010339 0.006953
0 0.627206 0.337654 0.020840 0.007241
0 0.668939 0.333884 0.020191 0.007323
0 0.724123 0.361645 0.022999 0.007617
0 0.797472 0.334662 0.020929 0.007261
0 0.842936 0.348077 0.012076 0.007147
0 0.760255 0.802923 0.032852 0.011856
0 0.794116 0.802992 0.024855 0.011582
0 0.745039 0.634692 0.015270 0.007292
0 0.278506 0.803208 0.032747 0.011890
0 0.895893 0.571733 0.020310 0.007383
0 0.879557 0.536203 0.014954 0.007144
0 0.700585 0.563727 0.014952 0.007147
0 0.732843 0.498349 0.011594 0.007212