0 0.227093 0.832646 0.006800 0.003354
0 0.248566 0.703524 0.005374 0.003354
0 0.270421 0.698417 0.005513 0.003394
0 0.823808 0.262857 0.005404 0.003508
0 0.559955 0.179842 0.007006 0.003349
0 0.559955 0.302154 0.007006 0.003351
0 0.701151 0.295054 0.007076 0.003388
0 0.839408 0.160083 0.007028 0.003351
0 0.508249 0.175845 0.005384 0.003397
0 0.645675 0.216528 0.005382 0.003394
0 0.677479 0.215194 0.005593 0.003366
0 0.235747 0.291136 0.010723 0.003497
0 0.160668 0.139600 0.014183 0.003326
0 0.160882 0.134585 0.009520 0.003323
0 0.210791 0.333254 0.006800 0.003351
0 0.231724 0.203695 0.005511 0.003406
0 0.160273 0.180819 0.006800 0.003354
0 0.192112 0.152898 0.005412 0.003494
0 0.253537 0.198602 0.005515 0.003394
0 0.338191 0.210312 0.005525 0.003525
0 0.185752 0.275862 0.006297 0.003346
0 0.314984 0.290711 0.005535 0.003531
0 0.177856 0.218391 0.005400 0.003537
0 0.289876 0.225439 0.006498 0.003371
0 0.228172 0.146884 0.009623 0.003445
0 0.719597 0.174446 0.006911 0.003351
0 0.801647 0.749759 0.005539 0.003497
0 0.740398 0.691385 0.010746 0.003511
0 0.744480 0.771297 0.006297 0.003380
0 0.245041 0.646703 0.009591 0.003380
0 0.208978 0.652739 0.005364 0.003494
0 0.202616 0.775523 0.006297 0.003340
0 0.177552 0.639457 0.014181 0.003326
0 0.177592 0.634443 0.009522 0.003323
0 0.798259 0.162093 0.006871 0.003394
0 0.810588 0.307278 0.006798 0.003386
0 0.770891 0.262362 0.005384 0.003323
0 0.763498 0.200861 0.005686 0.003311
0 0.811513 0.216022 0.005291 0.003397
0 0.835371 0.194877 0.009621 0.003337
0 0.839534 0.307123 0.009492 0.003354
0 0.839589 0.301704 0.014604 0.003340
0 0.463530 0.162667 0.007008 0.003351
0 0.469470 0.223718 0.009623 0.003337
0 0.511412 0.263592 0.005404 0.003508
0 0.599549 0.282076 0.005404 0.003508
0 0.638505 0.282059 0.005404 0.003508
0 0.464556 0.288247 0.007008 0.003351
0 0.355025 0.707874 0.005364 0.003494
0 0.177055 0.680667 0.006800 0.003351
0 0.331830 0.790365 0.005396 0.003494
0 0.194734 0.718256 0.005362 0.003494
0 0.306779 0.725115 0.006498 0.003323
0 0.252589 0.790801 0.010627 0.003494
0 0.788677 0.675262 0.006929 0.003394
0 0.813299 0.797818 0.009472 0.003326
0 0.789907 0.800701 0.006879 0.003357
0 0.813471 0.802833 0.014554 0.003351
0 0.489141 0.708346 0.009633 0.003337
0 0.516363 0.675412 0.005404 0.003351
0 0.499164 0.771211 0.005412 0.003494
0 0.547374 0.798558 0.007022 0.003408
0 0.579322 0.708190 0.006841 0.003340
0 0.567077 0.667159 0.007022 0.003408
0 0.583958 0.781721 0.005414 0.003494
0 0.643077 0.711337 0.005460 0.003095
0 0.623068 0.781744 0.005523 0.003494
0 0.790014 0.708780 0.005460 0.003351
0 0.814351 0.690594 0.009633 0.003337
0 0.678613 0.786767 0.007082 0.003411
0 0.692972 0.705483 0.006488 0.003351
0 0.654764 0.431787 0.019345 0.006874
0 0.673546 0.431861 0.014544 0.006874
0 0.275625 0.431983 0.019345 0.006874
0 0.294668 0.431898 0.014453 0.006874
0 0.275637 0.931616 0.019345 0.006874
0 0.294905 0.931616 0.014904 0.006874
0 0.648738 0.931502 0.019345 0.006874
0 0.667783 0.931502 0.014626 0.006874
0 0.675661 0.939594 0.003262 0.002716
0 0.302947 0.939463 0.003262 0.002716
0 0.302884 0.440019 0.003262 0.002716
0 0.681609 0.439791 0.003262 0.002716