0 0.343566 0.577570 0.016872 0.012357
0 0.792441 0.225626 0.016448 0.009336
0 0.445702 0.939956 0.066749 0.025339
0 0.511566 0.939065 0.048635 0.024783
0 0.407586 0.358367 0.016716 0.012571
0 0.472818 0.358979 0.016710 0.012600
0 0.573947 0.327095 0.038117 0.012913
0 0.695978 0.327825 0.017277 0.012309
0 0.819805 0.706884 0.033850 0.011733
0 0.457618 0.576871 0.016704 0.012665
0 0.792449 0.327873 0.016618 0.012777
0 0.792021 0.422107 0.034487 0.012685
0 0.769258 0.576987 0.019875 0.012434
0 0.503064 0.222242 0.024689 0.012483
0 0.741169 0.706012 0.025277 0.011813
0 0.603184 0.576974 0.019454 0.012403
0 0.529950 0.964913 0.013957 0.010311