0 0.748860 0.530814 0.004546 0.004283
0 0.795460 0.533494 0.010800 0.004178
0 0.797458 0.458786 0.005430 0.004223
0 0.328108 0.539124 0.004566 0.004221
0 0.384532 0.539108 0.004489 0.004292
0 0.392667 0.475028 0.004628 0.004186
0 0.348159 0.441793 0.004806 0.004275
0 0.372763 0.391036 0.002339 0.004221
0 0.152030 0.371962 0.009557 0.004215
0 0.204300 0.406602 0.004554 0.004346
0 0.247407 0.384008 0.009817 0.004146
0 0.272689 0.384015 0.009786 0.004184
0 0.251543 0.433046 0.004654 0.004292
0 0.214969 0.511223 0.005424 0.004241
0 0.152588 0.522676 0.006978 0.004275
0 0.165961 0.604072 0.018027 0.004092
0 0.196063 0.585601 0.006903 0.004186
0 0.270844 0.596023 0.006980 0.004295
0 0.272583 0.534895 0.010820 0.004101
0 0.778742 0.383188 0.009194 0.004078
0 0.818737 0.383076 0.009547 0.004186
0 0.759919 0.579801 0.009389 0.004189
0 0.152577 0.413782 0.006955 0.004115
0 0.682438 0.450105 0.004409 0.004132
0 0.724966 0.449986 0.004443 0.004303
0 0.608952 0.458787 0.004493 0.004209
0 0.702748 0.383041 0.007008 0.003750
0 0.366635 0.596020 0.006935 0.004141
0 0.599691 0.517395 0.009762 0.004206
0 0.818717 0.373709 0.018001 0.004078
0 0.641531 0.523404 0.004715 0.004352
0 0.694366 0.530916 0.004546 0.004409
0 0.652276 0.595469 0.002186 0.004366
0 0.729187 0.754600 0.019442 0.008897
0 0.748239 0.754420 0.014705 0.008897
0 0.247313 0.754386 0.019442 0.008897
0 0.266441 0.754461 0.014691 0.008894
0 0.270333 0.766415 0.005080 0.004429
0 0.732682 0.766318 0.005078 0.004429