0 0.729778 0.293827 0.010566 0.005831
0 0.776572 0.465178 0.011173 0.004486
0 0.642005 0.611409 0.014765 0.005623
0 0.639113 0.465076 0.004671 0.004337
0 0.686868 0.437390 0.007256 0.004320
0 0.778872 0.610681 0.010542 0.005785
0 0.815890 0.531198 0.010554 0.005737
0 0.776388 0.550935 0.005422 0.004366
0 0.743136 0.388366 0.005358 0.004500
0 0.660023 0.550702 0.005402 0.004386
0 0.687286 0.484659 0.010075 0.004394
0 0.685591 0.388501 0.005658 0.004246
0 0.779915 0.360778 0.010699 0.005694
0 0.743004 0.331810 0.005432 0.004360
0 0.671938 0.618601 0.010494 0.005859
0 0.169870 0.523451 0.006204 0.004782
0 0.370425 0.577102 0.015092 0.006703
0 0.394960 0.507263 0.011221 0.006523
0 0.216501 0.523418 0.006204 0.004785
0 0.282212 0.391777 0.012029 0.005657
0 0.292320 0.578017 0.011221 0.006526
0 0.342076 0.360231 0.011221 0.006526
0 0.195688 0.575737 0.011219 0.006526
0 0.221854 0.397046 0.010288 0.004882
0 0.336982 0.415721 0.010683 0.004813
0 0.263656 0.335110 0.011221 0.006526
0 0.200792 0.447231 0.006383 0.004830
0 0.161387 0.473542 0.004741 0.004645
0 0.364388 0.441300 0.004739 0.004645
0 0.352125 0.508363 0.006204 0.004785
0 0.282422 0.508595 0.006113 0.005004
0 0.729625 0.770352 0.019960 0.009481
0 0.749542 0.770355 0.015243 0.009481
0 0.259743 0.770359 0.019958 0.009484
0 0.279693 0.770417 0.015243 0.009481
0 0.106123 0.350010 0.009103 0.004882
0 0.685584 0.327365 0.004814 0.004545