0 0.712650 0.288726 0.005477 0.003181
0 0.230758 0.829885 0.009405 0.003355
0 0.223825 0.760063 0.006807 0.003312
0 0.271647 0.697668 0.006962 0.003312
0 0.270862 0.652171 0.004598 0.003310
0 0.353704 0.729051 0.009524 0.003312
0 0.341848 0.803207 0.005499 0.003216
0 0.357839 0.864387 0.009716 0.003341
0 0.293510 0.859527 0.006916 0.003341
0 0.326912 0.625507 0.005559 0.003284
0 0.328355 0.737662 0.004564 0.003255
0 0.274221 0.746306 0.010659 0.003369
0 0.322077 0.672644 0.004437 0.003327
0 0.271256 0.588469 0.004596 0.003352
0 0.277769 0.810832 0.005434 0.003341
0 0.726831 0.729072 0.009458 0.003384
0 0.714962 0.803194 0.005477 0.003213
0 0.730939 0.867239 0.009704 0.003321
0 0.703853 0.862108 0.006807 0.003349
0 0.603870 0.829863 0.009365 0.003312
0 0.650878 0.810811 0.005340 0.003355
0 0.598948 0.793456 0.006809 0.003355
0 0.632838 0.751388 0.010687 0.003381
0 0.701453 0.737684 0.004572 0.003213
0 0.695137 0.672668 0.004562 0.003347
0 0.700026 0.625550 0.005580 0.003227
0 0.638624 0.697654 0.006972 0.003284
0 0.637815 0.652192 0.004612 0.003352
0 0.638227 0.588512 0.004574 0.003318
0 0.275020 0.193097 0.010730 0.003355
0 0.274968 0.279685 0.005428 0.003355
0 0.202996 0.190383 0.009407 0.003355
0 0.215107 0.266099 0.005469 0.003207
0 0.284724 0.147194 0.006799 0.003401
0 0.230280 0.151202 0.009776 0.003275
0 0.202259 0.151183 0.006904 0.003381
0 0.371160 0.283515 0.004602 0.003312
0 0.225012 0.200986 0.004533 0.003295
0 0.328597 0.283529 0.004644 0.003341
0 0.670856 0.341782 0.006892 0.003324
0 0.604791 0.311720 0.009615 0.003498
0 0.645374 0.114917 0.004596 0.003352
0 0.724620 0.207141 0.009538 0.003352
0 0.700935 0.226581 0.004564 0.003275
0 0.697609 0.176089 0.004483 0.003290
0 0.700177 0.128649 0.005636 0.003227
0 0.645383 0.173774 0.004554 0.003312
0 0.652980 0.295453 0.005356 0.003341
0 0.728554 0.342038 0.009387 0.003352
0 0.600106 0.243854 0.006924 0.003324
0 0.378357 0.236874 0.004519 0.003355
0 0.344431 0.207838 0.005580 0.003184
0 0.291071 0.321735 0.006787 0.003367
0 0.196374 0.321860 0.009349 0.003315
0 0.656792 0.942725 0.020538 0.007480
0 0.725327 0.075540 0.006505 0.003082
0 0.726806 0.574497 0.006577 0.003082
0 0.353839 0.574391 0.006505 0.003082
0 0.283197 0.436689 0.019976 0.006890
0 0.303963 0.436621 0.015457 0.006890
0 0.657021 0.436552 0.019976 0.006890
0 0.677752 0.436683 0.015711 0.006890
0 0.677508 0.942851 0.015555 0.006893
0 0.283678 0.942977 0.019978 0.006890
0 0.304524 0.942910 0.015382 0.006893
0 0.377296 0.170466 0.006505 0.003082