0 0.233830 0.595962 0.012416 0.009022
0 0.613401 0.693666 0.012194 0.008580
0 0.264179 0.749823 0.018320 0.008865
0 0.264873 0.420215 0.012793 0.010208
0 0.273440 0.248295 0.011809 0.008911
0 0.740113 0.693234 0.012194 0.008578
0 0.761604 0.522432 0.013286 0.009515
0 0.431529 0.639116 0.012073 0.009185
0 0.653433 0.435607 0.012573 0.009282
0 0.185915 0.296997 0.025390 0.009746
0 0.695751 0.306046 0.025259 0.009282
0 0.504489 0.308635 0.012734 0.009065
0 0.504584 0.321458 0.012577 0.008840
0 0.273638 0.236182 0.012595 0.008076