0 0.533264 0.432184 0.032343 0.008319
0 0.620402 0.411734 0.028650 0.008666
0 0.616926 0.560912 0.014610 0.008447
0 0.517970 0.584005 0.014687 0.008421
0 0.437349 0.597777 0.025728 0.008663
0 0.441393 0.340718 0.018092 0.008504
0 0.257173 0.603619 0.018001 0.008777
0 0.317228 0.644604 0.018092 0.008900
0 0.499633 0.667499 0.018094 0.008900
0 0.681696 0.462402 0.018092 0.008453
0 0.653741 0.333470 0.018092 0.008900
0 0.264148 0.543678 0.025982 0.008757
0 0.321007 0.342133 0.041016 0.008347
0 0.330226 0.406629 0.011836 0.008720
0 0.383923 0.597843 0.012005 0.008720
0 0.268062 0.501737 0.014951 0.008547
0 0.318662 0.576063 0.011944 0.008558
0 0.468251 0.421627 0.011876 0.008373
0 0.387623 0.421787 0.011946 0.008578
0 0.458603 0.898220 0.040804 0.014560
0 0.500189 0.898024 0.031215 0.014560