0 0.769109 0.580275 0.005585 0.004374
0 0.758219 0.487050 0.007137 0.004486
0 0.619609 0.487050 0.004775 0.004337
0 0.711298 0.453575 0.011223 0.004620
0 0.617977 0.625066 0.014818 0.005782
0 0.647922 0.632304 0.010552 0.005845
0 0.768850 0.450886 0.009605 0.004412
0 0.788678 0.487050 0.005730 0.004451
0 0.815577 0.580241 0.005428 0.004374
0 0.709073 0.666278 0.010973 0.005848
0 0.633584 0.556265 0.005612 0.004374
0 0.823864 0.518755 0.004777 0.004337
0 0.707324 0.556443 0.005585 0.004412
0 0.647111 0.409537 0.010087 0.004317
0 0.149934 0.487250 0.004775 0.004337
0 0.354188 0.518755 0.004777 0.004337
0 0.241627 0.477274 0.011185 0.004688
0 0.237649 0.556443 0.005585 0.004412
0 0.148301 0.625279 0.014818 0.005782
0 0.322221 0.616496 0.010544 0.005879
0 0.212493 0.624561 0.010492 0.005845
0 0.266238 0.427079 0.010546 0.005483
0 0.289936 0.459547 0.009603 0.004412
0 0.319010 0.482992 0.005716 0.004337
0 0.345905 0.565707 0.005430 0.004374
0 0.299380 0.565510 0.005587 0.004374
0 0.163908 0.556451 0.005612 0.004374
0 0.177435 0.409537 0.010087 0.004317
0 0.239380 0.663671 0.010931 0.005848
0 0.729636 0.770322 0.019672 0.009484
0 0.749666 0.770228 0.015035 0.008247
0 0.259916 0.770563 0.019672 0.009487
0 0.279886 0.770398 0.014719 0.008649