0 0.578665 0.309000 0.011850 0.004172
0 0.716024 0.628081 0.011753 0.004175
0 0.294709 0.755506 0.006641 0.004121
0 0.635583 0.246928 0.013367 0.004332
0 0.681062 0.243475 0.005569 0.004215
0 0.728148 0.243504 0.005569 0.004215
0 0.627839 0.640174 0.008336 0.004132
0 0.557277 0.127243 0.011902 0.004209
0 0.355659 0.193381 0.007074 0.004055
0 0.357892 0.744215 0.006839 0.004007
0 0.317594 0.200264 0.005698 0.004249
0 0.193303 0.177240 0.012027 0.004198
0 0.374372 0.801267 0.011872 0.004175
0 0.563161 0.763901 0.005545 0.004144
0 0.590414 0.237347 0.006663 0.004166
0 0.212354 0.193889 0.005684 0.004192
0 0.260763 0.262069 0.006667 0.004195
0 0.587056 0.688529 0.006939 0.003990
0 0.190049 0.146300 0.008485 0.004181
0 0.255088 0.140452 0.008414 0.004181
0 0.260906 0.302992 0.008396 0.004184
0 0.187534 0.302960 0.011916 0.004238
0 0.204326 0.249912 0.006891 0.004075
0 0.218635 0.147442 0.011817 0.004198
0 0.719302 0.803381 0.008444 0.004135
0 0.747404 0.801954 0.011854 0.004175
0 0.559396 0.718716 0.005614 0.004135
0 0.744558 0.664450 0.011956 0.004146
0 0.730935 0.744808 0.006855 0.003990
0 0.667753 0.756080 0.006629 0.004141
0 0.609866 0.763887 0.005543 0.004144
0 0.188752 0.715410 0.005628 0.004141
0 0.260825 0.201736 0.013329 0.004372
0 0.337621 0.265073 0.005567 0.004212
0 0.345640 0.690162 0.005630 0.004138
0 0.299938 0.622692 0.008447 0.004175
0 0.294620 0.808517 0.008447 0.004175
0 0.371443 0.625832 0.008447 0.004175
0 0.342985 0.625828 0.011745 0.004132
0 0.594070 0.145064 0.006770 0.004058
0 0.650567 0.130078 0.011858 0.004146
0 0.369107 0.667732 0.012009 0.004155
0 0.296724 0.681218 0.013250 0.004152
0 0.718679 0.690742 0.005612 0.004135
0 0.215372 0.687818 0.007040 0.003964
0 0.190099 0.763320 0.005545 0.004121
0 0.236812 0.763337 0.005545 0.004189
0 0.635802 0.157667 0.005660 0.004243
0 0.732316 0.196902 0.005676 0.004263
0 0.669775 0.681976 0.013268 0.004312
0 0.687607 0.172387 0.007131 0.004067
0 0.555891 0.207945 0.008614 0.004206
0 0.635025 0.314641 0.008507 0.004209
0 0.699515 0.937622 0.004834 0.003981
0 0.676464 0.929149 0.022160 0.008957
0 0.698667 0.929201 0.017133 0.008957
0 0.290058 0.929030 0.022160 0.008957
0 0.290153 0.429266 0.022160 0.008957
0 0.662642 0.429286 0.022160 0.008957
0 0.312408 0.928941 0.017131 0.008957
0 0.312551 0.429268 0.017131 0.008960
0 0.684983 0.429306 0.017131 0.008957
0 0.313302 0.937801 0.004832 0.003981
0 0.313231 0.437867 0.004834 0.003981
0 0.686244 0.437799 0.004832 0.003981
0 0.794633 0.660825 0.020365 0.005965
0 0.835642 0.767653 0.020363 0.005965
0 0.422016 0.660714 0.020365 0.005965