0 0.584175 0.482806 0.011743 0.009042
0 0.635238 0.652028 0.025140 0.008575
0 0.401560 0.472917 0.012557 0.008416
0 0.508187 0.585636 0.012069 0.008661
0 0.418009 0.585732 0.011928 0.008410
0 0.350591 0.585781 0.011926 0.008410
0 0.546198 0.395604 0.017763 0.008398
0 0.597319 0.565512 0.012333 0.008378
0 0.502868 0.400244 0.013034 0.008461
0 0.467104 0.652036 0.018124 0.008398
0 0.571217 0.359889 0.025892 0.009034
0 0.345669 0.521723 0.011926 0.008678
0 0.626342 0.458095 0.018124 0.008398
0 0.371581 0.309751 0.016057 0.008575