0 0.654814 0.419350 0.016071 0.005489
0 0.324349 0.403044 0.016250 0.005671
0 0.182797 0.504610 0.007483 0.005446
0 0.709637 0.461612 0.018154 0.005457
0 0.716534 0.412447 0.011308 0.005332
0 0.763049 0.473491 0.011686 0.005386
0 0.659237 0.526728 0.007776 0.005546
0 0.641114 0.584738 0.015672 0.005332
0 0.748849 0.584647 0.011308 0.005332
0 0.723335 0.543770 0.007657 0.005335
0 0.807054 0.473343 0.007870 0.005147
0 0.364529 0.586388 0.015779 0.005383
0 0.217873 0.473980 0.007880 0.005281
0 0.284792 0.544721 0.007574 0.005435
0 0.228198 0.544782 0.007485 0.005278
0 0.185887 0.544810 0.007485 0.005278
0 0.358945 0.464677 0.011374 0.005272
0 0.308647 0.425457 0.011148 0.005272
0 0.281455 0.428370 0.008181 0.005312
0 0.259009 0.586394 0.011376 0.005269
0 0.644934 0.449480 0.016073 0.005554
0 0.199100 0.371406 0.009996 0.004922
0 0.666369 0.472254 0.007576 0.005358
0 0.332481 0.480185 0.007369 0.005677
0 0.779948 0.543799 0.007463 0.005512
0 0.340731 0.532090 0.007741 0.005258
0 0.824440 0.543728 0.007461 0.005512
0 0.834404 0.500275 0.007546 0.005503