0 0.602950 0.291821 0.017328 0.007068
0 0.602963 0.465979 0.017286 0.007068
0 0.649909 0.291613 0.010921 0.006868
0 0.484727 0.291835 0.011283 0.006811
0 0.533470 0.221057 0.008845 0.006840
0 0.484728 0.378672 0.011286 0.006811
0 0.484727 0.465566 0.011283 0.006811
0 0.441229 0.553160 0.011283 0.006811
0 0.534715 0.552910 0.017328 0.007068
0 0.649879 0.378558 0.010860 0.006868
0 0.649882 0.465566 0.010935 0.006868
0 0.570994 0.552425 0.011064 0.006868
0 0.430204 0.291693 0.011082 0.006868
0 0.386556 0.552995 0.010931 0.006868
0 0.430189 0.465503 0.011082 0.006868
0 0.430171 0.378581 0.011082 0.006868
0 0.602946 0.379023 0.017328 0.007068
0 0.794673 0.923661 0.036285 0.015945
0 0.766904 0.945249 0.008847 0.008732