0 0.287356 0.508794 0.011640 0.007098
0 0.297325 0.371327 0.023166 0.007335
0 0.320872 0.606303 0.015222 0.007292
0 0.739823 0.374374 0.023293 0.007346
0 0.794729 0.803107 0.024911 0.011944
0 0.667338 0.330403 0.020069 0.007215
0 0.616529 0.575513 0.020111 0.007212
0 0.755982 0.632879 0.015258 0.007258
0 0.823041 0.802939 0.024470 0.011773
0 0.646649 0.482972 0.009686 0.007226
0 0.809288 0.517088 0.009688 0.007226
0 0.846683 0.364956 0.012173 0.007095
0 0.627279 0.336260 0.020766 0.007292
0 0.628012 0.391183 0.020768 0.007252
0 0.660011 0.386839 0.009800 0.007286
0 0.874080 0.417745 0.009800 0.007286
0 0.760888 0.802859 0.032715 0.011938
0 0.804180 0.329580 0.021040 0.007318
0 0.860764 0.517252 0.009686 0.007229
0 0.739334 0.497648 0.011667 0.007480
0 0.149554 0.550105 0.013581 0.007491
0 0.164888 0.478901 0.009643 0.007335
0 0.220689 0.490559 0.009645 0.007332
0 0.366098 0.482060 0.009645 0.007335
0 0.276203 0.803019 0.032801 0.011716
0 0.309834 0.802936 0.025000 0.011579
0 0.383046 0.411150 0.016927 0.007050
0 0.344523 0.344223 0.020212 0.007175
0 0.338056 0.802903 0.024524 0.011787
0 0.381830 0.351804 0.017025 0.007149
0 0.353935 0.409515 0.009869 0.007052
0 0.226734 0.352725 0.009869 0.007052
0 0.189799 0.386328 0.012126 0.007064
0 0.802206 0.408133 0.015081 0.007252