0 0.577273 0.614638 0.010945 0.006414
0 0.556440 0.721038 0.013626 0.006670
0 0.609190 0.721594 0.018912 0.006642
0 0.547218 0.388693 0.009172 0.006633
0 0.428779 0.266107 0.009270 0.006554
0 0.428764 0.384109 0.009393 0.006639
0 0.603664 0.186830 0.014120 0.005530
0 0.601306 0.451055 0.018956 0.006613
0 0.553867 0.489994 0.009137 0.006442
0 0.379391 0.506400 0.021463 0.006699
0 0.357309 0.577380 0.013582 0.006642
0 0.358511 0.660975 0.019643 0.006670
0 0.457642 0.638382 0.010740 0.006639
0 0.552313 0.293549 0.011318 0.006574
0 0.465727 0.910965 0.040060 0.013452
0 0.507458 0.910862 0.030720 0.013247