0 0.781146 0.512661 0.005779 0.004182
0 0.736614 0.442380 0.005757 0.004185
0 0.777739 0.444934 0.006008 0.004401
0 0.738183 0.517950 0.006008 0.004133
0 0.187515 0.413831 0.005704 0.004219
0 0.224802 0.560144 0.006008 0.004370
0 0.176151 0.492688 0.005753 0.004219
0 0.174462 0.563190 0.005704 0.004219
0 0.738223 0.523930 0.006008 0.004370
0 0.272352 0.435869 0.006010 0.004401
0 0.229667 0.434289 0.005757 0.004182
0 0.276778 0.503702 0.005779 0.004182
0 0.224781 0.554304 0.006008 0.004133
0 0.324228 0.499555 0.005704 0.004219
0 0.151320 0.433521 0.008604 0.004259
0 0.662638 0.489351 0.008604 0.004262
0 0.698323 0.502222 0.005753 0.004273
0 0.688936 0.566109 0.005702 0.004219
0 0.833737 0.479897 0.005704 0.004219
0 0.828170 0.533136 0.008604 0.004259
0 0.732539 0.575440 0.008604 0.004262
0 0.704336 0.419977 0.005702 0.004219