0 0.600506 0.587828 0.020028 0.016745
0 0.469240 0.562370 0.019722 0.017044
0 0.360578 0.257152 0.029478 0.016813
0 0.323073 0.349209 0.020028 0.016742
0 0.432638 0.328977 0.021165 0.017474
0 0.496124 0.262597 0.020957 0.016368
0 0.434082 0.398709 0.010820 0.016893
0 0.605124 0.230941 0.029672 0.016682
0 0.606339 0.306628 0.020407 0.016277
0 0.326446 0.584604 0.020028 0.016745
0 0.361322 0.848984 0.019722 0.017044
0 0.422416 0.849329 0.019722 0.017044
0 0.477129 0.849329 0.019722 0.017044
0 0.542396 0.848636 0.029051 0.017044
0 0.606312 0.848813 0.028320 0.015316
0 0.469717 0.722403 0.029674 0.016682