0 0.356563 0.775561 0.005561 0.004272
0 0.356646 0.695940 0.007099 0.004124
0 0.213342 0.696435 0.005640 0.004178
0 0.318514 0.702679 0.005640 0.004218
0 0.219605 0.649970 0.011832 0.004209
0 0.301018 0.656536 0.008515 0.004192
0 0.217100 0.805235 0.008404 0.004195
0 0.261862 0.704336 0.013331 0.004346
0 0.205318 0.752486 0.006881 0.004095
0 0.188546 0.805506 0.011930 0.004320
0 0.261745 0.764618 0.006690 0.004203
0 0.193344 0.677810 0.012116 0.004238
0 0.314635 0.775570 0.005603 0.004272
0 0.599879 0.634266 0.005674 0.004218
0 0.599747 0.866207 0.008517 0.004195
0 0.688031 0.712207 0.008471 0.004198
0 0.593457 0.568433 0.011809 0.004201
0 0.648414 0.660093 0.005569 0.004243
0 0.652651 0.593431 0.005595 0.004246
0 0.599249 0.687273 0.007099 0.004109
0 0.572383 0.731074 0.012063 0.004246
0 0.594027 0.749836 0.005672 0.004226
0 0.658934 0.754895 0.013298 0.004420
0 0.580117 0.816127 0.006798 0.004041
0 0.661611 0.833785 0.006696 0.004189
0 0.320833 0.195688 0.005628 0.004166
0 0.262763 0.201741 0.013292 0.004246
0 0.301956 0.153954 0.008459 0.004192
0 0.218030 0.302686 0.008372 0.004129
0 0.189462 0.302947 0.011848 0.004144
0 0.206225 0.249902 0.006833 0.003970
0 0.262672 0.262049 0.006649 0.004149
0 0.341982 0.265040 0.005535 0.004192
0 0.357590 0.193361 0.007040 0.004021
0 0.220546 0.147392 0.011735 0.004149
0 0.194170 0.169981 0.012063 0.004146
0 0.721381 0.157072 0.005636 0.004146
0 0.612557 0.313957 0.006960 0.004260
0 0.683509 0.157622 0.005636 0.004146
0 0.638049 0.149117 0.013409 0.004429
0 0.608145 0.105856 0.008549 0.004263
0 0.574450 0.105140 0.011854 0.004283
0 0.659233 0.234691 0.005612 0.004315
0 0.674723 0.444806 0.022789 0.008649
0 0.697131 0.444798 0.017304 0.008649
0 0.303441 0.429332 0.022789 0.008649
0 0.325873 0.429332 0.017244 0.008649
0 0.303162 0.928931 0.022791 0.008646
0 0.325531 0.929028 0.016841 0.008646
0 0.776933 0.928990 0.022789 0.008649
0 0.799053 0.929087 0.017167 0.008649
0 0.800255 0.937612 0.005051 0.004001
0 0.326652 0.937618 0.005051 0.004001
0 0.326567 0.437890 0.005049 0.003998
0 0.693614 0.235110 0.006929 0.004275
0 0.653084 0.292649 0.012063 0.004295
0 0.605261 0.257997 0.008870 0.004320
0 0.597718 0.183433 0.006732 0.004295
0 0.573794 0.343230 0.011775 0.004295
0 0.572395 0.305124 0.008582 0.004366
0 0.651795 0.324915 0.005638 0.004317
0 0.214268 0.193840 0.005626 0.004135
0 0.569531 0.868025 0.011888 0.004246