0 0.617057 0.291342 0.014888 0.006828
0 0.849105 0.457368 0.019863 0.006837
0 0.743240 0.472437 0.014729 0.006857
0 0.866189 0.426441 0.019934 0.006794
0 0.638342 0.355011 0.009148 0.006831
0 0.691033 0.464467 0.009210 0.006837
0 0.769729 0.464319 0.010036 0.006421
0 0.769600 0.542011 0.015013 0.006831
0 0.655202 0.291338 0.009119 0.006785
0 0.709982 0.525587 0.023192 0.006780
0 0.890627 0.451936 0.020177 0.006432
0 0.849265 0.472522 0.020218 0.006623
0 0.876357 0.525620 0.009780 0.006412
0 0.638213 0.525603 0.009398 0.006828
0 0.821800 0.542028 0.009226 0.006882
0 0.638169 0.436090 0.015013 0.006828
0 0.958236 0.452694 0.014868 0.006831
0 0.425720 0.549771 0.009087 0.006791
0 0.336651 0.453163 0.019686 0.006537
0 0.369745 0.448259 0.009851 0.006423
0 0.193056 0.392998 0.019821 0.006765
0 0.427077 0.448396 0.009214 0.006754
0 0.162581 0.443665 0.019750 0.006669
0 0.170814 0.523314 0.009756 0.006475
0 0.162401 0.407589 0.020147 0.006452
0 0.231693 0.421995 0.009087 0.006788
0 0.291205 0.422006 0.023248 0.006811
0 0.299892 0.523351 0.009500 0.006783
0 0.368391 0.549719 0.015061 0.006791
0 0.594137 0.355060 0.014922 0.006831
0 0.297025 0.707515 0.029174 0.009843
0 0.328980 0.707562 0.022394 0.009840
0 0.322366 0.719231 0.006931 0.005312
0 0.766786 0.707515 0.029172 0.009843
0 0.798540 0.707652 0.022464 0.009843
0 0.790151 0.719138 0.007044 0.005155