0 0.872015 0.528954 0.013507 0.007275
0 0.794325 0.480840 0.009609 0.007261
0 0.850330 0.450430 0.009643 0.007355
0 0.262422 0.448707 0.009835 0.007278
0 0.645883 0.397138 0.009879 0.007263
0 0.825268 0.397855 0.009879 0.007261
0 0.654599 0.461864 0.009637 0.007263
0 0.211457 0.539790 0.009835 0.007118
0 0.268283 0.802958 0.032773 0.011753
0 0.235341 0.603589 0.009706 0.007144
0 0.326492 0.306288 0.016616 0.007497
0 0.305565 0.603580 0.011651 0.007212
0 0.197860 0.412605 0.016264 0.007543
0 0.795555 0.396608 0.012291 0.007138
0 0.322873 0.442558 0.023243 0.007226
0 0.724431 0.376924 0.023279 0.007446
0 0.302011 0.802893 0.025030 0.011750
0 0.278493 0.350767 0.009706 0.007144
0 0.755955 0.802908 0.032950 0.011916
0 0.789732 0.802996 0.024970 0.011819
0 0.264006 0.417218 0.012181 0.007092
0 0.724525 0.485205 0.011719 0.007338
0 0.744298 0.593940 0.015302 0.007377