0 0.684391 0.718230 0.010584 0.003283
0 0.785330 0.888628 0.009537 0.003337
0 0.759347 0.778635 0.005388 0.003482
0 0.683889 0.815705 0.005493 0.003249
0 0.637355 0.667200 0.009492 0.003531
0 0.605801 0.785355 0.005493 0.003283
0 0.569461 0.829018 0.005458 0.003571
0 0.567806 0.746897 0.005601 0.003283
0 0.736118 0.862796 0.006901 0.003283
0 0.624981 0.829145 0.005569 0.003528
0 0.816807 0.757729 0.009690 0.003266
0 0.787621 0.819622 0.009448 0.003212
0 0.747031 0.811728 0.005386 0.003257
0 0.555560 0.665284 0.008046 0.003460
0 0.309016 0.707135 0.006962 0.003240
0 0.585720 0.203682 0.005440 0.003209
0 0.581682 0.291414 0.005364 0.003431
0 0.310853 0.815725 0.005374 0.003254
0 0.251922 0.821654 0.005662 0.003371
0 0.542713 0.186850 0.008255 0.003616
0 0.310380 0.862784 0.006849 0.003311
0 0.423081 0.797164 0.006964 0.003414
0 0.196334 0.821667 0.005329 0.003403
0 0.194805 0.746821 0.005543 0.003280
0 0.182573 0.665271 0.008140 0.003371
0 0.264604 0.667184 0.009543 0.003363
0 0.412235 0.888639 0.009655 0.003326
0 0.378283 0.811787 0.005384 0.003363
0 0.386098 0.778594 0.005337 0.003354
0 0.323573 0.757630 0.010600 0.003320
0 0.277634 0.754219 0.008688 0.003309
0 0.634999 0.291425 0.005533 0.003414
0 0.647961 0.191120 0.005400 0.003329
0 0.627119 0.238444 0.005569 0.003317
0 0.621652 0.117964 0.009627 0.003178
0 0.694081 0.200930 0.010584 0.003371
0 0.695372 0.274846 0.005505 0.003292
0 0.750247 0.318601 0.006962 0.003357
0 0.755733 0.265359 0.005523 0.003463
0 0.755730 0.240460 0.005497 0.003343
0 0.773353 0.210643 0.009801 0.003428
0 0.773373 0.178069 0.009567 0.003428
0 0.158266 0.263800 0.009581 0.003309
0 0.189311 0.143602 0.009567 0.003209
0 0.239869 0.298158 0.005311 0.003172
0 0.161848 0.195546 0.009394 0.003254
0 0.144276 0.370745 0.009434 0.003223
0 0.342691 0.314637 0.005523 0.003528
0 0.372680 0.163106 0.007951 0.003557
0 0.297950 0.314698 0.005616 0.003343
0 0.174682 0.298142 0.005414 0.003420
0 0.347042 0.226512 0.005605 0.003152
0 0.309232 0.258310 0.005356 0.003500
0 0.288360 0.221785 0.005384 0.003457
0 0.235741 0.188435 0.010584 0.003294
0 0.177307 0.263726 0.005362 0.003246
0 0.184924 0.341885 0.006839 0.003371
0 0.764103 0.109739 0.009412 0.003252
0 0.800503 0.942357 0.025225 0.009102
0 0.825936 0.942481 0.019496 0.009105
0 0.427527 0.942662 0.025225 0.009102
0 0.255691 0.442640 0.025225 0.009105
0 0.658216 0.442435 0.025225 0.009105
0 0.281352 0.442538 0.019496 0.009105
0 0.683720 0.442486 0.019496 0.009105
0 0.510546 0.142565 0.005900 0.003112
0 0.398402 0.091032 0.005900 0.003112
0 0.207758 0.615818 0.005898 0.003115
0 0.580726 0.615930 0.005898 0.003112