0 0.253537 0.698460 0.005515 0.003394
0 0.338191 0.710170 0.005525 0.003525
0 0.185752 0.775720 0.006297 0.003346
0 0.314984 0.790569 0.005535 0.003531
0 0.177856 0.718249 0.005400 0.003537
0 0.289876 0.725296 0.006498 0.003371
0 0.228172 0.646741 0.009623 0.003445
0 0.348293 0.239179 0.006798 0.003380
0 0.594338 0.302817 0.009510 0.003383
0 0.684941 0.304523 0.006903 0.003368
0 0.159082 0.225154 0.006800 0.003354
0 0.228182 0.146867 0.009625 0.003383
0 0.193412 0.149769 0.005402 0.003494
0 0.716042 0.162920 0.006788 0.003354
0 0.607043 0.256020 0.005414 0.003537
0 0.712797 0.209692 0.005404 0.003551
0 0.593087 0.151932 0.006790 0.003351
0 0.756559 0.208495 0.006508 0.003380
0 0.594416 0.190010 0.009629 0.003383
0 0.777496 0.203515 0.005390 0.003354
0 0.770412 0.264845 0.005515 0.003551
0 0.732966 0.264551 0.005521 0.003551
0 0.704432 0.264758 0.008908 0.003411
0 0.615841 0.190000 0.005493 0.003380
0 0.669459 0.192102 0.010705 0.003508
0 0.657666 0.156657 0.006788 0.003351
0 0.663594 0.256114 0.006317 0.003394
0 0.196273 0.272022 0.006297 0.003337
0 0.160663 0.139648 0.014181 0.003286
0 0.160827 0.134632 0.009520 0.003360
0 0.193938 0.312960 0.006800 0.003417
0 0.336876 0.199775 0.005523 0.003522
0 0.314926 0.279225 0.005396 0.003494
0 0.188001 0.216252 0.005396 0.003494
0 0.663449 0.756915 0.006317 0.003394
0 0.736462 0.777341 0.005521 0.003551
0 0.770758 0.777338 0.005428 0.003551
0 0.777817 0.705788 0.005390 0.003351
0 0.594394 0.675673 0.009629 0.003383
0 0.615079 0.689758 0.005374 0.003351
0 0.607385 0.756858 0.005493 0.003537
0 0.756949 0.706932 0.006508 0.003383
0 0.289080 0.226294 0.006498 0.003411
0 0.239418 0.300527 0.010615 0.003511
0 0.316119 0.326143 0.006879 0.003326
0 0.675790 0.939635 0.003242 0.002690
0 0.648659 0.931526 0.018978 0.007395
0 0.667890 0.931617 0.014572 0.007395
0 0.275741 0.931488 0.018978 0.007392
0 0.275677 0.431509 0.018978 0.007395
0 0.648720 0.431469 0.018978 0.007395
0 0.294848 0.931854 0.014572 0.007395
0 0.294918 0.431632 0.014572 0.007395
0 0.667790 0.431623 0.014572 0.007395
0 0.302953 0.939839 0.003242 0.002693
0 0.302918 0.439779 0.003240 0.002693
0 0.675805 0.439842 0.003240 0.002693
0 0.501972 0.304590 0.014493 0.003594
0 0.502120 0.299621 0.009623 0.003665
0 0.516100 0.257009 0.005358 0.003964
0 0.502947 0.188162 0.009629 0.003728
0 0.501715 0.151938 0.007169 0.003790
0 0.502084 0.804420 0.014493 0.003408
0 0.502166 0.799387 0.009510 0.003733
0 0.516178 0.756830 0.005605 0.003981
0 0.503054 0.675587 0.009936 0.003742
0 0.226253 0.221587 0.005386 0.003351
0 0.278164 0.281607 0.006758 0.003272
0 0.253538 0.198557 0.005493 0.003394
0 0.593433 0.799538 0.009510 0.003380
0 0.593444 0.804523 0.014493 0.003408
0 0.621194 0.805383 0.006800 0.003368
0 0.715007 0.697059 0.005404 0.003551
0 0.632468 0.662740 0.006790 0.003354
0 0.667918 0.687663 0.010657 0.003511
0 0.231724 0.703552 0.005511 0.003406
0 0.235747 0.790993 0.010723 0.003497
0 0.160668 0.639457 0.014183 0.003326
0 0.160882 0.634443 0.009520 0.003323
0 0.210791 0.833112 0.006800 0.003351
0 0.704526 0.777405 0.008908 0.003411
0 0.160273 0.680677 0.006800 0.003354
0 0.192112 0.652756 0.005412 0.003494
0 0.594250 0.308034 0.014493 0.003596