0 0.296735 0.681976 0.013268 0.004312
0 0.580117 0.816127 0.006798 0.004041
0 0.661611 0.833785 0.006696 0.004189
0 0.658934 0.754895 0.013298 0.004420
0 0.594027 0.749836 0.005672 0.004226
0 0.572383 0.731074 0.012063 0.004246
0 0.599249 0.687273 0.007099 0.004109
0 0.652651 0.593431 0.005595 0.004246
0 0.648414 0.660093 0.005569 0.004243
0 0.593457 0.568433 0.011809 0.004201
0 0.688031 0.712207 0.008471 0.004198
0 0.599747 0.866207 0.008517 0.004195
0 0.371517 0.664450 0.011956 0.004146
0 0.599879 0.634266 0.005674 0.004218
0 0.214016 0.688529 0.006939 0.003990
0 0.190121 0.763901 0.005545 0.004144
0 0.236826 0.763887 0.005543 0.004144
0 0.294713 0.756080 0.006629 0.004141
0 0.357895 0.744808 0.006853 0.003990
0 0.569531 0.868025 0.011888 0.004246
0 0.342983 0.628081 0.011753 0.004175
0 0.374363 0.801954 0.011854 0.004175
0 0.346261 0.803381 0.008444 0.004135
0 0.254799 0.640174 0.008336 0.004132
0 0.345639 0.690742 0.005612 0.004135
0 0.186355 0.718716 0.005614 0.004135
0 0.184277 0.169232 0.008348 0.004175
0 0.185597 0.127219 0.011751 0.004166
0 0.569531 0.368168 0.011888 0.004246
0 0.580117 0.316270 0.006798 0.004041
0 0.661611 0.333927 0.006696 0.004189
0 0.658934 0.255037 0.013298 0.004420
0 0.594027 0.249979 0.005672 0.004226
0 0.572383 0.231217 0.012063 0.004246
0 0.599249 0.187415 0.007099 0.004109
0 0.652651 0.093574 0.005595 0.004246
0 0.648414 0.160235 0.005569 0.004243
0 0.593457 0.068575 0.011809 0.004201
0 0.688031 0.212350 0.008471 0.004198
0 0.599879 0.134409 0.005674 0.004218
0 0.599747 0.366349 0.008517 0.004195
0 0.356539 0.243438 0.005567 0.004135
0 0.309434 0.243427 0.005529 0.004135
0 0.263870 0.238836 0.013292 0.004317
0 0.316009 0.172334 0.007014 0.004007
0 0.360722 0.196871 0.005636 0.004155
0 0.264184 0.157633 0.005636 0.004135
0 0.266957 0.130097 0.011944 0.004178
0 0.222411 0.145067 0.006812 0.004007
0 0.218686 0.237321 0.006637 0.004109
0 0.206979 0.308917 0.011749 0.004121
0 0.234555 0.302144 0.008449 0.004175
0 0.776606 0.429508 0.022730 0.008752
0 0.798914 0.429584 0.017203 0.008601
0 0.303011 0.429357 0.022730 0.008752
0 0.325159 0.429206 0.017302 0.008752
0 0.303630 0.929260 0.022730 0.008752
0 0.325941 0.928958 0.017632 0.008752
0 0.776561 0.929466 0.022728 0.008752
0 0.799061 0.929203 0.017070 0.008752
0 0.800231 0.937596 0.005019 0.004146
0 0.326648 0.937635 0.005019 0.004144
0 0.326536 0.437781 0.005017 0.004146
0 0.800207 0.437904 0.005019 0.004146
0 0.421656 0.660725 0.020222 0.005822