0 0.219790 0.483686 0.006383 0.004418
0 0.096605 0.528220 0.005968 0.004302
0 0.311811 0.526651 0.006081 0.004367
0 0.362948 0.434252 0.006339 0.003572
0 0.362992 0.440620 0.006448 0.004541
0 0.829603 0.436471 0.006367 0.004493
0 0.184831 0.477194 0.006256 0.004581
0 0.720737 0.541202 0.005968 0.004302
0 0.678361 0.540242 0.009432 0.004447
0 0.870430 0.541777 0.009432 0.004450
0 0.580642 0.468007 0.006196 0.004367
0 0.610159 0.481176 0.006117 0.004609
0 0.580720 0.474232 0.006301 0.004273
0 0.641962 0.437936 0.009432 0.004447
0 0.829650 0.442764 0.006256 0.004581
0 0.772877 0.473243 0.006117 0.004609
0 0.683473 0.465559 0.006369 0.004493
0 0.683544 0.471827 0.006254 0.004584
0 0.718694 0.478251 0.006383 0.004421
0 0.595253 0.530636 0.005968 0.004304
0 0.810565 0.531120 0.006083 0.004367
0 0.861756 0.428817 0.006337 0.003569
0 0.861753 0.435187 0.006448 0.004541
0 0.637528 0.540583 0.005964 0.004381
0 0.793414 0.471532 0.005966 0.004302
0 0.759599 0.541926 0.005968 0.004302
0 0.221920 0.536613 0.005968 0.004304
0 0.260883 0.537352 0.005968 0.004304
0 0.184806 0.470925 0.006367 0.004495
0 0.081822 0.473401 0.006196 0.004367
0 0.326219 0.480314 0.006256 0.004584
0 0.274003 0.478633 0.006115 0.004609
0 0.179542 0.545636 0.009432 0.004447
0 0.371669 0.543227 0.009432 0.004447
0 0.259855 0.563974 0.009236 0.004464
0 0.326383 0.474236 0.006367 0.004493
0 0.081845 0.479706 0.006301 0.004270
0 0.096920 0.563940 0.009238 0.004464
0 0.138595 0.563834 0.009238 0.004464
0 0.221720 0.563900 0.009238 0.004464
0 0.111511 0.486569 0.006117 0.004609
0 0.311516 0.563880 0.009238 0.004464
0 0.294850 0.449971 0.009236 0.004464
0 0.329343 0.438960 0.009236 0.004464
0 0.143182 0.443384 0.009434 0.004447
0 0.294652 0.477005 0.005968 0.004302
0 0.138823 0.536155 0.005964 0.004384