0 0.215609 0.568611 0.011789 0.004192
0 0.273604 0.870455 0.008461 0.004141
0 0.263650 0.750797 0.013321 0.004346
0 0.262260 0.565469 0.008461 0.004144
0 0.199941 0.811858 0.006768 0.004098
0 0.194275 0.731106 0.012079 0.004172
0 0.192616 0.865494 0.011801 0.004172
0 0.599879 0.634266 0.005674 0.004218
0 0.599747 0.866207 0.008517 0.004195
0 0.688031 0.712207 0.008471 0.004198
0 0.593457 0.568433 0.011809 0.004201
0 0.648414 0.660093 0.005569 0.004243
0 0.652651 0.593431 0.005595 0.004246
0 0.599249 0.687273 0.007099 0.004109
0 0.572383 0.731074 0.012063 0.004246
0 0.594027 0.749836 0.005672 0.004226
0 0.658934 0.754895 0.013298 0.004420
0 0.661611 0.833785 0.006696 0.004189
0 0.580117 0.816127 0.006798 0.004041
0 0.569531 0.868025 0.011888 0.004246
0 0.264061 0.822008 0.006679 0.004192
0 0.216879 0.750533 0.005734 0.004206
0 0.224908 0.630081 0.005666 0.004203
0 0.273953 0.655806 0.005610 0.004158
0 0.273955 0.598568 0.005610 0.004158
0 0.219923 0.687868 0.006980 0.004075
0 0.581759 0.164048 0.011880 0.004209
0 0.553336 0.322568 0.011930 0.004218
0 0.555794 0.178941 0.011979 0.004192
0 0.569569 0.272526 0.006774 0.004050
0 0.688888 0.283973 0.005569 0.004218
0 0.694464 0.213055 0.005664 0.004235
0 0.736089 0.283944 0.005569 0.004218
0 0.634161 0.122867 0.008366 0.004178
0 0.633000 0.276130 0.006637 0.004184
0 0.731506 0.209295 0.007086 0.004095
0 0.577148 0.215606 0.005664 0.004184
0 0.631643 0.213985 0.013421 0.004317
0 0.314635 0.275712 0.005603 0.004272
0 0.193344 0.177952 0.012116 0.004238
0 0.261745 0.264761 0.006690 0.004203
0 0.188546 0.305648 0.011930 0.004320
0 0.205318 0.252629 0.006881 0.004095
0 0.261862 0.204478 0.013331 0.004346
0 0.217100 0.305378 0.008404 0.004195
0 0.301018 0.156679 0.008515 0.004192
0 0.219605 0.150113 0.011832 0.004209
0 0.318514 0.202821 0.005640 0.004218
0 0.213342 0.196577 0.005640 0.004178
0 0.356646 0.196083 0.007099 0.004124
0 0.356563 0.275704 0.005561 0.004272
0 0.580018 0.322629 0.008442 0.004221
0 0.303124 0.429302 0.021771 0.008025
0 0.325418 0.429260 0.016329 0.007942
0 0.326576 0.437696 0.004749 0.003850
0 0.676524 0.429326 0.021483 0.008028
0 0.698759 0.429326 0.016502 0.008028
0 0.699633 0.437732 0.004590 0.003790
0 0.776780 0.929155 0.021749 0.008256
0 0.798980 0.929206 0.016538 0.008159
0 0.800197 0.937608 0.004654 0.003930
0 0.390354 0.929233 0.021771 0.007945
0 0.412589 0.929192 0.016446 0.007863
0 0.413923 0.937505 0.004513 0.003850