0 0.224289 0.317045 0.016114 0.008367
0 0.533061 0.528568 0.008839 0.006611
0 0.247145 0.467965 0.017990 0.007611
0 0.563529 0.612771 0.017494 0.006511
0 0.522170 0.423178 0.018357 0.007452
0 0.489022 0.401482 0.013598 0.007571
0 0.394843 0.907228 0.039522 0.015145
0 0.435172 0.907469 0.030087 0.014903
0 0.280190 0.424959 0.010387 0.007511
0 0.274863 0.227866 0.009968 0.005773
0 0.501814 0.337004 0.017432 0.006551
0 0.259610 0.700366 0.008839 0.006611
0 0.332761 0.700087 0.008839 0.006611
0 0.454745 0.927148 0.009591 0.007665
0 0.333081 0.562020 0.008839 0.007204
0 0.347554 0.388761 0.008839 0.006611
0 0.518699 0.612698 0.014023 0.006730
0 0.259592 0.562225 0.008839 0.006611
0 0.431876 0.545922 0.010403 0.006901
0 0.562214 0.377279 0.018236 0.007962
0 0.435643 0.380019 0.020909 0.008292