0 0.616181 0.370999 0.016629 0.013760
0 0.690066 0.394783 0.024699 0.015981
0 0.632180 0.678595 0.024699 0.015981
0 0.511471 0.685621 0.024699 0.015981
0 0.324010 0.642637 0.024699 0.015981
0 0.434818 0.400185 0.016820 0.015536
0 0.315895 0.532145 0.016629 0.013760
0 0.615865 0.560989 0.016941 0.017047
0 0.712077 0.540570 0.024699 0.015981
0 0.412070 0.578488 0.016629 0.013760
0 0.508934 0.595241 0.026903 0.013452
0 0.537462 0.405234 0.015706 0.012623
0 0.537596 0.419380 0.016486 0.012551
0 0.509268 0.609582 0.016162 0.013452