0 0.201111 0.206357 0.006466 0.003343
0 0.575546 0.711187 0.006498 0.003366
0 0.589757 0.771496 0.005394 0.003465
0 0.697690 0.791868 0.009476 0.003366
0 0.686819 0.751736 0.005495 0.003494
0 0.332703 0.707214 0.005470 0.003343
0 0.602681 0.709062 0.006925 0.003363
0 0.202074 0.705925 0.005354 0.003323
0 0.354537 0.690731 0.009593 0.003394
0 0.244604 0.771653 0.005485 0.003522
0 0.292251 0.701059 0.010623 0.003508
0 0.289584 0.769571 0.006317 0.003394
0 0.375769 0.302663 0.009510 0.003411
0 0.376229 0.186773 0.009597 0.003406
0 0.293572 0.158356 0.006798 0.003397
0 0.352681 0.797002 0.014509 0.003289
0 0.352664 0.792023 0.009502 0.003351
0 0.545885 0.702636 0.005370 0.003329
0 0.327856 0.796995 0.006871 0.003326
0 0.634833 0.769423 0.006264 0.003394
0 0.661977 0.306084 0.006766 0.003351
0 0.697988 0.216727 0.006458 0.003337
0 0.671668 0.217464 0.006923 0.003340
0 0.286747 0.306374 0.006772 0.003331
0 0.220549 0.183494 0.005382 0.003323
0 0.321769 0.209340 0.006992 0.003337
0 0.349371 0.201667 0.005481 0.003363
0 0.294680 0.195215 0.010621 0.003522
0 0.360065 0.255165 0.005402 0.003508
0 0.254669 0.269642 0.005505 0.003508
0 0.554509 0.771503 0.005404 0.003508
0 0.637132 0.701170 0.010673 0.003485
0 0.675835 0.679364 0.008833 0.003340
0 0.698650 0.692291 0.009365 0.003374
0 0.602559 0.658628 0.006685 0.003423
0 0.671360 0.707204 0.005485 0.003340
0 0.671977 0.797543 0.006855 0.003357
0 0.258720 0.664047 0.006760 0.003380
0 0.257857 0.708504 0.006917 0.003363
0 0.230330 0.712183 0.006508 0.003357
0 0.341671 0.751871 0.005394 0.003537
0 0.330683 0.672854 0.008890 0.003354
0 0.209386 0.771639 0.005394 0.003522
0 0.305770 0.264060 0.006329 0.003394
0 0.248326 0.201765 0.005472 0.003508
0 0.780996 0.791845 0.009476 0.003366
0 0.771391 0.751744 0.005495 0.003494
0 0.783300 0.692078 0.009825 0.003374
0 0.697591 0.796627 0.015094 0.003366
0 0.781458 0.796519 0.015094 0.003366
0 0.648650 0.931650 0.018799 0.007090
0 0.667785 0.931519 0.014380 0.007090
0 0.675754 0.939538 0.003077 0.002485
0 0.275698 0.931687 0.018799 0.007090
0 0.294667 0.931661 0.014898 0.007090
0 0.275680 0.431733 0.018799 0.007090
0 0.294474 0.431641 0.015404 0.007090
0 0.648673 0.431804 0.018801 0.007090
0 0.667991 0.431542 0.014652 0.007090
0 0.675802 0.439701 0.003262 0.002559
0 0.302819 0.439972 0.003260 0.002559
0 0.302780 0.939870 0.003262 0.002556
0 0.127446 0.771468 0.005394 0.003522
0 0.119149 0.705929 0.005354 0.003702
0 0.437189 0.791875 0.009502 0.003351
0 0.437281 0.796838 0.014509 0.003537
0 0.437281 0.690412 0.009593 0.003394
0 0.427599 0.751708 0.005394 0.003537
0 0.375864 0.307569 0.014521 0.003511
0 0.197950 0.169003 0.006772 0.003329
0 0.225571 0.269004 0.008797 0.003337
0 0.193065 0.268953 0.005404 0.003508
0 0.364391 0.155797 0.006051 0.003403
0 0.576265 0.298102 0.014493 0.003192
0 0.576286 0.293022 0.009371 0.003292
0 0.637610 0.261914 0.006315 0.003360
0 0.718533 0.268237 0.005384 0.003508
0 0.636779 0.212267 0.010629 0.003480
0 0.632999 0.168723 0.006885 0.003386
0 0.683522 0.268236 0.005472 0.003477
0 0.584844 0.252893 0.005376 0.003471
0 0.725664 0.211046 0.005384 0.003340
0 0.589625 0.212447 0.005227 0.003326
0 0.572042 0.204374 0.009508 0.003311