0 0.891423 0.385879 0.014068 0.006737
0 0.891502 0.336743 0.019934 0.006794
0 0.700727 0.563981 0.009095 0.006771
0 0.645819 0.532622 0.009095 0.006737
0 0.706281 0.467626 0.009226 0.006720
0 0.748023 0.467447 0.009905 0.006349
0 0.800536 0.476730 0.019565 0.006620
0 0.789624 0.539087 0.023190 0.006780
0 0.792573 0.338961 0.020177 0.006432
0 0.814768 0.604430 0.015013 0.006831
0 0.876134 0.474084 0.009400 0.006828
0 0.170904 0.511790 0.009379 0.006144
0 0.233946 0.538331 0.014937 0.005993
0 0.291163 0.410385 0.022930 0.006783
0 0.336726 0.441500 0.019734 0.006552
0 0.369761 0.436818 0.009553 0.006386
0 0.427169 0.436820 0.009265 0.006714
0 0.425730 0.538341 0.008753 0.006959
0 0.367040 0.538484 0.009091 0.006788
0 0.162510 0.396201 0.019917 0.006389
0 0.193125 0.381469 0.019621 0.006369
0 0.162483 0.432144 0.019805 0.006495
0 0.793492 0.363260 0.020218 0.006623
0 0.845154 0.365540 0.009780 0.006412
0 0.299782 0.511691 0.009784 0.006552
0 0.297288 0.707704 0.029361 0.010410
0 0.328928 0.707706 0.022458 0.009952
0 0.322273 0.719282 0.006955 0.005608
0 0.766891 0.707878 0.029361 0.010410
0 0.798579 0.707706 0.022458 0.009952
0 0.792102 0.719276 0.006955 0.005608