0 0.345640 0.690162 0.005630 0.004138
0 0.299938 0.622692 0.008447 0.004175
0 0.294620 0.808517 0.008447 0.004175
0 0.371443 0.625832 0.008447 0.004175
0 0.342985 0.625828 0.011745 0.004132
0 0.369107 0.667732 0.012009 0.004155
0 0.296724 0.681218 0.013250 0.004152
0 0.215372 0.687818 0.007040 0.003964
0 0.190099 0.763320 0.005545 0.004121
0 0.236812 0.763337 0.005545 0.004189
0 0.294709 0.755506 0.006641 0.004121
0 0.374372 0.801267 0.011872 0.004175
0 0.357892 0.744215 0.006839 0.004007
0 0.637102 0.822008 0.006679 0.004192
0 0.589918 0.750533 0.005736 0.004206
0 0.597948 0.630081 0.005664 0.004203
0 0.646994 0.655806 0.005610 0.004158
0 0.646996 0.598568 0.005610 0.004158
0 0.592964 0.687868 0.006980 0.004075
0 0.588647 0.568611 0.011789 0.004192
0 0.646643 0.870455 0.008459 0.004141
0 0.636691 0.750797 0.013321 0.004346
0 0.635300 0.565469 0.008461 0.004144
0 0.565657 0.865494 0.011801 0.004172
0 0.567315 0.731106 0.012079 0.004172
0 0.572981 0.811858 0.006768 0.004098
0 0.262543 0.246928 0.013367 0.004332
0 0.308021 0.243475 0.005569 0.004215
0 0.355108 0.243504 0.005569 0.004215
0 0.184237 0.127243 0.011900 0.004209
0 0.637224 0.157633 0.005636 0.004135
0 0.733763 0.196871 0.005636 0.004155
0 0.689050 0.172334 0.007014 0.004007
0 0.636909 0.238836 0.013294 0.004317
0 0.682474 0.243427 0.005529 0.004135
0 0.558638 0.127219 0.011751 0.004166
0 0.729580 0.243438 0.005567 0.004135
0 0.557316 0.169232 0.008346 0.004175
0 0.607595 0.302144 0.008449 0.004175
0 0.591727 0.237321 0.006637 0.004109
0 0.595450 0.145067 0.006810 0.004007
0 0.639998 0.130097 0.011944 0.004178
0 0.221031 0.145064 0.006768 0.004058
0 0.277527 0.130078 0.011858 0.004146
0 0.262761 0.157667 0.005660 0.004243
0 0.359277 0.196902 0.005674 0.004263
0 0.314568 0.172387 0.007133 0.004067
0 0.182850 0.207945 0.008614 0.004206
0 0.217374 0.237347 0.006663 0.004166
0 0.188752 0.715410 0.005628 0.004141
0 0.676114 0.429189 0.022021 0.008364
0 0.698292 0.429252 0.017439 0.008364
0 0.289784 0.429500 0.022019 0.008364
0 0.312153 0.429241 0.017080 0.008364
0 0.290303 0.929139 0.022021 0.008361
0 0.312227 0.929203 0.017052 0.008364
0 0.763399 0.929070 0.022345 0.008364
0 0.785613 0.929675 0.017290 0.008361
0 0.786904 0.937516 0.004874 0.004135
0 0.313414 0.937713 0.004874 0.004135
0 0.313207 0.437696 0.004874 0.004135
0 0.699624 0.437659 0.004874 0.004135
0 0.421830 0.660560 0.020488 0.006210
0 0.580019 0.308809 0.011749 0.004337
0 0.262112 0.314457 0.008761 0.004577
0 0.205625 0.308606 0.011850 0.004959