0 0.453170 0.469959 0.006889 0.004226
0 0.136199 0.425916 0.008807 0.004241
0 0.136127 0.579944 0.008805 0.004238
0 0.314023 0.579873 0.008880 0.004238
0 0.005774 0.452193 0.008529 0.004278
0 0.870914 0.535410 0.006917 0.004420
0 0.649001 0.436416 0.011912 0.004278
0 0.676372 0.437821 0.006764 0.004186
0 0.882106 0.456972 0.006766 0.004186
0 0.738960 0.448866 0.013327 0.004417
0 0.746491 0.518528 0.006917 0.004203
0 0.404175 0.397087 0.008648 0.004241
0 0.648989 0.585492 0.011936 0.004024
0 0.825841 0.551956 0.008813 0.004203
0 0.853452 0.459677 0.007157 0.004186
0 0.648140 0.393143 0.008523 0.004258
0 0.735549 0.393314 0.008523 0.004258
0 0.721544 0.585017 0.008642 0.004255
0 0.856871 0.586090 0.008644 0.004258
0 0.660868 0.521131 0.006915 0.004400
0 0.006101 0.509290 0.008527 0.004258
0 0.060048 0.588894 0.008527 0.004280
0 0.122013 0.538417 0.008527 0.004278
0 0.122993 0.473112 0.008529 0.004280
0 0.210419 0.586716 0.008527 0.004255
0 0.420496 0.586194 0.008632 0.004226
0 0.648628 0.578239 0.018299 0.004258
0 0.331044 0.418406 0.008527 0.004203
0 0.069917 0.427894 0.006778 0.004292
0 0.244052 0.472053 0.006714 0.004255
0 0.236809 0.537600 0.006752 0.004417
0 0.187841 0.537600 0.006917 0.004417
0 0.075212 0.531325 0.006752 0.004417
0 0.284124 0.470489 0.007018 0.004238
0 0.330192 0.481364 0.008662 0.004203
0 0.393204 0.450054 0.007169 0.004258
0 0.401708 0.529842 0.006752 0.004221
0 0.009822 0.410172 0.008807 0.004238
0 0.016034 0.559711 0.008807 0.004238
0 0.546110 0.520997 0.006994 0.004913
0 0.534086 0.585165 0.011936 0.004238
0 0.533656 0.578254 0.018406 0.004905
0 0.533186 0.392957 0.008527 0.004192
0 0.534283 0.436254 0.011789 0.004722
0 0.719081 0.743101 0.023776 0.008698
0 0.743167 0.743145 0.017957 0.008700
0 0.759094 0.753273 0.004036 0.003286
0 0.247806 0.743360 0.023776 0.008698
0 0.281916 0.753197 0.004050 0.003380
0 0.271883 0.743360 0.018233 0.008698