0 0.337005 0.678575 0.013602 0.006756
0 0.300791 0.678642 0.013810 0.006462
0 0.284204 0.678605 0.013552 0.006679
0 0.288845 0.478958 0.018734 0.006365
0 0.368929 0.324210 0.011068 0.006169
0 0.286176 0.350744 0.010341 0.006431
0 0.610716 0.590066 0.013602 0.006756
0 0.458484 0.678334 0.013602 0.006753
0 0.409452 0.452623 0.010341 0.006431
0 0.410339 0.678652 0.013602 0.006756
0 0.458424 0.607551 0.010708 0.006477
0 0.523714 0.906460 0.010254 0.007708
0 0.367922 0.678270 0.018742 0.006482
0 0.552472 0.557403 0.010730 0.006916
0 0.521925 0.465523 0.010889 0.006730
0 0.456597 0.460878 0.018327 0.006756
0 0.390778 0.607550 0.010708 0.006474
0 0.309773 0.587310 0.010851 0.006462
0 0.662687 0.562986 0.013771 0.006599
0 0.331345 0.446461 0.019079 0.006730
0 0.512143 0.889361 0.033042 0.015519
0 0.467812 0.889615 0.042969 0.015593