0 0.494879 0.345858 0.010109 0.007246
0 0.534094 0.562480 0.010111 0.007246
0 0.560056 0.651957 0.009978 0.007340
0 0.850983 0.856174 0.032201 0.014732
0 0.809139 0.856043 0.042395 0.015051
0 0.591335 0.744996 0.021562 0.007443
0 0.820834 0.438907 0.044691 0.012409
0 0.856056 0.438960 0.016926 0.012697
0 0.804604 0.457516 0.013207 0.008458
0 0.804379 0.470344 0.011693 0.006240
0 0.802268 0.493625 0.008043 0.006536
0 0.802431 0.481542 0.008240 0.006471
0 0.534993 0.409041 0.014352 0.007403
0 0.579108 0.567392 0.021699 0.007548
0 0.459673 0.680643 0.013933 0.007414
0 0.390293 0.580081 0.024050 0.007511
0 0.422236 0.476698 0.009992 0.007323
0 0.363068 0.707172 0.009978 0.007338
0 0.540990 0.741072 0.015400 0.007526
0 0.310409 0.657593 0.015223 0.007335
0 0.820852 0.629186 0.044590 0.012437
0 0.802049 0.505607 0.008400 0.006460
0 0.802335 0.517030 0.008150 0.006078
0 0.805208 0.529139 0.019538 0.006528
0 0.801553 0.540859 0.008424 0.006519
0 0.801526 0.552757 0.008357 0.006288
0 0.805266 0.564568 0.017688 0.006440
0 0.805062 0.576772 0.012048 0.006662
0 0.804547 0.647576 0.013042 0.008395
0 0.837853 0.647349 0.013034 0.008540
0 0.804455 0.660182 0.011369 0.006739
0 0.804278 0.672088 0.013076 0.006086
0 0.170422 0.107725 0.038918 0.014994
0 0.422236 0.368025 0.010073 0.007452
0 0.805042 0.683590 0.005195 0.006086
0 0.805045 0.695582 0.011369 0.006739
0 0.805198 0.600073 0.012048 0.006662
0 0.875007 0.457661 0.013594 0.008446
0 0.612350 0.408974 0.014162 0.007457
0 0.837911 0.457444 0.013596 0.008446
0 0.612542 0.334042 0.020714 0.007189