0 0.619683 0.259386 0.006748 0.003337
0 0.252589 0.790801 0.010627 0.003494
0 0.306779 0.725115 0.006498 0.003323
0 0.194734 0.718256 0.005362 0.003494
0 0.227093 0.832646 0.006800 0.003354
0 0.245041 0.646703 0.009591 0.003380
0 0.177055 0.680667 0.006800 0.003351
0 0.733317 0.757425 0.005404 0.003508
0 0.749437 0.807954 0.014521 0.003340
0 0.748819 0.802663 0.009510 0.003354
0 0.593590 0.683351 0.005382 0.003323
0 0.289876 0.225439 0.006498 0.003371
0 0.177856 0.218391 0.005400 0.003537
0 0.314984 0.290711 0.005535 0.003531
0 0.160273 0.180819 0.006800 0.003354
0 0.338191 0.210312 0.005525 0.003525
0 0.253537 0.198602 0.005515 0.003394
0 0.192112 0.152898 0.005412 0.003494
0 0.745574 0.207814 0.005438 0.003272
0 0.770840 0.310959 0.006992 0.003383
0 0.605425 0.297746 0.006978 0.003357
0 0.622099 0.160211 0.006982 0.003351
0 0.331830 0.790365 0.005396 0.003494
0 0.355025 0.707874 0.005364 0.003494
0 0.202616 0.775523 0.006297 0.003340
0 0.208978 0.652739 0.005364 0.003494
0 0.627888 0.778320 0.005505 0.003508
0 0.720737 0.804818 0.006770 0.003337
0 0.741929 0.674260 0.009573 0.003351
0 0.699058 0.668742 0.006768 0.003337
0 0.598812 0.777655 0.008759 0.003340
0 0.573331 0.708773 0.006468 0.003326
0 0.566260 0.777598 0.005404 0.003511
0 0.672326 0.201265 0.005394 0.003380
0 0.228172 0.146884 0.009623 0.003445
0 0.649903 0.431751 0.019113 0.007458
0 0.669032 0.431744 0.014586 0.007461
0 0.681710 0.439744 0.003133 0.002474
0 0.275734 0.431754 0.019113 0.007458
0 0.275698 0.931332 0.019113 0.007458
0 0.648759 0.931671 0.019113 0.007458
0 0.667831 0.931540 0.014586 0.007458
0 0.294863 0.931604 0.014586 0.007461
0 0.294786 0.431834 0.014586 0.007458
0 0.675794 0.939806 0.003133 0.002474
0 0.302716 0.939806 0.003135 0.002474
0 0.302619 0.439939 0.003135 0.002471
0 0.502259 0.259830 0.009748 0.003451
0 0.512408 0.216679 0.005811 0.003805
0 0.514092 0.297504 0.006980 0.003568
0 0.270421 0.698417 0.005513 0.003394
0 0.248566 0.703524 0.005374 0.003354
0 0.177592 0.634443 0.009522 0.003323
0 0.177552 0.639457 0.014181 0.003326
0 0.694810 0.709198 0.006992 0.003337
0 0.619769 0.695191 0.005470 0.003508
0 0.722412 0.701525 0.005481 0.003363
0 0.678910 0.766446 0.006287 0.003397
0 0.665150 0.689112 0.010727 0.003480
0 0.770343 0.255076 0.005412 0.003494
0 0.185752 0.275862 0.006297 0.003346
0 0.231724 0.203695 0.005511 0.003406
0 0.210791 0.333254 0.006800 0.003351
0 0.160882 0.134585 0.009520 0.003323
0 0.160668 0.139600 0.014183 0.003326
0 0.235747 0.291136 0.010723 0.003497
0 0.603567 0.216841 0.005475 0.003508
0 0.593426 0.259791 0.009472 0.003651