0 0.742892 0.207994 0.010717 0.003568
0 0.695483 0.213041 0.006488 0.003380
0 0.783239 0.324007 0.006780 0.003340
0 0.817584 0.219121 0.009603 0.003394
0 0.791799 0.232659 0.004876 0.003351
0 0.364391 0.655654 0.006051 0.003403
0 0.193065 0.768810 0.005404 0.003508
0 0.225571 0.768861 0.008797 0.003337
0 0.197950 0.668860 0.006772 0.003329
0 0.248326 0.701623 0.005472 0.003508
0 0.305770 0.763917 0.006329 0.003394
0 0.293572 0.658213 0.006798 0.003397
0 0.376229 0.686630 0.009597 0.003406
0 0.375769 0.802521 0.009510 0.003411
0 0.375864 0.807578 0.014521 0.003209
0 0.254669 0.769500 0.005505 0.003508
0 0.360065 0.755023 0.005402 0.003508
0 0.294680 0.695073 0.010621 0.003522
0 0.349371 0.701525 0.005481 0.003363
0 0.321769 0.709198 0.006992 0.003337
0 0.220549 0.683351 0.005382 0.003323
0 0.584060 0.764675 0.005412 0.003554
0 0.569079 0.667642 0.007020 0.003411
0 0.579142 0.708914 0.006839 0.003397
0 0.500309 0.760131 0.005414 0.003551
0 0.553818 0.701277 0.006806 0.003386
0 0.491009 0.706368 0.009269 0.003428
0 0.768701 0.802095 0.006913 0.003465
0 0.813700 0.802947 0.014513 0.003351
0 0.813505 0.798004 0.009541 0.003411
0 0.749120 0.760185 0.006297 0.003380
0 0.742584 0.708004 0.010746 0.003508
0 0.802256 0.760120 0.005487 0.003494
0 0.555956 0.760909 0.006810 0.003391
0 0.501190 0.808507 0.006825 0.003368
0 0.790014 0.708780 0.005460 0.003351
0 0.275689 0.431669 0.018588 0.006899
0 0.294824 0.431670 0.014181 0.006902
0 0.302758 0.439692 0.002946 0.002462
0 0.648637 0.431730 0.018588 0.006902
0 0.667917 0.431566 0.014318 0.006899
0 0.675764 0.439806 0.003137 0.002348
0 0.648643 0.931506 0.018588 0.006899
0 0.668016 0.931535 0.014562 0.006899
0 0.675553 0.939501 0.003196 0.002331
0 0.275682 0.931529 0.018586 0.006899
0 0.294899 0.931528 0.014272 0.006902
0 0.302838 0.939550 0.002827 0.002177
0 0.740035 0.662813 0.006792 0.003237
0 0.603935 0.801825 0.006786 0.003377
0 0.511144 0.674815 0.005404 0.003354
0 0.482398 0.669732 0.006766 0.003374
0 0.692760 0.704645 0.006488 0.003351
0 0.681462 0.792015 0.007010 0.003340
0 0.813277 0.703380 0.009633 0.003443
0 0.647375 0.708793 0.005501 0.003354
0 0.623485 0.764661 0.005523 0.003497
0 0.549320 0.798558 0.007058 0.003408
0 0.201111 0.706214 0.006466 0.003343
0 0.286747 0.806231 0.006772 0.003331
0 0.252589 0.290943 0.010627 0.003494
0 0.306779 0.225258 0.006498 0.003323
0 0.194734 0.218398 0.005362 0.003494
0 0.331830 0.290507 0.005396 0.003494
0 0.355025 0.208017 0.005364 0.003494
0 0.270421 0.198559 0.005513 0.003394
0 0.248566 0.203666 0.005374 0.003354
0 0.227093 0.332789 0.006800 0.003354
0 0.177592 0.134585 0.009522 0.003323
0 0.177552 0.139600 0.014181 0.003326
0 0.202616 0.275665 0.006297 0.003340
0 0.208978 0.152881 0.005364 0.003494
0 0.245041 0.146845 0.009591 0.003380
0 0.177055 0.180809 0.006800 0.003351
0 0.810706 0.326968 0.009492 0.003408
0 0.800598 0.279478 0.005404 0.003522
0 0.619664 0.284414 0.005501 0.003522
0 0.581326 0.284440 0.005404 0.003522
0 0.677965 0.294275 0.006992 0.003368
0 0.791751 0.198125 0.007012 0.003408
0 0.568254 0.177112 0.007022 0.003366
0 0.810709 0.321847 0.014572 0.003317
0 0.509334 0.181882 0.005402 0.003223
0 0.575697 0.214164 0.006780 0.003380
0 0.543093 0.304674 0.007012 0.003368
0 0.493242 0.275506 0.005384 0.003522
0 0.484023 0.205896 0.009621 0.003397
0 0.746318 0.286318 0.006317 0.003380
0 0.643316 0.212196 0.005382 0.003366