0 0.634577 0.640968 0.008420 0.030721
0 0.367913 0.473027 0.021713 0.012223
0 0.448328 0.466401 0.014120 0.011662
0 0.562353 0.427296 0.014495 0.011708
0 0.609071 0.514618 0.025460 0.012617
0 0.609629 0.528315 0.015470 0.012377
0 0.573644 0.633485 0.014626 0.011708
0 0.431090 0.612738 0.014495 0.011907
0 0.622482 0.419260 0.021713 0.012221
0 0.403195 0.754226 0.013760 0.011730
0 0.443331 0.754309 0.013802 0.011109
0 0.483532 0.754557 0.013802 0.011109
0 0.527397 0.754296 0.021209 0.011477
0 0.570490 0.754014 0.021209 0.011477