0 0.358467 0.709152 0.007088 0.004095
0 0.259960 0.775987 0.006637 0.004184
0 0.261120 0.622724 0.008366 0.004178
0 0.363049 0.783802 0.005569 0.004218
0 0.321424 0.712913 0.005664 0.004235
0 0.315847 0.783830 0.005569 0.004218
0 0.196528 0.772384 0.006774 0.004050
0 0.182753 0.678799 0.011979 0.004192
0 0.180295 0.822425 0.011930 0.004218
0 0.208719 0.663906 0.011880 0.004209
0 0.206978 0.822486 0.008442 0.004221
0 0.612557 0.813814 0.006960 0.004260
0 0.721381 0.656929 0.005636 0.004146
0 0.683509 0.657479 0.005636 0.004146
0 0.638049 0.648974 0.013409 0.004429
0 0.608145 0.605714 0.008549 0.004263
0 0.574450 0.604997 0.011854 0.004283
0 0.659233 0.734548 0.005612 0.004315
0 0.693614 0.734967 0.006929 0.004275
0 0.653084 0.792506 0.012063 0.004295
0 0.605261 0.757854 0.008870 0.004320
0 0.597718 0.683290 0.006732 0.004295
0 0.573794 0.843088 0.011775 0.004295
0 0.572395 0.804981 0.008582 0.004366
0 0.651795 0.824772 0.005638 0.004317
0 0.258603 0.713843 0.013421 0.004317
0 0.204107 0.715463 0.005664 0.004184
0 0.609853 0.263480 0.005545 0.004189
0 0.563139 0.263463 0.005545 0.004121
0 0.588412 0.187961 0.007040 0.003964
0 0.669764 0.181361 0.013250 0.004152
0 0.742147 0.167874 0.012007 0.004155
0 0.716026 0.125970 0.011745 0.004132
0 0.744483 0.125975 0.008447 0.004175
0 0.667660 0.308659 0.008444 0.004175
0 0.672978 0.122834 0.008447 0.004175
0 0.667749 0.255648 0.006641 0.004121
0 0.561792 0.215553 0.005628 0.004141
0 0.290131 0.429441 0.021914 0.008259
0 0.312277 0.429384 0.017115 0.008259
0 0.663139 0.429459 0.021914 0.008259
0 0.685335 0.429285 0.016756 0.008259
0 0.303618 0.929273 0.021912 0.008259
0 0.325964 0.929091 0.016659 0.008259
0 0.674814 0.944605 0.021914 0.008259
0 0.697169 0.944528 0.017107 0.008259
0 0.835846 0.267962 0.020590 0.005882
0 0.794821 0.160811 0.020590 0.005879
0 0.326643 0.937609 0.004985 0.004121
0 0.313354 0.437760 0.004983 0.004121
0 0.686145 0.437771 0.004985 0.004121
0 0.185945 0.194715 0.012116 0.004238
0 0.324234 0.213051 0.005716 0.004243
0 0.261594 0.329560 0.008414 0.004192
0 0.199887 0.272525 0.006923 0.004075
0 0.248638 0.162623 0.008414 0.004192
0 0.362503 0.209279 0.007113 0.004075
0 0.263279 0.276130 0.006675 0.004229
0 0.366370 0.283968 0.005591 0.004238
0 0.319236 0.283950 0.005585 0.004235
0 0.253988 0.208165 0.013222 0.004320
0 0.183678 0.322575 0.011773 0.004243
0 0.206805 0.215370 0.005624 0.004346
0 0.212276 0.156775 0.011793 0.004238
0 0.747413 0.301409 0.011872 0.004175
0 0.730933 0.244357 0.006839 0.004007
0 0.718680 0.190305 0.005630 0.004138