0 0.298384 0.430436 0.003038 0.004532
0 0.201388 0.389872 0.006964 0.004692
0 0.674106 0.421247 0.006049 0.004763
0 0.200083 0.449608 0.003038 0.004530
0 0.181406 0.601357 0.003038 0.004532
0 0.187298 0.421377 0.006162 0.004532
0 0.211355 0.421180 0.006164 0.004532
0 0.683778 0.447333 0.003055 0.004518
0 0.734431 0.412107 0.008370 0.004675
0 0.786138 0.376938 0.009964 0.004572
0 0.665118 0.601508 0.003055 0.004515
0 0.685094 0.389880 0.006706 0.005023
0 0.250663 0.412165 0.008366 0.004575
0 0.302265 0.376900 0.010066 0.004592
0 0.981338 0.704027 0.007395 0.004359
0 0.961611 0.710517 0.013631 0.004849
0 0.695069 0.421167 0.006156 0.004758
0 0.980645 0.691680 0.037099 0.007859
0 0.782080 0.430371 0.003198 0.004709
0 0.479570 0.704102 0.007413 0.004282
0 0.463963 0.691227 0.015253 0.008310
0 0.487496 0.690993 0.024483 0.008036