0 0.188099 0.384409 0.012120 0.004258
0 0.712795 0.574823 0.008946 0.004585
0 0.137559 0.471932 0.007090 0.004896
0 0.297362 0.550959 0.006968 0.004779
0 0.814881 0.564789 0.012067 0.004477
0 0.814813 0.571231 0.018491 0.004588
0 0.744265 0.396693 0.008872 0.004677
0 0.633968 0.417288 0.008912 0.004523
0 0.668051 0.429952 0.006998 0.004560
0 0.637987 0.462494 0.008410 0.004451
0 0.325013 0.450970 0.007318 0.004813
0 0.816850 0.452410 0.012241 0.004557
0 0.145015 0.593464 0.008902 0.004694
0 0.738728 0.514819 0.008179 0.004617
0 0.634413 0.526445 0.007016 0.004620
0 0.103416 0.369034 0.012228 0.004594
0 0.678767 0.526483 0.006964 0.004600
0 0.738884 0.457281 0.013790 0.004617
0 0.185671 0.478341 0.006978 0.004446
0 0.298745 0.610073 0.008958 0.004591
0 0.147902 0.541942 0.008406 0.004688
0 0.202247 0.577720 0.013601 0.004662
0 0.144419 0.388044 0.007113 0.004762
0 0.264736 0.484278 0.008307 0.004429
0 0.101201 0.482881 0.008962 0.004828
0 0.220040 0.449524 0.007109 0.004457
0 0.251113 0.553881 0.008916 0.004349
0 0.339354 0.500579 0.008940 0.004657
0 0.103254 0.375192 0.018396 0.004588
0 0.801067 0.514587 0.007215 0.004739
0 0.791495 0.451674 0.007056 0.004317
0 0.696350 0.457411 0.011330 0.004585
0 0.717440 0.743149 0.023875 0.008829
0 0.247850 0.743272 0.023873 0.008829
0 0.272080 0.743019 0.018080 0.008826
0 0.741816 0.743153 0.018080 0.008826
0 0.751607 0.753349 0.004020 0.003135
0 0.281897 0.753411 0.004020 0.003135