0 0.777667 0.491727 0.007080 0.004594
0 0.810988 0.624366 0.006216 0.004668
0 0.657068 0.417072 0.009934 0.004671
0 0.670313 0.673101 0.010113 0.004668
0 0.682456 0.597033 0.007765 0.004685
0 0.247867 0.482321 0.016125 0.004825
0 0.303490 0.513337 0.007020 0.004577
0 0.130359 0.416176 0.010014 0.004822
0 0.349048 0.673464 0.013961 0.004745
0 0.361022 0.436327 0.012275 0.004810
0 0.328769 0.623284 0.006371 0.004779
0 0.205423 0.444447 0.009992 0.004751
0 0.256737 0.614828 0.007876 0.004782
0 0.337706 0.542589 0.006486 0.004813
0 0.181869 0.498849 0.006486 0.004810
0 0.820531 0.532652 0.006486 0.004716
0 0.749408 0.624373 0.006246 0.004671
0 0.564166 0.481831 0.014340 0.004842
0 0.715681 0.498091 0.006365 0.004668
0 0.586741 0.571371 0.006365 0.004668
0 0.589943 0.469825 0.006486 0.004716
0 0.663268 0.501392 0.016063 0.004813
0 0.834751 0.676241 0.014016 0.004719
0 0.849344 0.433537 0.012245 0.004753
0 0.127615 0.518745 0.006587 0.005286
0 0.116885 0.597078 0.010719 0.005212
0 0.247437 0.677434 0.010530 0.005309
0 0.182311 0.427599 0.014955 0.005611
0 0.936142 0.767773 0.024229 0.008826
0 0.960876 0.767646 0.018928 0.008453
0 0.983427 0.767870 0.018920 0.008826
0 0.968068 0.776007 0.006440 0.003813
0 0.872287 0.388262 0.010332 0.004753
0 0.175533 0.623314 0.006399 0.004782
0 0.118099 0.458072 0.014453 0.004722
0 0.387437 0.384514 0.010860 0.004810