0 0.859400 0.554607 0.006201 0.004561
0 0.782661 0.818667 0.024936 0.011628
0 0.089102 0.525741 0.006036 0.004698
0 0.897217 0.587068 0.006252 0.004723
0 0.768360 0.532687 0.006038 0.004701
0 0.768303 0.587040 0.006038 0.004701
0 0.836022 0.587021 0.006038 0.004698
0 0.651282 0.503345 0.010282 0.004632
0 0.675373 0.534292 0.006514 0.004444
0 0.732332 0.580120 0.006167 0.004561
0 0.701290 0.525764 0.014526 0.004561
0 0.627906 0.534246 0.006530 0.004535
0 0.731706 0.551545 0.006201 0.004561
0 0.252436 0.525775 0.006201 0.004629
0 0.122085 0.525834 0.014524 0.004701
0 0.089580 0.551546 0.006399 0.004655
0 0.089118 0.580131 0.006036 0.004818
0 0.125343 0.580027 0.006070 0.004701
0 0.156795 0.580190 0.006036 0.004655
0 0.161154 0.547764 0.006266 0.004723
0 0.290160 0.818613 0.024936 0.011628
0 0.180211 0.547694 0.006350 0.004561
0 0.148059 0.534246 0.006530 0.004535
0 0.171435 0.503345 0.010282 0.004632
0 0.195526 0.534292 0.006514 0.004444
0 0.221443 0.525764 0.014526 0.004561
0 0.218047 0.580061 0.006252 0.004723
0 0.697894 0.580061 0.006252 0.004723
0 0.184678 0.580155 0.006038 0.004678
0 0.252485 0.580120 0.006167 0.004561
0 0.251859 0.551545 0.006201 0.004561
0 0.601932 0.525834 0.014524 0.004701
0 0.568949 0.525741 0.006036 0.004698
0 0.732282 0.525775 0.006201 0.004629
0 0.569427 0.551546 0.006399 0.004655
0 0.568965 0.580131 0.006036 0.004818
0 0.605189 0.580027 0.006070 0.004701
0 0.636641 0.580190 0.006036 0.004655
0 0.664524 0.580155 0.006038 0.004678
0 0.641001 0.547764 0.006266 0.004723
0 0.850560 0.510245 0.010282 0.004629
0 0.660057 0.547694 0.006350 0.004561
0 0.863951 0.586985 0.006036 0.004701
0 0.931622 0.586974 0.006038 0.004701
0 0.931605 0.532690 0.006036 0.004701
0 0.801213 0.532588 0.014583 0.004806
0 0.900644 0.532534 0.014581 0.004806
0 0.827249 0.541133 0.006514 0.004444
0 0.874788 0.541088 0.006514 0.004444
0 0.840408 0.554582 0.006072 0.004558
0 0.768868 0.558258 0.006201 0.004561
0 0.804500 0.586908 0.006252 0.004723
0 0.931122 0.558139 0.006201 0.004561