0 0.316119 0.326143 0.006879 0.003326
0 0.226253 0.221587 0.005386 0.003351
0 0.278164 0.281607 0.006758 0.003272
0 0.253538 0.198557 0.005493 0.003394
0 0.348293 0.239179 0.006798 0.003380
0 0.686846 0.249474 0.005495 0.003508
0 0.697787 0.292030 0.009500 0.003360
0 0.159082 0.225154 0.006800 0.003354
0 0.228182 0.146867 0.009625 0.003383
0 0.193412 0.149769 0.005402 0.003494
0 0.589768 0.261710 0.005388 0.003460
0 0.554519 0.261696 0.005384 0.003494
0 0.671382 0.207360 0.005472 0.003326
0 0.633905 0.249535 0.006307 0.003408
0 0.625523 0.161331 0.006746 0.003346
0 0.289876 0.725296 0.006498 0.003371
0 0.618699 0.298993 0.006768 0.003320
0 0.602666 0.210054 0.006883 0.003334
0 0.575571 0.210342 0.006468 0.003380
0 0.545861 0.202800 0.005344 0.003297
0 0.699144 0.202948 0.009571 0.003309
0 0.638688 0.201040 0.010570 0.003471
0 0.196273 0.272022 0.006297 0.003337
0 0.160663 0.139648 0.014181 0.003286
0 0.160827 0.134632 0.009520 0.003360
0 0.193938 0.312960 0.006800 0.003417
0 0.336876 0.199775 0.005523 0.003522
0 0.314926 0.279225 0.005396 0.003494
0 0.188001 0.216252 0.005396 0.003494
0 0.289080 0.226294 0.006498 0.003411
0 0.239418 0.300527 0.010615 0.003511
0 0.697848 0.296979 0.014632 0.003323
0 0.228172 0.646741 0.009623 0.003445
0 0.619683 0.759243 0.006748 0.003337
0 0.603567 0.716698 0.005475 0.003508
0 0.593426 0.759845 0.009472 0.003257
0 0.235747 0.790993 0.010723 0.003497
0 0.160668 0.639457 0.014183 0.003326
0 0.160882 0.634443 0.009520 0.003323
0 0.210791 0.833112 0.006800 0.003351
0 0.231724 0.703552 0.005511 0.003406
0 0.185752 0.775720 0.006297 0.003346
0 0.770343 0.754933 0.005412 0.003494
0 0.622099 0.660068 0.006982 0.003351
0 0.605425 0.797603 0.006978 0.003357
0 0.770840 0.810816 0.006992 0.003383
0 0.745574 0.707672 0.005438 0.003272
0 0.192112 0.652756 0.005412 0.003494
0 0.177856 0.718249 0.005400 0.003537
0 0.253537 0.698460 0.005515 0.003394
0 0.338191 0.710170 0.005525 0.003525
0 0.160273 0.680677 0.006800 0.003354
0 0.314984 0.790569 0.005535 0.003531
0 0.672326 0.701123 0.005394 0.003380
0 0.783341 0.207152 0.009571 0.003309
0 0.771399 0.251757 0.005495 0.003753
0 0.782383 0.291852 0.009500 0.003642
0 0.782271 0.296905 0.014632 0.003682
0 0.514974 0.660036 0.006982 0.003668
0 0.512330 0.716701 0.005475 0.003508
0 0.502232 0.759664 0.009472 0.003443
0 0.514037 0.797307 0.006978 0.003448
0 0.275677 0.431683 0.018543 0.006911
0 0.294915 0.431736 0.014401 0.006914
0 0.302825 0.439684 0.003055 0.002479
0 0.648601 0.431659 0.018543 0.006914
0 0.667850 0.431609 0.014491 0.006911
0 0.675842 0.439873 0.003020 0.002499
0 0.649868 0.931550 0.018700 0.007119
0 0.681702 0.939702 0.002936 0.002499
0 0.669027 0.931616 0.014072 0.006914
0 0.275739 0.931721 0.018543 0.006914
0 0.294888 0.931679 0.014374 0.006914
0 0.302884 0.939762 0.002936 0.002494