0 0.635310 0.403859 0.010064 0.004377
0 0.825555 0.514793 0.004731 0.004412
0 0.617967 0.622180 0.014838 0.005808
0 0.761550 0.432605 0.007312 0.004400
0 0.815580 0.572288 0.005378 0.004400
0 0.769030 0.572182 0.005571 0.004449
0 0.797377 0.473699 0.005827 0.004406
0 0.765305 0.378963 0.009599 0.004412
0 0.633586 0.553108 0.005571 0.004449
0 0.647922 0.629099 0.010685 0.005865
0 0.707362 0.553150 0.005573 0.004449
0 0.707807 0.406131 0.011016 0.004620
0 0.621774 0.477843 0.004733 0.004412
0 0.237687 0.553150 0.005573 0.004449
0 0.345891 0.564742 0.005430 0.004400
0 0.299418 0.564749 0.005573 0.004449
0 0.163910 0.553108 0.005571 0.004449
0 0.328558 0.483334 0.005825 0.004406
0 0.295664 0.420633 0.009599 0.004412
0 0.238182 0.435087 0.011016 0.004622
0 0.355880 0.514793 0.004731 0.004412
0 0.152178 0.485164 0.004731 0.004412
0 0.165679 0.417078 0.010064 0.004380
0 0.322228 0.613163 0.010522 0.005865
0 0.212445 0.621252 0.010524 0.005868
0 0.239621 0.368203 0.010522 0.005868
0 0.164175 0.368009 0.010522 0.005868
0 0.148291 0.622180 0.014838 0.005808
0 0.214536 0.670402 0.008648 0.005962
0 0.695694 0.669501 0.008648 0.005962
0 0.240106 0.770181 0.014812 0.008797
0 0.259842 0.770271 0.019466 0.008795
0 0.279893 0.770271 0.014785 0.008795
0 0.709810 0.770295 0.014812 0.008797
0 0.729461 0.770295 0.019418 0.008797
0 0.749693 0.770185 0.014812 0.008795