0 0.148301 0.625066 0.014818 0.005782
0 0.241622 0.453575 0.011223 0.004620
0 0.149934 0.487050 0.004775 0.004337
0 0.288543 0.487050 0.007137 0.004486
0 0.700874 0.448943 0.007858 0.004964
0 0.239398 0.666278 0.010973 0.005848
0 0.177435 0.409537 0.010087 0.004317
0 0.237649 0.556443 0.005585 0.004412
0 0.698366 0.344658 0.010574 0.004882
0 0.639671 0.530818 0.006204 0.004782
0 0.834064 0.441300 0.004739 0.004645
0 0.650449 0.610289 0.011888 0.006438
0 0.700666 0.405457 0.007856 0.004964
0 0.866956 0.506935 0.011221 0.006523
0 0.752098 0.508595 0.006113 0.005004
0 0.840101 0.577102 0.015092 0.006703
0 0.686159 0.530868 0.006204 0.004785
0 0.811304 0.391858 0.010683 0.004816
0 0.821800 0.508363 0.006204 0.004785
0 0.810176 0.584249 0.011221 0.006526
0 0.631044 0.473591 0.004739 0.004645
0 0.751913 0.405597 0.012031 0.005654
0 0.669390 0.448058 0.006381 0.004830
0 0.354188 0.518755 0.004777 0.004337
0 0.163908 0.556265 0.005612 0.004374
0 0.299434 0.580275 0.005585 0.004374
0 0.345902 0.580241 0.005428 0.004374
0 0.319003 0.487050 0.005730 0.004451
0 0.299175 0.450886 0.009605 0.004412
0 0.178246 0.632304 0.010552 0.005845
0 0.576230 0.352464 0.008894 0.004962
0 0.259910 0.770218 0.019555 0.008718
0 0.279852 0.770241 0.014908 0.008718
0 0.729484 0.770219 0.019291 0.008715
0 0.749475 0.770333 0.014691 0.008715