0 0.880520 0.508548 0.012533 0.004739
0 0.808660 0.442690 0.006077 0.004828
0 0.864746 0.434855 0.012551 0.004597
0 0.837346 0.410399 0.012501 0.004548
0 0.606368 0.403490 0.006333 0.004500
0 0.759101 0.529085 0.005984 0.004628
0 0.605523 0.474355 0.006194 0.004571
0 0.614798 0.539581 0.005747 0.004685
0 0.642294 0.451679 0.006313 0.004355
0 0.307438 0.524292 0.012599 0.004907
0 0.346138 0.622163 0.009375 0.004679
0 0.382064 0.617895 0.012849 0.004283
0 0.382953 0.624762 0.017520 0.004560
0 0.365014 0.548917 0.005817 0.004913
0 0.374451 0.483082 0.005948 0.004523
0 0.832895 0.528937 0.006000 0.004685
0 0.230497 0.432170 0.006285 0.004842
0 0.259478 0.418160 0.006460 0.004272
0 0.218974 0.358809 0.012456 0.004765
0 0.268718 0.331609 0.006264 0.004597
0 0.162408 0.394259 0.005811 0.004682
0 0.162424 0.468122 0.005908 0.004822
0 0.169237 0.572243 0.006285 0.004759
0 0.249864 0.563780 0.013792 0.004682
0 0.276858 0.592612 0.012390 0.004574
0 0.682415 0.451724 0.009480 0.004594
0 0.668049 0.539698 0.005845 0.004696
0 0.721792 0.447237 0.012337 0.004517
0 0.769225 0.401825 0.006442 0.004631
0 0.736452 0.748843 0.032202 0.011861
0 0.767043 0.749179 0.024004 0.011861
0 0.793887 0.749179 0.024397 0.011861
0 0.255125 0.756874 0.032204 0.012841
0 0.319275 0.756737 0.024397 0.011861
0 0.289813 0.757008 0.032206 0.012841