0 0.627839 0.640174 0.008336 0.004132
0 0.236812 0.763337 0.005545 0.004189
0 0.190099 0.763320 0.005545 0.004121
0 0.215372 0.687818 0.007040 0.003964
0 0.296724 0.681218 0.013250 0.004152
0 0.369107 0.667732 0.012009 0.004155
0 0.342985 0.625828 0.011745 0.004132
0 0.371443 0.625832 0.008447 0.004175
0 0.294620 0.808517 0.008447 0.004175
0 0.299938 0.622692 0.008447 0.004175
0 0.345640 0.690162 0.005630 0.004138
0 0.188752 0.715410 0.005628 0.004141
0 0.609866 0.763887 0.005543 0.004144
0 0.667753 0.756080 0.006629 0.004141
0 0.730935 0.744808 0.006855 0.003990
0 0.744558 0.664450 0.011956 0.004146
0 0.669775 0.681976 0.013268 0.004312
0 0.716024 0.628081 0.011753 0.004175
0 0.747404 0.801954 0.011854 0.004175
0 0.719302 0.803381 0.008444 0.004135
0 0.718679 0.690742 0.005612 0.004135
0 0.559396 0.718716 0.005614 0.004135
0 0.587056 0.688529 0.006939 0.003990
0 0.563161 0.763901 0.005545 0.004144
0 0.374372 0.801267 0.011872 0.004175
0 0.357892 0.744215 0.006839 0.004007
0 0.294709 0.755506 0.006641 0.004121
0 0.217773 0.150094 0.011898 0.004206
0 0.259943 0.264725 0.006675 0.004206
0 0.316696 0.202821 0.005654 0.004161
0 0.259967 0.204440 0.013244 0.004349
0 0.353601 0.269051 0.005573 0.004218
0 0.203432 0.252632 0.006784 0.004021
0 0.728148 0.243504 0.005569 0.004215
0 0.681062 0.243475 0.005569 0.004215
0 0.635583 0.246928 0.013367 0.004332
0 0.578665 0.309000 0.011850 0.004172
0 0.590414 0.237347 0.006663 0.004166
0 0.635025 0.314641 0.008507 0.004209
0 0.555891 0.207945 0.008614 0.004206
0 0.687607 0.172387 0.007131 0.004067
0 0.557277 0.127243 0.011902 0.004209
0 0.732316 0.196902 0.005676 0.004263
0 0.635802 0.157667 0.005660 0.004243
0 0.650567 0.130078 0.011858 0.004146
0 0.594070 0.145064 0.006770 0.004058
0 0.311721 0.269038 0.005573 0.004221
0 0.186687 0.305670 0.011840 0.004300
0 0.260017 0.305691 0.008408 0.004195
0 0.254435 0.142465 0.008539 0.004195
0 0.189207 0.148971 0.008408 0.004195
0 0.354773 0.196087 0.007068 0.004064
0 0.192432 0.179826 0.012122 0.004172
0 0.211543 0.196607 0.005654 0.004232
0 0.289696 0.429326 0.021600 0.008273
0 0.312079 0.429285 0.016220 0.007860
0 0.313356 0.437761 0.004632 0.003850
0 0.662668 0.429250 0.021475 0.008054
0 0.685009 0.429252 0.016454 0.007777
0 0.686263 0.437781 0.004681 0.003822
0 0.794660 0.660430 0.020173 0.006794
0 0.835788 0.767613 0.020151 0.006193
0 0.676539 0.929276 0.021678 0.007786
0 0.698845 0.929099 0.016260 0.007666
0 0.699650 0.937660 0.004806 0.003933
0 0.421809 0.660878 0.020262 0.006252
0 0.290125 0.929111 0.021580 0.008150
0 0.312443 0.929088 0.016420 0.007820
0 0.313333 0.937610 0.004691 0.004095