0 0.699497 0.937682 0.005160 0.004135
0 0.676156 0.928977 0.022309 0.008732
0 0.698303 0.929021 0.016974 0.008735
0 0.303530 0.929067 0.022309 0.008735
0 0.289918 0.429285 0.022307 0.008732
0 0.663097 0.429161 0.022309 0.008735
0 0.325880 0.929084 0.016974 0.008735
0 0.312152 0.429336 0.016974 0.008732
0 0.685354 0.429325 0.016974 0.008732
0 0.326560 0.937645 0.005160 0.004135
0 0.313395 0.437676 0.005162 0.004135
0 0.686226 0.437844 0.005162 0.004135
0 0.794585 0.160930 0.020220 0.006267
0 0.835881 0.268035 0.020522 0.006267
0 0.206978 0.822486 0.008442 0.004221
0 0.682474 0.743284 0.005529 0.004135
0 0.636909 0.738693 0.013294 0.004317
0 0.689050 0.672192 0.007014 0.004007
0 0.733763 0.696728 0.005636 0.004155
0 0.637224 0.657491 0.005636 0.004135
0 0.261120 0.622724 0.008366 0.004178
0 0.591727 0.737179 0.006637 0.004109
0 0.580019 0.808775 0.011749 0.004121
0 0.607595 0.802002 0.008449 0.004175
0 0.557316 0.669089 0.008346 0.004175
0 0.595450 0.644924 0.006810 0.004007
0 0.558638 0.627076 0.011751 0.004166
0 0.729580 0.743296 0.005567 0.004135
0 0.258603 0.713843 0.013421 0.004317
0 0.204107 0.715463 0.005664 0.004184
0 0.358467 0.709152 0.007088 0.004095
0 0.259960 0.775987 0.006637 0.004184
0 0.639998 0.629954 0.011944 0.004178
0 0.363049 0.783802 0.005569 0.004218
0 0.321424 0.712913 0.005664 0.004235
0 0.315847 0.783830 0.005569 0.004218
0 0.196528 0.772384 0.006774 0.004050
0 0.182753 0.678799 0.011979 0.004192
0 0.180295 0.822425 0.011930 0.004218
0 0.208719 0.663906 0.011880 0.004209
0 0.254435 0.142465 0.008539 0.004195
0 0.189207 0.148971 0.008408 0.004195
0 0.354773 0.196087 0.007068 0.004064
0 0.192432 0.179826 0.012122 0.004172
0 0.211543 0.196607 0.005654 0.004232
0 0.217773 0.150094 0.011898 0.004206
0 0.259943 0.264725 0.006675 0.004206
0 0.316696 0.202821 0.005654 0.004161
0 0.259967 0.204440 0.013244 0.004349
0 0.353601 0.269051 0.005573 0.004218
0 0.203432 0.252632 0.006784 0.004021
0 0.667749 0.255648 0.006641 0.004121
0 0.730933 0.244357 0.006839 0.004007
0 0.742147 0.167874 0.012007 0.004155
0 0.609853 0.263480 0.005545 0.004189
0 0.563139 0.263463 0.005545 0.004121
0 0.588412 0.187961 0.007040 0.003964
0 0.669764 0.181361 0.013250 0.004152
0 0.747413 0.301409 0.011872 0.004175
0 0.716026 0.125970 0.011745 0.004132
0 0.744483 0.125975 0.008447 0.004175
0 0.667660 0.308659 0.008444 0.004175
0 0.672978 0.122834 0.008447 0.004175
0 0.718680 0.190305 0.005630 0.004138
0 0.561792 0.215553 0.005628 0.004141
0 0.311721 0.269038 0.005573 0.004221
0 0.186687 0.305670 0.011840 0.004300
0 0.260017 0.305691 0.008408 0.004195