0 0.090249 0.468624 0.011471 0.005534
0 0.277370 0.524202 0.008533 0.005469
0 0.218930 0.526988 0.014209 0.005312
0 0.160542 0.520724 0.007459 0.005785
0 0.163679 0.597938 0.007512 0.005782
0 0.090809 0.497495 0.014618 0.005363
0 0.100145 0.642853 0.011469 0.005534
0 0.234875 0.487784 0.014300 0.005241
0 0.371619 0.516433 0.014074 0.005919
0 0.392114 0.528055 0.014137 0.005497
0 0.319664 0.524863 0.014209 0.005309
0 0.312713 0.600707 0.007155 0.005911
0 0.085873 0.539097 0.014608 0.005529
0 0.755766 0.545804 0.007066 0.005594
0 0.631817 0.464960 0.014935 0.005531
0 0.672195 0.544783 0.014578 0.005657
0 0.728365 0.475177 0.014783 0.005326
0 0.619859 0.588589 0.014507 0.005369
0 0.651743 0.588688 0.010981 0.005748
0 0.817438 0.463520 0.007667 0.005660
0 0.406243 0.563126 0.007155 0.005911
0 0.812137 0.539305 0.007687 0.006110
0 0.625639 0.530104 0.007066 0.005594
0 0.631543 0.395138 0.011823 0.006287
0 0.742141 0.583823 0.010983 0.005748
0 0.709491 0.546399 0.007066 0.005594
0 0.691045 0.473347 0.008799 0.005845
0 0.358221 0.600969 0.007157 0.005911
0 0.173013 0.643827 0.011471 0.005534
0 0.093575 0.597284 0.007155 0.005911
0 0.333750 0.642060 0.011473 0.005534
0 0.408377 0.599270 0.011471 0.005534
0 0.415830 0.529070 0.011471 0.005531
0 0.352676 0.515734 0.011292 0.005534
0 0.175103 0.469839 0.011471 0.005531
0 0.058349 0.529061 0.011052 0.005851
0 0.276016 0.764298 0.019482 0.008903
0 0.250704 0.764389 0.025853 0.009553
0 0.716802 0.742421 0.025855 0.009550
0 0.741877 0.742824 0.019482 0.008903