0 0.554519 0.761553 0.005384 0.003494
0 0.602666 0.709912 0.006883 0.003334
0 0.575571 0.710199 0.006468 0.003380
0 0.545861 0.702657 0.005344 0.003297
0 0.699144 0.702806 0.009571 0.003309
0 0.638688 0.700898 0.010570 0.003471
0 0.671382 0.707217 0.005472 0.003326
0 0.625523 0.661188 0.006746 0.003346
0 0.633905 0.749393 0.006307 0.003408
0 0.201111 0.706214 0.006466 0.003343
0 0.286747 0.806231 0.006772 0.003331
0 0.220549 0.683351 0.005382 0.003323
0 0.321769 0.709198 0.006992 0.003337
0 0.349371 0.701525 0.005481 0.003363
0 0.294680 0.695073 0.010621 0.003522
0 0.360065 0.755023 0.005402 0.003508
0 0.254669 0.769500 0.005505 0.003508
0 0.375864 0.807578 0.014521 0.003209
0 0.331830 0.290507 0.005396 0.003494
0 0.194734 0.218398 0.005362 0.003494
0 0.306779 0.225258 0.006498 0.003323
0 0.252589 0.290943 0.010627 0.003494
0 0.788677 0.175405 0.006929 0.003394
0 0.813299 0.297961 0.009472 0.003326
0 0.789907 0.300844 0.006879 0.003357
0 0.813471 0.302975 0.014554 0.003351
0 0.375769 0.802521 0.009510 0.003411
0 0.376229 0.686630 0.009597 0.003406
0 0.293572 0.658213 0.006798 0.003397
0 0.305770 0.763917 0.006329 0.003394
0 0.248326 0.701623 0.005472 0.003508
0 0.197950 0.668860 0.006772 0.003329
0 0.225571 0.768861 0.008797 0.003337
0 0.193065 0.768810 0.005404 0.003508
0 0.364391 0.655654 0.006051 0.003403
0 0.618699 0.798850 0.006768 0.003320
0 0.697848 0.796837 0.014632 0.003323
0 0.697787 0.791888 0.009500 0.003360
0 0.686846 0.749332 0.005495 0.003508
0 0.589768 0.761567 0.005388 0.003460
0 0.489141 0.208488 0.009633 0.003337
0 0.516363 0.175554 0.005404 0.003351
0 0.499164 0.271354 0.005412 0.003494
0 0.547374 0.298700 0.007022 0.003408
0 0.579322 0.208333 0.006841 0.003340
0 0.567077 0.167301 0.007022 0.003408
0 0.583958 0.281864 0.005414 0.003494
0 0.643077 0.211479 0.005460 0.003095
0 0.623068 0.281887 0.005523 0.003494
0 0.790014 0.208923 0.005460 0.003351
0 0.814351 0.190737 0.009633 0.003337
0 0.678613 0.286909 0.007082 0.003411
0 0.692972 0.205626 0.006488 0.003351
0 0.801647 0.249902 0.005539 0.003497
0 0.740398 0.191528 0.010746 0.003511
0 0.744480 0.271439 0.006297 0.003380
0 0.177055 0.180809 0.006800 0.003351
0 0.245041 0.146845 0.009591 0.003380
0 0.208978 0.152881 0.005364 0.003494
0 0.202616 0.275665 0.006297 0.003340
0 0.177552 0.139600 0.014181 0.003326
0 0.177592 0.134585 0.009522 0.003323
0 0.227093 0.332789 0.006800 0.003354
0 0.248566 0.203666 0.005374 0.003354
0 0.270421 0.198559 0.005513 0.003394
0 0.355025 0.208017 0.005364 0.003494
0 0.275612 0.431805 0.018956 0.006894
0 0.294737 0.431604 0.014798 0.007125
0 0.648584 0.431743 0.018956 0.006894
0 0.667734 0.431580 0.014562 0.006894
0 0.275765 0.931651 0.018956 0.006894
0 0.294981 0.931458 0.014511 0.006894
0 0.648704 0.931683 0.018956 0.006894
0 0.667843 0.931543 0.014626 0.006894
0 0.675882 0.939641 0.003264 0.002793
0 0.302964 0.939675 0.003264 0.002793
0 0.302740 0.439726 0.003264 0.002793
0 0.675809 0.439976 0.003264 0.002796
0 0.782243 0.791733 0.009925 0.003710
0 0.782306 0.796633 0.014755 0.003713
0 0.771385 0.751634 0.005728 0.003998
0 0.783266 0.707147 0.009813 0.003602