0 0.351914 0.447762 0.006528 0.002737
0 0.281527 0.462839 0.005779 0.003660
0 0.310860 0.495083 0.005763 0.003649
0 0.337375 0.528744 0.014918 0.003771
0 0.334723 0.596615 0.011594 0.003806
0 0.180369 0.398444 0.009236 0.002828
0 0.430091 0.696606 0.025215 0.010408
0 0.402337 0.708637 0.008608 0.006021
0 0.323756 0.446337 0.002559 0.003592
0 0.716895 0.531669 0.006669 0.002996
0 0.804612 0.486609 0.012243 0.003954
0 0.744667 0.406026 0.002789 0.003848
0 0.842516 0.548901 0.005624 0.004136
0 0.930494 0.696619 0.025243 0.010319
0 0.902207 0.708686 0.008594 0.006095
0 0.301439 0.376200 0.008922 0.002788
0 0.837296 0.601646 0.011670 0.004045
0 0.756121 0.367476 0.006669 0.002996
0 0.793847 0.406082 0.005781 0.003988
0 0.767525 0.465804 0.008799 0.004054
0 0.716864 0.488873 0.002762 0.003937
0 0.167399 0.455587 0.005783 0.003677
0 0.229292 0.481635 0.005571 0.003806
0 0.254276 0.384477 0.014983 0.003737