0 0.625358 0.252380 0.030780 0.016745
0 0.366462 0.734798 0.030780 0.016745
0 0.312183 0.479223 0.020969 0.016742
0 0.312620 0.497751 0.020969 0.016745
0 0.517648 0.284806 0.021283 0.017292
0 0.496414 0.412875 0.020679 0.017289
0 0.496693 0.394243 0.020679 0.017289
0 0.296649 0.611679 0.020355 0.016745
0 0.552234 0.611974 0.020353 0.016742
0 0.639034 0.612340 0.020353 0.016745
0 0.628000 0.342061 0.020619 0.016745
0 0.311004 0.352853 0.020619 0.016745
0 0.443047 0.573729 0.020621 0.016745
0 0.362970 0.254327 0.030780 0.016745
0 0.356998 0.848713 0.018666 0.016440
0 0.418449 0.849205 0.018666 0.016442
0 0.474266 0.848954 0.018666 0.016442
0 0.541352 0.848575 0.028882 0.016705
0 0.606323 0.848954 0.028882 0.016705
0 0.517267 0.266127 0.036109 0.017289