0 0.775057 0.336095 0.009651 0.007212
0 0.777311 0.924611 0.022533 0.015773
0 0.830457 0.924776 0.014681 0.016422
0 0.739633 0.924738 0.044957 0.016277
0 0.719563 0.353012 0.009418 0.007648
0 0.734329 0.352831 0.014880 0.007366
0 0.751728 0.352910 0.014284 0.007446
0 0.208436 0.516257 0.012347 0.006990
0 0.769098 0.352891 0.015392 0.007406
0 0.822335 0.352930 0.009873 0.007298
0 0.722271 0.336058 0.015136 0.007149
0 0.699484 0.336092 0.008825 0.007269
0 0.722257 0.319327 0.015112 0.007628
0 0.742108 0.319481 0.020093 0.007457
0 0.730201 0.302517 0.014894 0.007662
0 0.724816 0.285745 0.019726 0.007471
0 0.747216 0.285667 0.020208 0.007155
0 0.727259 0.251880 0.025067 0.007471
0 0.756885 0.252118 0.014914 0.007389
0 0.719639 0.235168 0.009772 0.007269
0 0.739625 0.235172 0.025694 0.007289
0 0.763562 0.235172 0.014519 0.007489
0 0.783425 0.235124 0.019915 0.007489
0 0.800939 0.235247 0.010167 0.007534
0 0.818818 0.243793 0.015424 0.007289
0 0.835861 0.243719 0.014693 0.007340
0 0.827411 0.218344 0.011823 0.007389
0 0.756140 0.218331 0.015436 0.007882
0 0.724832 0.268687 0.019726 0.007471
0 0.747394 0.268689 0.020208 0.007155
0 0.698688 0.924515 0.029293 0.016066
0 0.699541 0.218285 0.011985 0.007306
0 0.420355 0.508717 0.011880 0.007480
0 0.783345 0.319327 0.010107 0.007355