0 0.704709 0.448692 0.008780 0.004133
0 0.782004 0.357925 0.007023 0.004059
0 0.775849 0.417241 0.005743 0.004213
0 0.783801 0.499084 0.005755 0.004045
0 0.697425 0.516334 0.013451 0.004253
0 0.315093 0.630073 0.008553 0.004188
0 0.786821 0.655714 0.008571 0.004216
0 0.820917 0.662172 0.012215 0.004185
0 0.660959 0.615123 0.011788 0.004168
0 0.800805 0.581549 0.006896 0.004045
0 0.815747 0.488241 0.011905 0.004259
0 0.190862 0.592373 0.012330 0.004188
0 0.253081 0.578193 0.006743 0.004168
0 0.312502 0.361757 0.007103 0.004125
0 0.328168 0.563290 0.006870 0.004025
0 0.654763 0.569293 0.008571 0.004225
0 0.348201 0.630420 0.011871 0.004170
0 0.343252 0.460616 0.011899 0.004151
0 0.309305 0.421475 0.005757 0.004165
0 0.234966 0.344534 0.005819 0.004113
0 0.234956 0.418597 0.005896 0.004168
0 0.313478 0.485057 0.005735 0.004042
0 0.203967 0.495355 0.013473 0.004205
0 0.720135 0.591139 0.006720 0.004222
0 0.190107 0.539905 0.008527 0.004170
0 0.704209 0.311300 0.005757 0.004173
0 0.703691 0.391462 0.005805 0.004219
0 0.344564 0.294635 0.009119 0.003472
0 0.816307 0.293153 0.009353 0.003922
0 0.258344 0.749044 0.026327 0.009233
0 0.283974 0.749545 0.021006 0.009233
0 0.727514 0.757042 0.026327 0.009233
0 0.753439 0.757038 0.019952 0.009230