0 0.260133 0.273720 0.006045 0.002275
0 0.306683 0.731209 0.006746 0.002303
0 0.260133 0.773720 0.006045 0.002275
0 0.212108 0.758257 0.005843 0.002437
0 0.210351 0.677684 0.005170 0.002443
0 0.247784 0.663767 0.006077 0.002318
0 0.279832 0.684342 0.006756 0.002412
0 0.300124 0.679266 0.006921 0.002403
0 0.409178 0.872576 0.018719 0.007836
0 0.340213 0.679568 0.004165 0.002318
0 0.388580 0.881373 0.006309 0.004501
0 0.233400 0.727605 0.006164 0.002281
0 0.577247 0.702862 0.007042 0.002406
0 0.574889 0.728596 0.006704 0.002403
0 0.581402 0.761217 0.008394 0.002446
0 0.644168 0.675058 0.006829 0.002392
0 0.772212 0.892912 0.009724 0.007956
0 0.797002 0.892859 0.015023 0.007982
0 0.768752 0.901763 0.006466 0.004575
0 0.622827 0.796899 0.006810 0.002491
0 0.640279 0.740640 0.008477 0.002403
0 0.646610 0.705234 0.008594 0.002406
0 0.617536 0.688074 0.006875 0.002357
0 0.210351 0.177684 0.005170 0.002443
0 0.247784 0.163767 0.006077 0.002318
0 0.279832 0.184342 0.006756 0.002412
0 0.300124 0.179266 0.006921 0.002403
0 0.409178 0.372576 0.018719 0.007836
0 0.340213 0.179568 0.004165 0.002318
0 0.388580 0.381373 0.006309 0.004501
0 0.233400 0.227605 0.006164 0.002281
0 0.670785 0.155398 0.004205 0.002357
0 0.774056 0.392923 0.018719 0.007836
0 0.606179 0.318610 0.006764 0.002409
0 0.640483 0.190245 0.006913 0.002315
0 0.601997 0.214203 0.006806 0.002289
0 0.626801 0.252020 0.006043 0.002340
0 0.752747 0.401880 0.006309 0.004501
0 0.708586 0.262678 0.006859 0.002409
0 0.562613 0.258496 0.006802 0.002323
0 0.561357 0.276344 0.004205 0.002357
0 0.306683 0.231209 0.006746 0.002303
0 0.212108 0.258257 0.005843 0.002437