0 0.523784 0.338211 0.022450 0.012728
0 0.354028 0.312548 0.022450 0.012725
0 0.332718 0.499025 0.022450 0.012725
0 0.356610 0.401775 0.014739 0.012335
0 0.434472 0.332705 0.015831 0.012184
0 0.434300 0.346140 0.015833 0.012184
0 0.514793 0.427132 0.015668 0.012662
0 0.398702 0.574162 0.014741 0.012332
0 0.598508 0.579963 0.014739 0.012332
0 0.615164 0.488084 0.015249 0.012332
0 0.500547 0.559956 0.015251 0.012335
0 0.509327 0.681437 0.022450 0.012725
0 0.393853 0.658769 0.022450 0.012725
0 0.514583 0.413566 0.025519 0.012662