0 0.230330 0.712183 0.006508 0.003357
0 0.341671 0.751871 0.005394 0.003537
0 0.330683 0.672854 0.008890 0.003354
0 0.209386 0.771639 0.005394 0.003522
0 0.332703 0.707214 0.005470 0.003343
0 0.681462 0.292157 0.007010 0.003340
0 0.692760 0.204788 0.006488 0.003351
0 0.482398 0.169875 0.006766 0.003374
0 0.201111 0.206357 0.006466 0.003343
0 0.286747 0.306374 0.006772 0.003331
0 0.549320 0.298700 0.007058 0.003408
0 0.749120 0.260328 0.006297 0.003380
0 0.813505 0.298146 0.009541 0.003411
0 0.813700 0.303089 0.014513 0.003351
0 0.768701 0.302237 0.006913 0.003465
0 0.491009 0.206510 0.009269 0.003428
0 0.553818 0.201419 0.006806 0.003386
0 0.500309 0.260274 0.005414 0.003551
0 0.579142 0.209057 0.006839 0.003397
0 0.569079 0.167784 0.007020 0.003411
0 0.584060 0.264818 0.005412 0.003554
0 0.220549 0.183494 0.005382 0.003323
0 0.321769 0.209340 0.006992 0.003337
0 0.349371 0.201667 0.005481 0.003363
0 0.294680 0.195215 0.010621 0.003522
0 0.360065 0.255165 0.005402 0.003508
0 0.254669 0.269642 0.005505 0.003508
0 0.375864 0.307720 0.014521 0.003209
0 0.375769 0.302663 0.009510 0.003411
0 0.376229 0.186773 0.009597 0.003406
0 0.293572 0.158356 0.006798 0.003397
0 0.305770 0.264060 0.006329 0.003394
0 0.248326 0.201765 0.005472 0.003508
0 0.197950 0.169003 0.006772 0.003329
0 0.225571 0.269004 0.008797 0.003337
0 0.193065 0.268953 0.005404 0.003508
0 0.364391 0.155797 0.006051 0.003403
0 0.511144 0.174957 0.005404 0.003354
0 0.603935 0.301968 0.006786 0.003377
0 0.740035 0.162955 0.006792 0.003237
0 0.623485 0.264803 0.005523 0.003497
0 0.790014 0.208923 0.005460 0.003351
0 0.555956 0.261052 0.006810 0.003391
0 0.501190 0.308649 0.006825 0.003368
0 0.802256 0.260262 0.005487 0.003494
0 0.742584 0.208146 0.010746 0.003508
0 0.647375 0.208936 0.005501 0.003354
0 0.813277 0.203522 0.009633 0.003443
0 0.725658 0.710913 0.005380 0.003377
0 0.571999 0.697994 0.009563 0.003351
0 0.596933 0.690750 0.008886 0.003294
0 0.589595 0.712331 0.005315 0.003380
0 0.584854 0.752739 0.005392 0.003511
0 0.683521 0.781421 0.005475 0.003514
0 0.718544 0.781445 0.005382 0.003448
0 0.642456 0.768435 0.006278 0.003374
0 0.576258 0.792881 0.009486 0.003357
0 0.576249 0.797984 0.014493 0.003337
0 0.600845 0.798273 0.006784 0.003380
0 0.669237 0.673646 0.006941 0.003292
0 0.636772 0.696928 0.010594 0.003534
0 0.699209 0.716569 0.006486 0.003351
0 0.671676 0.717296 0.006927 0.003334
0 0.202074 0.705925 0.005354 0.003323
0 0.354537 0.690731 0.009593 0.003394
0 0.244604 0.771653 0.005485 0.003522
0 0.292251 0.701059 0.010623 0.003508
0 0.289584 0.769571 0.006317 0.003394
0 0.352681 0.797002 0.014509 0.003289
0 0.352664 0.792023 0.009502 0.003351
0 0.327856 0.796995 0.006871 0.003326
0 0.258720 0.664047 0.006760 0.003380
0 0.257857 0.708504 0.006917 0.003363
0 0.275580 0.431780 0.018938 0.007287
0 0.295014 0.431774 0.014163 0.007287
0 0.648744 0.431660 0.018938 0.007287
0 0.667685 0.431660 0.014660 0.007287
0 0.275695 0.931738 0.018938 0.007290
0 0.294861 0.931649 0.014751 0.007287
0 0.648824 0.931590 0.018938 0.007290
0 0.667844 0.931590 0.014665 0.007290
0 0.675794 0.939788 0.003399 0.002499
0 0.302884 0.939791 0.003399 0.002499
0 0.302761 0.439858 0.003399 0.002502
0 0.675741 0.439783 0.003399 0.002502
0 0.127285 0.771736 0.005567 0.003921
0 0.119173 0.705744 0.005821 0.003958
0 0.437090 0.791965 0.010204 0.003816
0 0.437316 0.796821 0.014669 0.003907
0 0.427583 0.751891 0.005640 0.003713
0 0.437312 0.690762 0.010147 0.004055