0 0.315705 0.558631 0.005350 0.004169
0 0.233127 0.562018 0.004602 0.004258
0 0.146931 0.407836 0.002527 0.004346
0 0.431523 0.369081 0.007342 0.003685
0 0.431654 0.372848 0.007580 0.003702
0 0.178305 0.460953 0.004679 0.004238
0 0.421058 0.360318 0.017985 0.004203
0 0.386516 0.399027 0.009345 0.004238
0 0.421196 0.408984 0.009778 0.004340
0 0.396315 0.462240 0.004735 0.004172
0 0.401588 0.534618 0.004602 0.004238
0 0.425872 0.612437 0.009698 0.004275
0 0.802267 0.445959 0.005275 0.004172
0 0.802462 0.527189 0.010570 0.003998
0 0.254549 0.437170 0.004431 0.004269
0 0.320271 0.449970 0.010838 0.004266
0 0.759885 0.576059 0.009313 0.004132
0 0.748867 0.527152 0.004519 0.004186
0 0.610994 0.380299 0.007139 0.004092
0 0.599761 0.517442 0.009742 0.004272
0 0.609007 0.458796 0.004417 0.004146
0 0.640868 0.522290 0.004626 0.004169
0 0.694329 0.527082 0.004491 0.004246
0 0.641402 0.594725 0.002301 0.004127
0 0.678708 0.450064 0.004348 0.004363
0 0.727192 0.450037 0.004443 0.004366
0 0.778872 0.383249 0.009313 0.004206
0 0.818791 0.373565 0.018001 0.004520
0 0.818726 0.383306 0.009480 0.003995
0 0.180678 0.562033 0.004459 0.004295
0 0.218128 0.453584 0.004602 0.004255
0 0.825508 0.390492 0.007352 0.003953
0 0.825551 0.394312 0.007536 0.003562
0 0.386242 0.612428 0.007161 0.004269
0 0.247067 0.754527 0.018878 0.008535
0 0.266481 0.754550 0.014368 0.008535
0 0.270429 0.766213 0.004578 0.004024
0 0.729135 0.754523 0.018878 0.008532
0 0.748462 0.754658 0.014421 0.008535
0 0.732654 0.766203 0.004489 0.004329