0 0.667579 0.619521 0.011889 0.008495
0 0.477898 0.619609 0.011889 0.008495
0 0.500112 0.475995 0.011911 0.008831
0 0.641672 0.375200 0.029496 0.006784
0 0.569403 0.619614 0.012421 0.008612
0 0.457842 0.525084 0.012842 0.008555
0 0.688028 0.529175 0.025602 0.008697
0 0.681768 0.459694 0.011913 0.008549
0 0.554035 0.444909 0.028853 0.008586
0 0.636059 0.462742 0.011889 0.008495
0 0.643918 0.346948 0.025307 0.008612
0 0.588002 0.380805 0.017972 0.008572
0 0.433664 0.375234 0.011572 0.005998
0 0.393225 0.448207 0.024507 0.009002
0 0.775704 0.904585 0.037948 0.016656
0 0.724407 0.904552 0.049016 0.016853