0 0.211543 0.696465 0.005654 0.004232
0 0.192432 0.679684 0.012122 0.004172
0 0.354773 0.695945 0.007068 0.004064
0 0.189207 0.648829 0.008408 0.004195
0 0.254435 0.642323 0.008539 0.004195
0 0.638929 0.792509 0.012063 0.004232
0 0.186687 0.805527 0.011840 0.004300
0 0.311721 0.768896 0.005573 0.004221
0 0.691309 0.619481 0.008565 0.004298
0 0.623876 0.648977 0.013308 0.004406
0 0.598340 0.813817 0.006851 0.004260
0 0.669243 0.657481 0.005644 0.004178
0 0.707127 0.656921 0.005646 0.004175
0 0.679408 0.734986 0.007060 0.004249
0 0.260017 0.805549 0.008408 0.004195
0 0.559595 0.843093 0.011823 0.004278
0 0.560184 0.605007 0.011870 0.004258
0 0.593999 0.605715 0.008521 0.004243
0 0.540147 0.692642 0.008575 0.004263
0 0.591112 0.757858 0.008858 0.004289
0 0.559135 0.762548 0.008549 0.004229
0 0.583458 0.683289 0.006919 0.004155
0 0.637536 0.824759 0.005654 0.004303
0 0.645003 0.734563 0.005747 0.004246
0 0.203432 0.752489 0.006784 0.004021
0 0.353601 0.768909 0.005573 0.004218
0 0.316696 0.702679 0.005654 0.004161
0 0.259967 0.704298 0.013244 0.004349
0 0.320833 0.195688 0.005628 0.004166
0 0.262763 0.201741 0.013292 0.004246
0 0.301956 0.153954 0.008459 0.004192
0 0.218030 0.302686 0.008372 0.004129
0 0.189462 0.302947 0.011848 0.004144
0 0.206225 0.249902 0.006833 0.003970
0 0.262672 0.262049 0.006649 0.004149
0 0.341982 0.265040 0.005535 0.004192
0 0.357590 0.193361 0.007040 0.004021
0 0.220546 0.147392 0.011735 0.004149
0 0.194170 0.169981 0.012063 0.004146
0 0.744558 0.164592 0.011956 0.004146
0 0.587056 0.188672 0.006939 0.003990
0 0.563161 0.264044 0.005545 0.004144
0 0.609866 0.264030 0.005543 0.004144
0 0.667753 0.256223 0.006629 0.004141
0 0.730935 0.244950 0.006855 0.003990
0 0.669775 0.182119 0.013268 0.004312
0 0.716024 0.128223 0.011753 0.004175
0 0.747404 0.302096 0.011854 0.004175
0 0.719302 0.303524 0.008444 0.004135
0 0.627839 0.140316 0.008336 0.004132
0 0.718679 0.190885 0.005612 0.004135
0 0.559396 0.218859 0.005614 0.004135
0 0.214268 0.193840 0.005626 0.004135
0 0.259943 0.764583 0.006675 0.004206
0 0.217773 0.649952 0.011898 0.004206
0 0.794747 0.160888 0.020141 0.005868
0 0.835848 0.267830 0.020139 0.005868
0 0.303529 0.429222 0.021715 0.008173
0 0.325904 0.429347 0.016659 0.008173
0 0.326612 0.437737 0.004685 0.003807
0 0.676426 0.429464 0.021713 0.008173
0 0.699633 0.437880 0.004562 0.003579
0 0.698865 0.429399 0.016778 0.008173
0 0.661349 0.944620 0.021715 0.008173
0 0.683797 0.944778 0.016649 0.008176
0 0.289631 0.929192 0.021713 0.008176
0 0.312010 0.929137 0.016520 0.008173
0 0.313216 0.937710 0.004759 0.003634