0 0.427881 0.342115 0.008751 0.006737
0 0.429137 0.503934 0.015569 0.006825
0 0.512089 0.592676 0.008342 0.006726
0 0.359289 0.685959 0.022631 0.008988
0 0.405423 0.697307 0.016190 0.009028
0 0.534223 0.455700 0.017187 0.006982
0 0.354966 0.460341 0.007103 0.006797
0 0.525421 0.336119 0.008207 0.006691
0 0.387162 0.592344 0.008336 0.006689
0 0.438555 0.456369 0.011142 0.006783
0 0.461840 0.931891 0.029958 0.013140
0 0.492649 0.931767 0.022609 0.013103
0 0.525343 0.234350 0.008582 0.006928
0 0.426362 0.217904 0.007264 0.004859
0 0.320235 0.350835 0.013490 0.007307
0 0.489911 0.947653 0.009285 0.008330