0 0.700160 0.745968 0.025785 0.008589
0 0.726995 0.745969 0.019788 0.008381
0 0.694151 0.387643 0.006504 0.004390
0 0.762501 0.411290 0.006145 0.004507
0 0.788829 0.354210 0.013145 0.004561
0 0.278360 0.757387 0.005968 0.004917
0 0.244449 0.535644 0.007520 0.005872
0 0.714082 0.553384 0.007278 0.005393
0 0.737890 0.757382 0.006282 0.005516
0 0.627403 0.474316 0.013621 0.005245
0 0.626072 0.601628 0.013381 0.004966
0 0.763530 0.553525 0.007052 0.004598
0 0.696726 0.467175 0.013560 0.004989
0 0.642142 0.528483 0.006266 0.004629
0 0.762432 0.481029 0.006428 0.005217
0 0.201330 0.601777 0.009833 0.004809
0 0.166400 0.601796 0.013240 0.005131
0 0.657527 0.601747 0.009670 0.004578
0 0.234476 0.387479 0.006651 0.004718
0 0.334836 0.465378 0.009708 0.004564
0 0.240741 0.745713 0.026557 0.009099
0 0.329025 0.354086 0.013439 0.004809
0 0.302821 0.411360 0.006528 0.005331
0 0.268309 0.387553 0.006722 0.004769
0 0.286903 0.553578 0.007092 0.004875
0 0.281100 0.601750 0.010357 0.004926
0 0.267256 0.745631 0.020064 0.009051
0 0.167782 0.474416 0.013500 0.004875
0 0.237166 0.467102 0.013558 0.005128
0 0.182474 0.528509 0.006480 0.004726
0 0.302831 0.481243 0.006468 0.005131
0 0.727972 0.387605 0.006559 0.004390