0 0.324201 0.414848 0.019375 0.009735
0 0.628614 0.520289 0.012110 0.009516
0 0.367970 0.471996 0.012640 0.008763
0 0.356019 0.559370 0.013363 0.008931
0 0.327647 0.651176 0.025730 0.009601
0 0.376010 0.387288 0.026262 0.009516
0 0.436802 0.455033 0.029035 0.009216
0 0.458697 0.602029 0.012893 0.009216
0 0.592036 0.468283 0.012982 0.008512
0 0.619598 0.602154 0.012067 0.008532
0 0.521182 0.400626 0.018559 0.008797
0 0.524035 0.468728 0.019140 0.009447
0 0.549072 0.601891 0.012482 0.008655
0 0.369787 0.651181 0.018177 0.008763