0 0.224572 0.411700 0.007411 0.004068
0 0.141858 0.487024 0.006105 0.004065
0 0.226950 0.488721 0.006111 0.003891
0 0.436519 0.755688 0.023963 0.009165
0 0.773083 0.479247 0.004820 0.004065
0 0.731567 0.476276 0.004528 0.003914
0 0.687912 0.488964 0.006111 0.003891
0 0.752423 0.628499 0.007409 0.004068
0 0.757152 0.581793 0.004528 0.003917
0 0.671061 0.563352 0.005547 0.003991
0 0.896120 0.755688 0.023963 0.009165
0 0.920029 0.755674 0.017810 0.009467
0 0.213178 0.567973 0.005545 0.003991
0 0.588379 0.628472 0.007284 0.004065
0 0.630588 0.500419 0.004820 0.004065
0 0.592134 0.578629 0.004525 0.003917
0 0.675235 0.628625 0.007286 0.004068
0 0.170987 0.500419 0.004820 0.004065
0 0.137844 0.578723 0.004525 0.003917
0 0.297268 0.567965 0.004525 0.003917
0 0.271966 0.476277 0.004528 0.003917
0 0.313484 0.479247 0.004820 0.004065
0 0.139694 0.628610 0.007286 0.004068
0 0.215634 0.628625 0.007286 0.004068
0 0.281566 0.625694 0.007411 0.004068
0 0.318783 0.389354 0.004828 0.003275
0 0.323996 0.389299 0.004800 0.003101
0 0.108763 0.388603 0.002301 0.004036
0 0.104520 0.442362 0.002363 0.004045
0 0.100490 0.468395 0.007524 0.004259
0 0.109037 0.468271 0.006992 0.003538
0 0.147882 0.454709 0.002301 0.004036
0 0.167072 0.447548 0.002301 0.004036
0 0.568595 0.426641 0.002444 0.004131
0 0.546515 0.446843 0.002444 0.004131
0 0.603413 0.487119 0.002446 0.004131
0 0.564135 0.480912 0.001652 0.002828
0 0.560084 0.507328 0.007538 0.004159
0 0.568676 0.507295 0.007036 0.003369
0 0.778262 0.381906 0.004830 0.003235
0 0.783654 0.381826 0.004830 0.003235
0 0.938263 0.765761 0.005763 0.005194