0 0.520052 0.828338 0.040185 0.014441
0 0.561336 0.828501 0.030685 0.014265
0 0.639053 0.375676 0.025441 0.008546
0 0.674060 0.438120 0.025339 0.008885
0 0.638413 0.439038 0.012013 0.008937
0 0.405347 0.358503 0.014796 0.008575
0 0.454706 0.340914 0.011753 0.008857
0 0.363716 0.535590 0.011753 0.008854
0 0.436272 0.535453 0.011753 0.008854
0 0.647971 0.520606 0.011753 0.008857
0 0.531656 0.517798 0.014210 0.009005
0 0.542755 0.342641 0.028376 0.008925
0 0.347544 0.397037 0.012013 0.008937
0 0.634139 0.286522 0.024264 0.008957
0 0.680624 0.262450 0.027225 0.008937