0 0.179269 0.553104 0.013400 0.007212
0 0.739334 0.497648 0.011667 0.007480
0 0.267549 0.495219 0.011588 0.007332
0 0.267970 0.605589 0.015306 0.007323
0 0.310576 0.802963 0.024998 0.011827
0 0.276888 0.802962 0.032801 0.011773
0 0.273325 0.367444 0.023192 0.007414
0 0.344589 0.365194 0.020943 0.007343
0 0.335325 0.422439 0.009873 0.007335
0 0.336365 0.494913 0.009756 0.007215
0 0.187892 0.432256 0.009871 0.007335
0 0.216426 0.396997 0.012255 0.007215
0 0.760888 0.802859 0.032715 0.011938
0 0.667338 0.330403 0.020069 0.007215
0 0.794729 0.803107 0.024911 0.011944
0 0.616529 0.575513 0.020111 0.007212
0 0.755982 0.632879 0.015258 0.007258
0 0.646649 0.482972 0.009686 0.007226
0 0.809288 0.517088 0.009688 0.007226
0 0.846683 0.364956 0.012173 0.007095
0 0.627279 0.336260 0.020766 0.007292
0 0.628012 0.391183 0.020768 0.007252
0 0.660011 0.386839 0.009800 0.007286
0 0.874080 0.417745 0.009800 0.007286
0 0.802206 0.408133 0.015081 0.007252
0 0.198271 0.494952 0.009754 0.007212
0 0.739823 0.374374 0.023293 0.007346
0 0.804180 0.329580 0.021040 0.007318
0 0.860764 0.517252 0.009686 0.007229