0 0.807314 0.548382 0.005106 0.003355
0 0.851400 0.548368 0.002394 0.003161
0 0.883593 0.546397 0.007499 0.003466
0 0.831247 0.489178 0.010397 0.003464
0 0.787756 0.491491 0.007502 0.003518
0 0.438174 0.736230 0.009909 0.007215
0 0.734630 0.491438 0.002394 0.003161
0 0.724284 0.438120 0.007661 0.003258
0 0.917860 0.736156 0.009897 0.007215
0 0.257317 0.547573 0.006341 0.004575
0 0.259105 0.492040 0.003055 0.004353
0 0.226891 0.485532 0.007592 0.003355
0 0.293937 0.435353 0.009986 0.004430
0 0.452778 0.722563 0.033550 0.012241
0 0.938800 0.722426 0.039269 0.012377
0 0.750108 0.548412 0.004810 0.003352
0 0.675669 0.548404 0.005015 0.003387