0 0.613936 0.734721 0.010701 0.003341
0 0.700929 0.726541 0.004556 0.003213
0 0.724583 0.707125 0.009452 0.003298
0 0.328579 0.794032 0.004620 0.003344
0 0.276133 0.672360 0.010693 0.003324
0 0.700154 0.628595 0.005642 0.003278
0 0.222713 0.821755 0.006801 0.003270
0 0.196390 0.821954 0.009434 0.003270
0 0.378372 0.736867 0.004570 0.003284
0 0.215126 0.766103 0.005471 0.003158
0 0.225037 0.700922 0.004564 0.003281
0 0.230234 0.651173 0.009768 0.003372
0 0.203025 0.682882 0.009379 0.003375
0 0.371158 0.794048 0.004586 0.003369
0 0.309648 0.664508 0.006779 0.003230
0 0.652951 0.800527 0.005354 0.003312
0 0.638554 0.673747 0.004683 0.003310
0 0.638561 0.614912 0.004624 0.003267
0 0.697614 0.676032 0.004574 0.003307
0 0.344418 0.707831 0.005563 0.003198
0 0.728512 0.842017 0.009430 0.003310
0 0.702212 0.841740 0.006795 0.003327
0 0.712599 0.788689 0.005457 0.003198
0 0.274973 0.785093 0.005398 0.003310
0 0.603524 0.811792 0.009794 0.003327
0 0.602926 0.770111 0.006771 0.003312
0 0.275020 0.193097 0.010730 0.003355
0 0.274968 0.279685 0.005428 0.003355
0 0.202996 0.190383 0.009407 0.003355
0 0.215107 0.266099 0.005469 0.003207
0 0.284724 0.147194 0.006799 0.003401
0 0.230280 0.151202 0.009776 0.003275
0 0.202259 0.151183 0.006904 0.003381
0 0.371160 0.283515 0.004602 0.003312
0 0.225012 0.200986 0.004533 0.003295
0 0.328597 0.283529 0.004644 0.003341
0 0.670856 0.341782 0.006892 0.003324
0 0.604791 0.311720 0.009615 0.003498
0 0.645374 0.114917 0.004596 0.003352
0 0.724620 0.207141 0.009538 0.003352
0 0.700935 0.226581 0.004564 0.003275
0 0.697609 0.176089 0.004483 0.003290
0 0.700177 0.128649 0.005636 0.003227
0 0.645383 0.173774 0.004554 0.003312
0 0.712650 0.288726 0.005477 0.003181
0 0.652980 0.295453 0.005356 0.003341
0 0.728554 0.342038 0.009387 0.003352
0 0.600106 0.243854 0.006924 0.003324
0 0.378357 0.236874 0.004519 0.003355
0 0.344431 0.207838 0.005580 0.003184
0 0.291071 0.321735 0.006787 0.003367
0 0.196374 0.321860 0.009349 0.003315
0 0.725357 0.575554 0.006855 0.003275
0 0.656955 0.436656 0.020538 0.006961
0 0.677656 0.436434 0.015904 0.006733
0 0.283133 0.436628 0.020538 0.006961
0 0.303877 0.436377 0.015507 0.006961
0 0.283103 0.936485 0.020538 0.006961
0 0.303759 0.936485 0.015864 0.006961
0 0.656977 0.936434 0.020538 0.006961
0 0.677600 0.936525 0.016055 0.006961
0 0.377421 0.670469 0.006855 0.003275
0 0.377277 0.170440 0.006857 0.003275
0 0.725266 0.075546 0.006855 0.003275