0 0.220491 0.451444 0.003202 0.004969
0 0.290524 0.451475 0.010324 0.005111
0 0.727624 0.459088 0.004848 0.006859
0 0.797134 0.473649 0.009754 0.007035
0 0.932444 0.722299 0.044767 0.012808
0 0.917929 0.736150 0.009921 0.007050
0 0.253707 0.504719 0.006935 0.004895
0 0.461931 0.722437 0.045196 0.012828
0 0.438249 0.736192 0.009881 0.007320
0 0.256197 0.560892 0.010318 0.004875
0 0.220284 0.505123 0.017421 0.007024
0 0.305510 0.562278 0.008577 0.005108
0 0.328019 0.504721 0.003204 0.004966
0 0.288198 0.504658 0.003202 0.004966