0 0.688888 0.783830 0.005569 0.004218
0 0.694464 0.712913 0.005664 0.004235
0 0.736089 0.783802 0.005569 0.004218
0 0.634161 0.622724 0.008366 0.004178
0 0.633000 0.775987 0.006637 0.004184
0 0.731506 0.709152 0.007086 0.004095
0 0.577148 0.715463 0.005664 0.004184
0 0.631643 0.713843 0.013421 0.004317
0 0.314635 0.775570 0.005603 0.004272
0 0.193344 0.677810 0.012116 0.004238
0 0.261745 0.764618 0.006690 0.004203
0 0.188546 0.805506 0.011930 0.004320
0 0.205318 0.752486 0.006881 0.004095
0 0.261862 0.704336 0.013331 0.004346
0 0.217100 0.805235 0.008404 0.004195
0 0.301018 0.656536 0.008515 0.004192
0 0.219605 0.649970 0.011832 0.004209
0 0.318514 0.702679 0.005640 0.004218
0 0.213342 0.696435 0.005640 0.004178
0 0.356646 0.695940 0.007099 0.004124
0 0.356563 0.775561 0.005561 0.004272
0 0.580018 0.822486 0.008442 0.004221
0 0.581759 0.663906 0.011880 0.004209
0 0.553336 0.822425 0.011930 0.004218
0 0.555794 0.678799 0.011979 0.004192
0 0.569569 0.772384 0.006774 0.004050
0 0.254435 0.142465 0.008539 0.004195
0 0.189207 0.148971 0.008408 0.004195
0 0.354773 0.196087 0.007068 0.004064
0 0.192432 0.179826 0.012122 0.004172
0 0.211543 0.196607 0.005654 0.004232
0 0.217773 0.150094 0.011898 0.004206
0 0.259943 0.264725 0.006675 0.004206
0 0.316696 0.202821 0.005654 0.004161
0 0.259967 0.204440 0.013244 0.004349
0 0.353601 0.269051 0.005573 0.004218
0 0.203432 0.252632 0.006784 0.004021
0 0.667749 0.255648 0.006641 0.004121
0 0.730933 0.244357 0.006839 0.004007
0 0.742147 0.167874 0.012007 0.004155
0 0.609853 0.263480 0.005545 0.004189
0 0.563139 0.263463 0.005545 0.004121
0 0.588412 0.187961 0.007040 0.003964
0 0.669764 0.181361 0.013250 0.004152
0 0.747413 0.301409 0.011872 0.004175
0 0.716026 0.125970 0.011745 0.004132
0 0.744483 0.125975 0.008447 0.004175
0 0.667660 0.308659 0.008444 0.004175
0 0.672978 0.122834 0.008447 0.004175
0 0.718680 0.190305 0.005630 0.004138
0 0.561792 0.215553 0.005628 0.004141
0 0.311721 0.269038 0.005573 0.004221
0 0.186687 0.305670 0.011840 0.004300
0 0.260017 0.305691 0.008408 0.004195
0 0.289659 0.429390 0.021761 0.008105
0 0.312067 0.429421 0.016728 0.008105
0 0.313418 0.437749 0.004636 0.003842
0 0.663047 0.429453 0.021761 0.008105
0 0.685575 0.429296 0.017082 0.008105
0 0.686161 0.437737 0.004870 0.003693
0 0.676543 0.929032 0.021763 0.008108
0 0.699677 0.937546 0.004717 0.003790
0 0.698827 0.929185 0.016651 0.008105
0 0.303126 0.929211 0.021763 0.008105
0 0.325429 0.929242 0.016520 0.008105
0 0.326700 0.937683 0.004469 0.004087