0 0.327387 0.408401 0.015266 0.007343
0 0.291173 0.610627 0.014845 0.007486
0 0.325644 0.347841 0.020457 0.007671
0 0.733260 0.342855 0.020179 0.007506
0 0.823965 0.404466 0.016366 0.008025
0 0.693311 0.571934 0.011830 0.007084
0 0.724084 0.611294 0.015266 0.007566
0 0.751168 0.572162 0.009301 0.007124
0 0.750044 0.803432 0.033075 0.011933
0 0.293918 0.356971 0.014958 0.007893
0 0.783990 0.802560 0.024639 0.011745
0 0.682509 0.457617 0.022938 0.008221
0 0.807831 0.571779 0.009950 0.006973
0 0.817153 0.493351 0.010151 0.007563
0 0.769712 0.481765 0.010073 0.007674
0 0.746363 0.400784 0.011997 0.007497
0 0.683904 0.369069 0.009815 0.007489
0 0.275397 0.384045 0.022862 0.007235
0 0.271775 0.802762 0.032547 0.011442
0 0.188432 0.407863 0.016280 0.007420
0 0.190764 0.472661 0.009730 0.007232
0 0.198509 0.566327 0.009742 0.007460
0 0.305476 0.803077 0.024829 0.011708
0 0.332415 0.566271 0.009567 0.007349
0 0.265540 0.556192 0.011717 0.007628
0 0.220685 0.483979 0.011947 0.007127
0 0.335743 0.490125 0.010091 0.007081
0 0.332502 0.450410 0.009817 0.007035
0 0.694102 0.327322 0.014786 0.008156