0 0.387653 0.349346 0.021471 0.007384
0 0.489914 0.528367 0.009250 0.006931
0 0.559484 0.539741 0.009099 0.006982
0 0.321582 0.340560 0.013826 0.006996
0 0.516216 0.419600 0.011404 0.006740
0 0.570240 0.466221 0.009389 0.007164
0 0.256799 0.498874 0.014187 0.007210
0 0.317873 0.424972 0.009109 0.007270
0 0.358080 0.625648 0.013842 0.007182
0 0.310044 0.536703 0.009047 0.006834
0 0.398527 0.536851 0.011046 0.006811
0 0.525331 0.603059 0.013826 0.006996
0 0.428349 0.888304 0.038003 0.014443
0 0.466809 0.888262 0.029105 0.014443
0 0.468147 0.906425 0.009867 0.007954