0 0.704437 0.418912 0.005859 0.002791
0 0.414487 0.708632 0.008829 0.006345
0 0.786969 0.478245 0.003822 0.002808
0 0.905838 0.708712 0.008763 0.006380
0 0.718910 0.449503 0.005984 0.002836
0 0.747013 0.401270 0.005914 0.002751
0 0.805004 0.528334 0.004902 0.002831
0 0.934046 0.696585 0.025742 0.010684
0 0.154517 0.308726 0.007955 0.003010
0 0.358683 0.427229 0.004906 0.003022
0 0.652221 0.451632 0.005914 0.002751
0 0.340182 0.460490 0.005873 0.003136
0 0.314342 0.425037 0.005174 0.003027
0 0.285259 0.341066 0.004824 0.003113
0 0.187461 0.328184 0.004933 0.002959
0 0.438253 0.696584 0.020729 0.010818
0 0.682855 0.413414 0.005859 0.002791