0 0.637781 0.336482 0.020766 0.007292
0 0.638553 0.391221 0.020766 0.007129
0 0.276860 0.628837 0.014805 0.007178
0 0.378000 0.477444 0.009788 0.007380
0 0.216501 0.483597 0.009674 0.007315
0 0.285447 0.472433 0.023184 0.007380
0 0.344354 0.466202 0.012118 0.007129
0 0.296247 0.559394 0.011673 0.007380
0 0.271447 0.802952 0.032882 0.011782
0 0.190933 0.416311 0.020705 0.007258
0 0.382572 0.396263 0.016239 0.007520
0 0.189881 0.483399 0.020705 0.007477
0 0.794450 0.570458 0.014809 0.007312
0 0.644025 0.543285 0.014809 0.007312
0 0.677879 0.330403 0.020071 0.007215
0 0.670577 0.386918 0.009800 0.007286
0 0.884571 0.417717 0.009802 0.007286
0 0.365298 0.567363 0.009674 0.007383
0 0.305255 0.802905 0.025020 0.011733
0 0.229758 0.406116 0.009674 0.007380
0 0.818563 0.329862 0.021040 0.007318
0 0.760887 0.802858 0.032717 0.011936
0 0.794729 0.803107 0.024911 0.011944
0 0.210171 0.567013 0.009674 0.007383
0 0.812737 0.408131 0.015079 0.007255
0 0.750459 0.374515 0.023293 0.007343
0 0.186487 0.337369 0.020270 0.007138
0 0.239859 0.335506 0.014805 0.007175
0 0.305910 0.330534 0.014807 0.007175
0 0.857205 0.365054 0.012173 0.007098
0 0.749804 0.497697 0.011667 0.007480
0 0.627005 0.575515 0.020109 0.007209
0 0.766559 0.633016 0.015121 0.007263
0 0.819884 0.517258 0.009688 0.007229
0 0.657134 0.482922 0.009686 0.007229
0 0.871321 0.517138 0.009688 0.007229