0 0.649151 0.432662 0.007644 0.006978
0 0.531737 0.420556 0.007202 0.006762
0 0.566624 0.420469 0.007200 0.006440
0 0.556376 0.486551 0.007668 0.006260
0 0.577901 0.482131 0.011205 0.007101
0 0.639357 0.384565 0.011308 0.006360
0 0.610571 0.386049 0.017478 0.006978
0 0.637221 0.501586 0.007924 0.006918
0 0.668961 0.488235 0.011093 0.006528
0 0.701679 0.515532 0.025063 0.006679
0 0.669602 0.380530 0.015644 0.006442
0 0.600488 0.487828 0.007732 0.006613
0 0.526290 0.461558 0.007730 0.006611
0 0.225724 0.107181 0.036035 0.022127