0 0.135302 0.181650 0.007131 0.003465
0 0.785274 0.388782 0.009653 0.003326
0 0.637644 0.167327 0.009545 0.003363
0 0.567844 0.246964 0.005545 0.003280
0 0.288241 0.814551 0.005614 0.003329
0 0.303017 0.761659 0.005442 0.003283
0 0.308270 0.641126 0.009569 0.003357
0 0.275434 0.714392 0.005352 0.003374
0 0.231659 0.724171 0.010548 0.003320
0 0.773373 0.677927 0.009567 0.003428
0 0.621652 0.617821 0.009627 0.003178
0 0.230049 0.798032 0.005446 0.003280
0 0.773353 0.710500 0.009801 0.003428
0 0.755730 0.740318 0.005497 0.003343
0 0.755733 0.765217 0.005523 0.003463
0 0.750247 0.818458 0.006962 0.003357
0 0.695372 0.774704 0.005505 0.003292
0 0.165098 0.797952 0.005348 0.003309
0 0.627119 0.738302 0.005569 0.003317
0 0.647961 0.690977 0.005400 0.003329
0 0.634999 0.791282 0.005533 0.003414
0 0.581682 0.791271 0.005364 0.003431
0 0.585720 0.703539 0.005440 0.003209
0 0.542864 0.686650 0.007953 0.003502
0 0.764103 0.609597 0.009412 0.003252
0 0.175255 0.841738 0.006790 0.003420
0 0.694081 0.700788 0.010584 0.003371
0 0.167574 0.763619 0.005335 0.003243
0 0.152075 0.733934 0.009607 0.003252
0 0.152063 0.701445 0.009506 0.003363
0 0.161469 0.632774 0.009377 0.003326
0 0.345773 0.722086 0.005569 0.003368
0 0.343349 0.814563 0.005384 0.003460
0 0.569374 0.321810 0.005329 0.003403
0 0.796120 0.297307 0.006962 0.003414
0 0.683420 0.362927 0.006849 0.003311
0 0.624962 0.321797 0.005664 0.003371
0 0.683893 0.315868 0.005372 0.003254
0 0.682056 0.207277 0.006962 0.003240
0 0.309199 0.258384 0.005261 0.003317
0 0.289606 0.232770 0.008727 0.003363
0 0.288849 0.196988 0.006859 0.003283
0 0.242730 0.225244 0.010615 0.003283
0 0.232653 0.168624 0.006877 0.003283
0 0.239755 0.290272 0.005700 0.003474
0 0.239034 0.341925 0.006982 0.003571
0 0.158263 0.263733 0.009623 0.003460
0 0.177327 0.263759 0.005321 0.003283
0 0.189310 0.143545 0.009581 0.003101
0 0.161787 0.206882 0.009623 0.003403
0 0.372409 0.164664 0.008021 0.003520
0 0.144247 0.370734 0.009543 0.003309
0 0.347017 0.226529 0.005732 0.003294
0 0.345115 0.301327 0.005358 0.003445
0 0.297947 0.301357 0.005460 0.003465
0 0.174716 0.290296 0.005495 0.003363
0 0.650674 0.254362 0.008690 0.003309
0 0.398554 0.091016 0.005753 0.002978
0 0.580639 0.116026 0.005755 0.002978
0 0.404564 0.636151 0.005755 0.002978
0 0.510634 0.642370 0.005753 0.002978
0 0.255646 0.442375 0.024538 0.008341
0 0.281222 0.442464 0.019099 0.008341
0 0.800632 0.442485 0.024540 0.008344
0 0.825932 0.442569 0.019222 0.008341
0 0.658203 0.942424 0.024538 0.008341
0 0.683798 0.942424 0.019105 0.008341
0 0.285196 0.942223 0.024538 0.008344
0 0.310780 0.942432 0.018980 0.008341
0 0.696614 0.257773 0.010600 0.003320
0 0.759139 0.278736 0.005337 0.003354
0 0.751324 0.311929 0.005384 0.003363
0 0.555614 0.165413 0.008140 0.003371
0 0.379460 0.685584 0.008096 0.003309