0 0.381156 0.907879 0.027126 0.013324
0 0.344327 0.907779 0.035769 0.013523
0 0.585436 0.377397 0.022193 0.009852
0 0.446756 0.687680 0.015725 0.009857
0 0.340483 0.395658 0.009738 0.009515
0 0.214464 0.596152 0.009738 0.009515
0 0.195860 0.478241 0.011615 0.009316
0 0.255637 0.434641 0.013032 0.008615
0 0.423936 0.567724 0.010911 0.008367
0 0.564659 0.568136 0.009738 0.009515
0 0.303000 0.596830 0.009738 0.009515
0 0.530627 0.428042 0.011615 0.009316
0 0.506290 0.315334 0.015725 0.009857
0 0.334519 0.332164 0.015723 0.009857
0 0.392019 0.921817 0.008585 0.006651
0 0.425971 0.376693 0.023124 0.009857
0 0.603316 0.677654 0.019734 0.009743
0 0.787574 0.813576 0.028234 0.007905
0 0.819037 0.813300 0.028234 0.007905
0 0.777936 0.826318 0.009055 0.007226
0 0.816150 0.827068 0.009063 0.007779