0 0.700094 0.475688 0.011523 0.005322
0 0.727526 0.466365 0.011441 0.005342
0 0.763705 0.475872 0.007632 0.005365
0 0.814501 0.475918 0.007387 0.005479
0 0.717134 0.417778 0.007550 0.005294
0 0.910674 0.703049 0.044503 0.012825
0 0.286621 0.481109 0.011549 0.005439
0 0.234225 0.480897 0.011509 0.005465
0 0.324716 0.426458 0.007582 0.005305
0 0.412772 0.716706 0.010125 0.007084
0 0.242865 0.540547 0.007951 0.005445
0 0.318342 0.540604 0.015599 0.005576
0 0.314189 0.480901 0.011638 0.005217
0 0.892520 0.716854 0.010097 0.007403
0 0.711370 0.544396 0.015531 0.005382
0 0.753464 0.544391 0.007637 0.005225
0 0.440425 0.703149 0.044795 0.012306
0 0.786181 0.544467 0.011523 0.005325
0 0.815390 0.544654 0.007866 0.005168