0 0.703853 0.862108 0.006807 0.003349
0 0.730939 0.867239 0.009704 0.003321
0 0.714962 0.803194 0.005477 0.003213
0 0.726831 0.729072 0.009458 0.003384
0 0.279858 0.800527 0.005356 0.003312
0 0.355420 0.842017 0.009430 0.003310
0 0.324521 0.676032 0.004572 0.003307
0 0.265468 0.614912 0.004622 0.003267
0 0.265461 0.673747 0.004685 0.003310
0 0.351489 0.707125 0.009452 0.003298
0 0.327836 0.726541 0.004558 0.003213
0 0.240844 0.734721 0.010701 0.003341
0 0.229833 0.770111 0.006773 0.003312
0 0.327061 0.628595 0.005644 0.003278
0 0.339506 0.788689 0.005459 0.003198
0 0.356033 0.075383 0.013671 0.002785
0 0.329119 0.841740 0.006793 0.003327
0 0.638227 0.588512 0.004574 0.003318
0 0.752743 0.191874 0.005531 0.003241
0 0.719399 0.183505 0.004560 0.003213
0 0.797208 0.194627 0.013727 0.002771
0 0.746356 0.137972 0.006870 0.003338
0 0.327084 0.128649 0.005638 0.003227
0 0.231698 0.311720 0.009613 0.003498
0 0.324516 0.176089 0.004481 0.003290
0 0.722619 0.130084 0.009597 0.003481
0 0.571667 0.298780 0.009369 0.003255
0 0.327843 0.226581 0.004564 0.003275
0 0.355461 0.342038 0.009389 0.003352
0 0.272281 0.114917 0.004598 0.003352
0 0.637424 0.127440 0.006942 0.003341
0 0.297763 0.341782 0.006894 0.003324
0 0.591588 0.242794 0.005487 0.003227
0 0.655990 0.262742 0.005348 0.003381
0 0.711087 0.264732 0.004642 0.003324
0 0.756431 0.264591 0.004650 0.003327
0 0.680869 0.307265 0.006809 0.003367
0 0.604834 0.177962 0.004564 0.003210
0 0.650602 0.179155 0.010677 0.003327
0 0.351526 0.207141 0.009538 0.003352
0 0.339557 0.288726 0.005479 0.003181
0 0.230432 0.811792 0.009794 0.003327
0 0.637815 0.652192 0.004612 0.003352
0 0.279887 0.295453 0.005358 0.003341
0 0.638624 0.697654 0.006972 0.003284
0 0.700026 0.625550 0.005580 0.003227
0 0.695137 0.672668 0.004562 0.003347
0 0.701453 0.737684 0.004572 0.003213
0 0.579839 0.167670 0.009506 0.003384
0 0.632838 0.751388 0.010687 0.003381
0 0.598948 0.793456 0.006809 0.003355
0 0.650878 0.810811 0.005340 0.003355
0 0.272289 0.173774 0.004554 0.003312
0 0.227013 0.243854 0.006926 0.003324
0 0.603870 0.829863 0.009365 0.003312
0 0.677644 0.942912 0.016009 0.006708
0 0.304437 0.936709 0.016009 0.006708
0 0.304775 0.436638 0.016009 0.006708
0 0.677562 0.436447 0.016011 0.006708
0 0.657052 0.436539 0.020587 0.007081
0 0.656937 0.942722 0.020587 0.007081
0 0.284226 0.936565 0.020587 0.007081
0 0.284266 0.436318 0.020587 0.007078
0 0.274435 0.234962 0.010978 0.003851
0 0.483961 0.227306 0.020629 0.005821
0 0.526781 0.121643 0.020629 0.005824
0 0.352601 0.575383 0.006912 0.002757
0 0.727058 0.574256 0.006557 0.002794