0 0.202845 0.596438 0.015152 0.011257
0 0.288916 0.629518 0.014493 0.011180
0 0.326757 0.415351 0.014493 0.011180
0 0.403512 0.263281 0.023558 0.011403
0 0.440655 0.370855 0.039988 0.011271
0 0.310076 0.748238 0.023558 0.011403
0 0.613387 0.348679 0.030278 0.011422
0 0.530019 0.443501 0.018115 0.010559
0 0.585671 0.494719 0.015152 0.011257
0 0.572851 0.629270 0.014495 0.011180
0 0.438925 0.629615 0.017293 0.011026
0 0.244121 0.747376 0.031951 0.010807
0 0.240423 0.523871 0.031304 0.011670