0 0.706281 0.467626 0.009226 0.006720
0 0.845154 0.365540 0.009780 0.006412
0 0.793492 0.363260 0.020218 0.006623
0 0.789624 0.539087 0.023190 0.006780
0 0.790849 0.476730 0.019708 0.006620
0 0.876137 0.540925 0.009398 0.006831
0 0.876376 0.450986 0.015013 0.006828
0 0.645819 0.532622 0.009095 0.006737
0 0.792573 0.338961 0.020177 0.006432
0 0.748023 0.467447 0.009905 0.006349
0 0.700727 0.563981 0.009095 0.006771
0 0.891502 0.336743 0.019934 0.006794
0 0.891423 0.385879 0.014068 0.006737
0 0.176143 0.532622 0.009095 0.006737
0 0.231052 0.563981 0.009095 0.006771
0 0.421747 0.385879 0.014068 0.006737
0 0.421827 0.336743 0.019934 0.006794
0 0.375479 0.365540 0.009780 0.006412
0 0.323816 0.363260 0.020218 0.006623
0 0.322897 0.338961 0.020177 0.006432
0 0.406459 0.474084 0.009400 0.006828
0 0.407284 0.564007 0.014902 0.006828
0 0.319949 0.539087 0.023190 0.006780
0 0.330860 0.476730 0.019565 0.006620
0 0.278348 0.467447 0.009905 0.006349
0 0.236606 0.467626 0.009226 0.006720
0 0.792078 0.719018 0.007369 0.005794
0 0.766786 0.707457 0.030046 0.010735
0 0.798536 0.707821 0.023117 0.010735
0 0.297058 0.707491 0.030046 0.010735
0 0.328821 0.707777 0.023119 0.010738
0 0.322442 0.719065 0.007367 0.005797