0 0.632094 0.579890 0.019289 0.009020
0 0.547917 0.639137 0.019291 0.009023
0 0.407598 0.689779 0.019291 0.009020
0 0.558640 0.464605 0.012505 0.009017
0 0.304827 0.595912 0.011749 0.008689
0 0.377399 0.595841 0.011755 0.008621
0 0.467540 0.595740 0.014427 0.008350
0 0.573040 0.552875 0.014588 0.008686
0 0.475091 0.451710 0.028682 0.008692
0 0.403860 0.453135 0.032539 0.008635
0 0.289432 0.519236 0.025690 0.008663
0 0.616260 0.448843 0.025670 0.008715
0 0.286037 0.465249 0.015196 0.009040
0 0.243866 0.434295 0.027147 0.009182
0 0.299531 0.412660 0.019291 0.009020
0 0.598636 0.639413 0.025573 0.009125
0 0.358434 0.464523 0.012295 0.009017
0 0.472814 0.371673 0.019289 0.009023
0 0.672395 0.513378 0.019289 0.009020
0 0.461390 0.898621 0.040733 0.015070
0 0.503032 0.898886 0.031695 0.014255