0 0.709625 0.552546 0.007169 0.005131
0 0.709645 0.452600 0.007169 0.005131
0 0.932222 0.690550 0.025340 0.010559
0 0.244848 0.514131 0.009458 0.004977
0 0.429447 0.690566 0.025342 0.010767
0 0.794370 0.439460 0.011666 0.005088
0 0.687353 0.511913 0.011269 0.005131
0 0.796236 0.514625 0.007169 0.005134
0 0.259611 0.574190 0.011263 0.005610
0 0.189146 0.592667 0.009418 0.005613
0 0.402380 0.702586 0.009103 0.007030
0 0.902238 0.702953 0.009105 0.007030
0 0.289185 0.475040 0.009440 0.004977
0 0.212697 0.474964 0.011693 0.005516