0 0.523020 0.294926 0.019162 0.015279
0 0.458362 0.315550 0.043502 0.016562
0 0.379170 0.381199 0.018771 0.015026
0 0.657461 0.469172 0.019754 0.015419
0 0.657009 0.452452 0.018684 0.016021
0 0.354995 0.606184 0.018771 0.015898
0 0.430318 0.605259 0.018771 0.015895
0 0.660357 0.593026 0.018771 0.015898
0 0.684723 0.335620 0.018771 0.015898
0 0.678456 0.262211 0.028368 0.016097
0 0.590607 0.299048 0.028368 0.016095
0 0.523563 0.278213 0.019526 0.015981
0 0.530668 0.709541 0.028368 0.016095
0 0.534110 0.573032 0.018662 0.015225
0 0.594564 0.383727 0.018771 0.015898
0 0.312405 0.814709 0.016992 0.015080
0 0.368045 0.815194 0.016992 0.015080
0 0.418404 0.815194 0.016994 0.015080
0 0.478960 0.815857 0.025960 0.015094
0 0.533411 0.815517 0.018086 0.014860
0 0.593577 0.814976 0.025958 0.015094
0 0.651969 0.814756 0.025960 0.015094