0 0.399809 0.611485 0.021378 0.006897
0 0.521765 0.596297 0.011195 0.006666
0 0.265790 0.769309 0.019015 0.006609
0 0.312393 0.601761 0.009025 0.006851
0 0.568547 0.605124 0.009148 0.006737
0 0.479365 0.709058 0.009099 0.007019
0 0.293718 0.683132 0.009099 0.006891
0 0.594620 0.508763 0.017731 0.007039
0 0.368870 0.517360 0.013572 0.006808
0 0.392688 0.683203 0.010635 0.006760
0 0.550797 0.709010 0.009105 0.007002
0 0.449109 0.772578 0.013572 0.006808
0 0.319579 0.769384 0.013572 0.006805
0 0.641248 0.390684 0.010669 0.005905
0 0.693083 0.901949 0.030345 0.014169
0 0.723857 0.901949 0.022998 0.013634
0 0.741415 0.915446 0.007538 0.007153