0 0.361419 0.641082 0.019222 0.009609
0 0.384821 0.815000 0.050476 0.018803
0 0.435446 0.814999 0.038480 0.018800
0 0.369076 0.438662 0.012975 0.009307
0 0.454118 0.552757 0.015573 0.009800
0 0.331120 0.550882 0.015555 0.009102
0 0.599590 0.505787 0.012878 0.010741
0 0.475836 0.431642 0.029559 0.010148
0 0.562886 0.358381 0.013523 0.010621
0 0.626860 0.346861 0.012518 0.010621
0 0.661030 0.435254 0.013138 0.010336
0 0.304263 0.646850 0.026870 0.009664
0 0.305793 0.438677 0.026265 0.010268
0 0.549523 0.570532 0.019313 0.009860