0 0.293242 0.554507 0.009567 0.008871
0 0.297477 0.294779 0.011872 0.007005
0 0.430157 0.436362 0.009567 0.009020
0 0.513601 0.486928 0.009567 0.008601
0 0.363119 0.520963 0.009986 0.008612
0 0.457705 0.709125 0.022450 0.009125
0 0.435485 0.499547 0.020290 0.008988
0 0.359300 0.298346 0.017262 0.008638
0 0.516146 0.648242 0.010060 0.009125
0 0.391624 0.647999 0.009567 0.008601
0 0.576877 0.500772 0.014507 0.009125
0 0.309893 0.647605 0.009567 0.008598
0 0.578399 0.801516 0.014509 0.009125
0 0.576913 0.438669 0.020117 0.008675
0 0.860669 0.073076 0.020028 0.008820
0 0.755190 0.869503 0.072267 0.018453