0 0.173345 0.500264 0.004513 0.003754
0 0.313158 0.387329 0.004237 0.002999
0 0.446630 0.741913 0.016847 0.008997
0 0.191777 0.447262 0.006818 0.003760
0 0.106560 0.504716 0.007296 0.003766
0 0.217249 0.577319 0.005285 0.003823
0 0.694742 0.467251 0.005821 0.003988
0 0.222737 0.477383 0.005523 0.003666
0 0.227617 0.427677 0.005777 0.003820
0 0.297776 0.625401 0.006935 0.003663
0 0.142738 0.593040 0.004316 0.003674
0 0.294307 0.577346 0.004390 0.003763
0 0.922968 0.741770 0.022700 0.008997
0 0.945580 0.741893 0.016996 0.009401
0 0.423990 0.741983 0.022519 0.009062
0 0.318012 0.387319 0.004455 0.002745
0 0.114708 0.504622 0.006933 0.003412
0 0.110395 0.480877 0.002627 0.003885
0 0.316884 0.406548 0.009794 0.004025
0 0.806562 0.461639 0.007062 0.003848
0 0.308261 0.480328 0.004517 0.003649
0 0.464518 0.751628 0.005454 0.004590
0 0.141841 0.527692 0.005591 0.003766
0 0.903388 0.741900 0.011483 0.009125
0 0.964378 0.751636 0.005650 0.004863
0 0.277149 0.476648 0.004308 0.003746