0 0.383178 0.453888 0.012323 0.004470
0 0.355816 0.550228 0.018273 0.004743
0 0.381546 0.474206 0.008759 0.004638
0 0.821549 0.584652 0.005759 0.004515
0 0.932556 0.691337 0.025196 0.010325
0 0.602353 0.545939 0.008692 0.004615
0 0.902203 0.703354 0.008586 0.006086
0 0.611902 0.623445 0.012073 0.004632
0 0.382942 0.510721 0.005585 0.004567
0 0.665021 0.669159 0.005759 0.004515
0 0.799806 0.619927 0.005684 0.004513
0 0.879247 0.434109 0.005430 0.004501
0 0.882466 0.454678 0.012214 0.004339
0 0.880810 0.474999 0.008708 0.004501
0 0.882182 0.511514 0.005468 0.004709
0 0.881984 0.531022 0.008602 0.004507
0 0.609272 0.510001 0.005434 0.004655
0 0.881491 0.578015 0.012073 0.004632
0 0.612587 0.590810 0.005884 0.004555
0 0.258266 0.635413 0.018273 0.004743
0 0.383074 0.604538 0.005765 0.004470
0 0.112626 0.622767 0.012100 0.004473
0 0.382778 0.530200 0.008670 0.004635
0 0.382167 0.577186 0.012100 0.004475
0 0.109947 0.509086 0.005374 0.004609
0 0.322351 0.583845 0.005799 0.004635
0 0.105576 0.548040 0.008759 0.004638
0 0.113314 0.589964 0.005853 0.004820
0 0.432245 0.691298 0.025130 0.010197
0 0.402333 0.703412 0.008688 0.006049
0 0.379986 0.433327 0.005372 0.004612
0 0.167541 0.668300 0.005801 0.004632