0 0.185431 0.478441 0.007042 0.004014
0 0.279214 0.530975 0.003772 0.002976
0 0.298216 0.561980 0.004503 0.003817
0 0.402344 0.708573 0.008529 0.006018
0 0.432347 0.696566 0.025368 0.010174
0 0.292849 0.465811 0.006887 0.004113
0 0.243191 0.492729 0.006796 0.003931
0 0.302625 0.519712 0.007012 0.003883
0 0.746576 0.502702 0.018817 0.004464
0 0.767519 0.413483 0.014376 0.003261
0 0.761243 0.502577 0.006049 0.004304
0 0.902213 0.708625 0.008561 0.006058
0 0.940551 0.696628 0.020349 0.010342
0 0.906434 0.696739 0.012960 0.010787
0 0.268501 0.596247 0.002889 0.003977
0 0.227323 0.575167 0.007292 0.003840
0 0.199087 0.600921 0.011130 0.004065
0 0.201308 0.558456 0.011227 0.003914
0 0.178058 0.560316 0.004505 0.003820
0 0.184058 0.528448 0.011453 0.003937