0 0.786692 0.583549 0.004296 0.003843
0 0.636302 0.597913 0.004298 0.003843
0 0.768488 0.444833 0.007046 0.003794
0 0.788463 0.642436 0.007048 0.003794
0 0.669457 0.487580 0.005833 0.003957
0 0.946041 0.741827 0.016889 0.009179
0 0.716533 0.481341 0.005753 0.003777
0 0.923551 0.741770 0.022734 0.009179
0 0.708026 0.598030 0.005342 0.003843
0 0.624446 0.491407 0.007244 0.003874
0 0.806026 0.495281 0.004584 0.003874
0 0.627380 0.541603 0.004584 0.003874
0 0.716450 0.445436 0.005755 0.003780
0 0.964510 0.751615 0.005732 0.004826
0 0.464528 0.751636 0.005472 0.004464
0 0.403763 0.741943 0.011294 0.009005
0 0.423348 0.741747 0.022476 0.008808
0 0.445976 0.741943 0.016700 0.008908
0 0.774576 0.493529 0.004429 0.003843
0 0.632474 0.491348 0.006702 0.003791
0 0.814978 0.446951 0.008481 0.003692